-23.97,7,-26,-6
-23.97,7,-26,-6
-18.33,5,-34,-4
-21.15,6,-30,-5
-23.97,7,-26,-6
-19.74,5,-32,-4
-19.74,5,-32,-4
-23.97,7,-26,-6
-19.74,5,-32,-4
-19.74,5,-32,-4
-31.02,10,-16,-9
-31.02,10,-16,-9
-30.315,11,-17,-10
-30.315,9,-17,-8
-31.02,10,-16,-9
-31.02,10,-16,-9
-31.02,10,-16,-9
-31.02,10,-16,-9
-30.315,11,-17,-10
-31.02,10,-16,-9
-23.97,7,-26,-6
-23.97,7,-26,-6
-18.33,5,-34,-4
-21.15,6,-30,-5
-23.97,7,-26,-6
-19.74,5,-32,-4
-19.74,5,-32,-4
-23.97,7,-26,-6
-19.74,5,-32,-4
-19.74,5,-32,-4
-23.97,7,-26,-6
-23.97,7,-26,-6
-18.33,5,-34,-4
-21.15,6,-30,-5
-23.97,7,-26,-6
-19.74,5,-32,-4
-19.74,5,-32,-4
-23.97,7,-26,-6
-19.74,5,-32,-4
-19.74,5,-32,-4
-36.66,18,-8,-17
-35.955,17,-9,-16
-35.955,17,-9,-16
-36.66,18,-8,-17
-36.66,18,-8,-17
-35.955,17,-9,-16
-36.66,18,-8,-17
-36.66,18,-8,-17
-36.66,18,-8,-17
-35.955,17,-9,-16
-31.02,10,-16,-9
-31.02,10,-16,-9
-30.315,11,-17,-10
-30.315,9,-17,-8
-31.02,10,-16,-9
-31.02,10,-16,-9
-31.02,10,-16,-9
-31.02,10,-16,-9
-30.315,11,-17,-10
-31.02,10,-16,-9
-25.38,8,-24,-7
-22.56,8,-28,-7
-25.38,8,-24,-7
-21.15,8,-30,-7
-25.38,8,-24,-7
-25.38,8,-24,-7
-21.15,8,-30,-7
-25.38,8,-24,-7
-25.38,8,-24,-7
-25.38,8,-24,-7
-32.43,12,-14,-11
-33.84,13,-12,-12
-32.43,12,-14,-11
-32.43,12,-14,-11
-32.43,12,-14,-11
-32.43,12,-14,-11
-32.43,12,-14,-11
-32.43,12,-14,-11
-32.43,12,-14,-11
-32.43,12,-14,-11
-21.855,7,-29,-6
-21.855,7,-29,-6
-21.855,7,-29,-6
-21.855,7,-29,-6
-21.855,7,-29,-6
-21.855,7,-29,-6
-21.855,7,-29,-6
-21.855,7,-29,-6
-21.855,7,-29,-6
-21.855,7,-29,-6
-22.56,8,-28,-7
-22.56,8,-28,-7
-22.56,8,-28,-7
-22.56,8,-28,-7
-22.56,8,-28,-7
-22.56,8,-28,-7
-22.56,8,-28,-7
-22.56,8,-28,-7
-22.56,8,-28,-7
-22.56,8,-28,-7
-22.56,6,-28,-5
-21.15,5,-30,-4
-22.56,6,-28,-5
-22.56,6,-28,-5
-22.56,6,-28,-5
-22.56,6,-28,-5
-22.56,6,-28,-5
-22.56,6,-28,-5
-22.56,6,-28,-5
-22.56,6,-28,-5
-25.38,8,-24,-7
-23.265,7,-27,-6
-25.38,8,-24,-7
-25.38,8,-24,-7
-25.38,8,-24,-7
-25.38,8,-24,-7
-25.38,8,-24,-7
-25.38,8,-24,-7
-25.38,8,-24,-7
-25.38,8,-24,-7
-22.56,6,-28,-5
-22.56,6,-28,-5
-18.33,5,-34,-4
-22.56,6,-28,-5
-19.74,5,-32,-4
-22.56,6,-28,-5
-19.74,5,-32,-4
-22.56,6,-28,-5
-22.56,6,-28,-5
-22.56,6,-28,-5
-29.61,10,-18,-9
-28.905,9,-19,-8
-31.02,10,-16,-9
-28.905,9,-19,-8
-28.905,9,-19,-8
-31.02,10,-16,-9
-28.905,9,-19,-8
-29.61,10,-18,-9
-28.905,9,-19,-8
-29.61,10,-18,-9
-25.38,7,-24,-6
-25.38,7,-24,-6
-25.38,7,-24,-6
-25.38,7,-24,-6
-25.38,7,-24,-6
-26.79,8,-22,-7
-25.38,7,-24,-6
-25.38,7,-24,-6
-25.38,7,-24,-6
-25.38,7,-24,-6
-28.2,7,-20,-6
-29.61,7,-18,-6
-28.2,7,-20,-6
-28.2,7,-20,-6
-28.2,7,-20,-6
-28.2,7,-20,-6
-29.61,7,-18,-6
-28.2,7,-20,-6
-28.2,7,-20,-6
-28.2,7,-20,-6
-25.38,6,-24,-5
-26.79,8,-22,-7
-25.38,6,-24,-5
-25.38,6,-24,-5
-25.38,6,-24,-5
-26.79,8,-22,-7
-25.38,6,-24,-5
-25.38,6,-24,-5
-25.38,6,-24,-5
-25.38,6,-24,-5
-19.74,6,-32,-5
-21.15,5,-30,-4
-16.92,5,-36,-4
-18.33,5,-34,-4
-18.33,5,-34,-4
-15.51,5,-38,-4
-19.74,5,-32,-4
-18.33,5,-34,-4
-18.33,5,-34,-4
-16.92,5,-36,-4
-29.61,11,-18,-10
-29.61,11,-18,-10
-29.61,11,-18,-10
-29.61,11,-18,-10
-29.61,11,-18,-10
-29.61,11,-18,-10
-29.61,11,-18,-10
-29.61,11,-18,-10
-29.61,11,-18,-10
-29.61,11,-18,-10
-18.33,5,-34,-4
-16.92,5,-36,-4
-16.92,4,-36,-3
-21.15,5,-30,-4
-21.15,5,-30,-4
-21.15,5,-30,-4
-21.15,5,-30,-4
-21.15,5,-30,-4
-16.92,4,-36,-3
-21.15,5,-30,-4
-25.38,7,-24,-6
-25.38,7,-24,-6
-25.38,7,-24,-6
-25.38,7,-24,-6
-25.38,7,-24,-6
-26.79,8,-22,-7
-25.38,7,-24,-6
-25.38,7,-24,-6
-25.38,7,-24,-6
-25.38,7,-24,-6
-28.2,7,-20,-6
-29.61,7,-18,-6
-28.2,7,-20,-6
-28.2,7,-20,-6
-28.2,7,-20,-6
-28.2,7,-20,-6
-29.61,7,-18,-6
-28.2,7,-20,-6
-28.2,7,-20,-6
-28.2,7,-20,-6
-25.38,6,-24,-5
-25.38,6,-24,-5
-25.38,6,-24,-5
-26.79,7,-22,-6
-25.38,6,-24,-5
-25.38,6,-24,-5
-25.38,6,-24,-5
-25.38,6,-24,-5
-26.79,7,-22,-6
-26.79,7,-22,-6
-25.38,7,-24,-6
-25.38,7,-24,-6
-25.38,7,-24,-6
-25.38,7,-24,-6
-25.38,7,-24,-6
-21.15,5,-30,-4
-25.38,7,-24,-6
-25.38,7,-24,-6
-25.38,7,-24,-6
-25.38,7,-24,-6
-29.61,11,-18,-10
-29.61,11,-18,-10
-29.61,11,-18,-10
-29.61,11,-18,-10
-29.61,11,-18,-10
-29.61,11,-18,-10
-29.61,11,-18,-10
-29.61,11,-18,-10
-29.61,11,-18,-10
-29.61,11,-18,-10
-28.2,7,-20,-6
-28.2,7,-20,-6
-25.38,6,-24,-5
-26.79,7,-22,-6
-26.79,7,-22,-6
-28.2,7,-20,-6
-26.79,7,-22,-6
-26.79,7,-22,-6
-25.38,7,-24,-6
-25.38,6,-24,-5
-28.2,7,-20,-6
-28.2,7,-20,-6
-28.2,7,-20,-6
-28.2,7,-20,-6
-29.61,8,-18,-7
-28.2,7,-20,-6
-29.61,8,-18,-7
-29.61,8,-18,-7
-29.61,7,-18,-6
-28.2,7,-20,-6
-18.33,5,-34,-4
-19.74,5,-32,-4
-18.33,5,-34,-4
-19.74,5,-32,-4
-19.74,5,-32,-4
-19.74,5,-32,-4
-18.33,5,-34,-4
-19.74,5,-32,-4
-19.74,5,-32,-4
-16.92,4,-36,-3
-36.66,18,-8,-17
-35.955,17,-9,-16
-35.955,17,-9,-16
-36.66,18,-8,-17
-36.66,18,-8,-17
-35.955,17,-9,-16
-36.66,18,-8,-17
-36.66,18,-8,-17
-36.66,18,-8,-17
-35.955,17,-9,-16
-25.38,7,-24,-6
-25.38,7,-24,-6
-25.38,7,-24,-6
-25.38,7,-24,-6
-25.38,7,-24,-6
-21.15,5,-30,-4
-25.38,7,-24,-6
-25.38,7,-24,-6
-25.38,7,-24,-6
-25.38,7,-24,-6
-21.15,5,-30,-4
-25.38,6,-24,-5
-23.97,6,-26,-5
-25.38,7,-24,-6
-23.97,6,-26,-5
-21.15,5,-30,-4
-22.56,6,-28,-5
-21.15,5,-30,-4
-25.38,7,-24,-6
-21.15,6,-30,-5
-23.97,6,-26,-5
-23.97,6,-26,-5
-23.97,6,-26,-5
-22.56,6,-28,-5
-23.97,6,-26,-5
-23.97,6,-26,-5
-23.97,6,-26,-5
-23.97,6,-26,-5
-23.97,6,-26,-5
-23.97,6,-26,-5
-22.56,6,-28,-5
-22.56,6,-28,-5
-22.56,6,-28,-5
-22.56,6,-28,-5
-22.56,6,-28,-5
-22.56,6,-28,-5
-22.56,6,-28,-5
-22.56,6,-28,-5
-22.56,6,-28,-5
-19.74,5,-32,-4
-29.61,11,-18,-10
-29.61,11,-18,-10
-29.61,11,-18,-10
-29.61,11,-18,-10
-29.61,11,-18,-10
-29.61,11,-18,-10
-29.61,11,-18,-10
-29.61,11,-18,-10
-29.61,11,-18,-10
-29.61,11,-18,-10
-36.66,18,-8,-17
-35.955,17,-9,-16
-35.955,17,-9,-16
-36.66,18,-8,-17
-36.66,18,-8,-17
-35.955,17,-9,-16
-36.66,18,-8,-17
-36.66,18,-8,-17
-36.66,18,-8,-17
-35.955,17,-9,-16
-25.38,6,-24,-5
-25.38,6,-24,-5
-25.38,6,-24,-5
-26.79,7,-22,-6
-25.38,6,-24,-5
-25.38,6,-24,-5
-25.38,6,-24,-5
-25.38,6,-24,-5
-26.79,7,-22,-6
-26.79,7,-22,-6
-25.38,8,-24,-7
-22.56,8,-28,-7
-25.38,8,-24,-7
-21.15,8,-30,-7
-25.38,8,-24,-7
-25.38,8,-24,-7
-21.15,8,-30,-7
-25.38,8,-24,-7
-25.38,8,-24,-7
-25.38,8,-24,-7
-28.2,7,-20,-6
-28.2,7,-20,-6
-25.38,6,-24,-5
-26.79,7,-22,-6
-26.79,7,-22,-6
-28.2,7,-20,-6
-26.79,7,-22,-6
-26.79,7,-22,-6
-25.38,7,-24,-6
-25.38,6,-24,-5
-25.38,8,-24,-7
-23.265,7,-27,-6
-25.38,8,-24,-7
-25.38,8,-24,-7
-25.38,8,-24,-7
-25.38,8,-24,-7
-25.38,8,-24,-7
-25.38,8,-24,-7
-25.38,8,-24,-7
-25.38,8,-24,-7
-18.33,5,-34,-4
-19.74,5,-32,-4
-18.33,5,-34,-4
-19.74,5,-32,-4
-19.74,5,-32,-4
-19.74,5,-32,-4
-18.33,5,-34,-4
-19.74,5,-32,-4
-19.74,5,-32,-4
-16.92,4,-36,-3
-21.15,5,-30,-4
-21.15,5,-30,-4
-21.15,5,-30,-4
-21.15,5,-30,-4
-21.15,5,-30,-4
-19.74,5,-32,-4
-21.15,5,-30,-4
-19.74,5,-32,-4
-21.15,5,-30,-4
-21.15,5,-30,-4
-26.79,7,-22,-6
-26.79,7,-22,-6
-26.79,7,-22,-6
-26.79,7,-22,-6
-26.79,7,-22,-6
-26.79,7,-22,-6
-26.79,7,-22,-6
-26.79,7,-22,-6
-26.79,7,-22,-6
-26.79,7,-22,-6
-21.855,7,-29,-6
-21.855,7,-29,-6
-21.855,7,-29,-6
-21.855,7,-29,-6
-21.855,7,-29,-6
-21.855,7,-29,-6
-21.855,7,-29,-6
-21.855,7,-29,-6
-21.855,7,-29,-6
-21.855,7,-29,-6
-32.43,12,-14,-11
-33.84,13,-12,-12
-32.43,12,-14,-11
-32.43,12,-14,-11
-32.43,12,-14,-11
-32.43,12,-14,-11
-32.43,12,-14,-11
-32.43,12,-14,-11
-32.43,12,-14,-11
-32.43,12,-14,-11
-25.38,6,-24,-5
-26.79,8,-22,-7
-25.38,6,-24,-5
-25.38,6,-24,-5
-25.38,6,-24,-5
-26.79,8,-22,-7
-25.38,6,-24,-5
-25.38,6,-24,-5
-25.38,6,-24,-5
-25.38,6,-24,-5
-29.61,11,-18,-10
-29.61,11,-18,-10
-29.61,11,-18,-10
-29.61,11,-18,-10
-29.61,11,-18,-10
-29.61,11,-18,-10
-29.61,11,-18,-10
-29.61,11,-18,-10
-29.61,11,-18,-10
-29.61,11,-18,-10
-29.61,10,-18,-9
-28.905,9,-19,-8
-31.02,10,-16,-9
-28.905,9,-19,-8
-28.905,9,-19,-8
-31.02,10,-16,-9
-28.905,9,-19,-8
-29.61,10,-18,-9
-28.905,9,-19,-8
-29.61,10,-18,-9
-22.56,8,-28,-7
-22.56,8,-28,-7
-22.56,8,-28,-7
-22.56,8,-28,-7
-22.56,8,-28,-7
-22.56,8,-28,-7
-22.56,8,-28,-7
-22.56,8,-28,-7
-22.56,8,-28,-7
-22.56,8,-28,-7
-33.84,12,-12,-11
-33.84,12,-12,-11
-33.84,12,-12,-11
-33.84,12,-12,-11
-32.43,12,-14,-11
-33.84,12,-12,-11
-33.84,12,-12,-11
-33.84,12,-12,-11
-33.84,12,-12,-11
-33.84,12,-12,-11
-22.56,8,-28,-7
-22.56,8,-28,-7
-22.56,8,-28,-7
-22.56,8,-28,-7
-22.56,8,-28,-7
-22.56,8,-28,-7
-22.56,8,-28,-7
-22.56,8,-28,-7
-22.56,8,-28,-7
-22.56,8,-28,-7
-22.56,8,-28,-7
-22.56,8,-28,-7
-22.56,8,-28,-7
-22.56,8,-28,-7
-22.56,8,-28,-7
-22.56,8,-28,-7
-22.56,8,-28,-7
-22.56,8,-28,-7
-22.56,8,-28,-7
-22.56,8,-28,-7
-29.61,10,-18,-9
-28.2,10,-20,-9
-28.2,10,-20,-9
-28.2,10,-20,-9
-28.2,10,-20,-9
-28.2,10,-20,-9
-27.495,9,-21,-8
-27.495,9,-21,-8
-29.61,10,-18,-9
-28.2,10,-20,-9
-21.15,5,-30,-4
-21.15,5,-30,-4
-21.15,5,-30,-4
-21.15,5,-30,-4
-21.15,5,-30,-4
-21.15,5,-30,-4
-21.15,5,-30,-4
-21.15,5,-30,-4
-21.15,5,-30,-4
-21.15,5,-30,-4
-23.97,6,-26,-5
-23.97,6,-26,-5
-21.15,5,-30,-4
-19.74,5,-32,-4
-23.97,6,-26,-5
-23.97,6,-26,-5
-18.33,5,-34,-4
-21.15,5,-30,-4
-21.15,5,-30,-4
-23.97,6,-26,-5
-22.56,6,-28,-5
-22.56,6,-28,-5
-18.33,5,-34,-4
-22.56,6,-28,-5
-19.74,5,-32,-4
-22.56,6,-28,-5
-19.74,5,-32,-4
-22.56,6,-28,-5
-22.56,6,-28,-5
-22.56,6,-28,-5
-28.2,7,-20,-6
-29.61,7,-18,-6
-28.2,7,-20,-6
-28.2,7,-20,-6
-28.2,7,-20,-6
-28.2,7,-20,-6
-29.61,7,-18,-6
-28.2,7,-20,-6
-28.2,7,-20,-6
-28.2,7,-20,-6
-33.84,12,-12,-11
-33.84,12,-12,-11
-33.84,12,-12,-11
-33.84,12,-12,-11
-32.43,12,-14,-11
-33.84,12,-12,-11
-33.84,12,-12,-11
-33.84,12,-12,-11
-33.84,12,-12,-11
-33.84,12,-12,-11
-28.2,8,-20,-7
-28.2,8,-20,-7
-28.2,8,-20,-7
-26.79,7,-22,-6
-26.79,7,-22,-6
-26.79,7,-22,-6
-28.2,8,-20,-7
-26.79,7,-22,-6
-26.79,7,-22,-6
-28.2,8,-20,-7
-23.97,7,-26,-6
-23.97,7,-26,-6
-18.33,5,-34,-4
-21.15,6,-30,-5
-23.97,7,-26,-6
-19.74,5,-32,-4
-19.74,5,-32,-4
-23.97,7,-26,-6
-19.74,5,-32,-4
-19.74,5,-32,-4
-23.97,6,-26,-5
-26.79,7,-22,-6
-26.79,7,-22,-6
-23.97,7,-26,-6
-23.97,7,-26,-6
-23.97,6,-26,-5
-23.97,6,-26,-5
-23.97,6,-26,-5
-23.97,6,-26,-5
-26.79,7,-22,-6
-25.38,8,-24,-7
-23.265,7,-27,-6
-25.38,8,-24,-7
-25.38,8,-24,-7
-25.38,8,-24,-7
-25.38,8,-24,-7
-25.38,8,-24,-7
-25.38,8,-24,-7
-25.38,8,-24,-7
-25.38,8,-24,-7
-25.38,7,-24,-6
-25.38,7,-24,-6
-25.38,7,-24,-6
-25.38,7,-24,-6
-25.38,7,-24,-6
-26.79,8,-22,-7
-25.38,7,-24,-6
-25.38,7,-24,-6
-25.38,7,-24,-6
-25.38,7,-24,-6
-19.74,5,-32,-4
-19.74,6,-32,-5
-18.33,5,-34,-4
-19.74,5,-32,-4
-19.74,5,-32,-4
-19.74,5,-32,-4
-19.74,5,-32,-4
-19.74,5,-32,-4
-19.74,5,-32,-4
-19.74,5,-32,-4
-29.61,10,-18,-9
-28.905,9,-19,-8
-31.02,10,-16,-9
-28.905,9,-19,-8
-28.905,9,-19,-8
-31.02,10,-16,-9
-28.905,9,-19,-8
-29.61,10,-18,-9
-28.905,9,-19,-8
-29.61,10,-18,-9
-24.675,7,-25,-6
-26.79,8,-22,-7
-25.38,8,-24,-7
-25.38,8,-24,-7
-26.79,8,-22,-7
-25.38,8,-24,-7
-24.675,9,-25,-8
-26.085,9,-23,-8
-25.38,8,-24,-7
-25.38,8,-24,-7
-21.15,5,-30,-4
-21.15,5,-30,-4
-23.97,6,-26,-5
-23.97,6,-26,-5
-21.15,5,-30,-4
-21.15,5,-30,-4
-21.15,5,-30,-4
-21.15,5,-30,-4
-21.15,5,-30,-4
-21.15,5,-30,-4
-31.02,10,-16,-9
-31.02,10,-16,-9
-30.315,11,-17,-10
-30.315,9,-17,-8
-31.02,10,-16,-9
-31.02,10,-16,-9
-31.02,10,-16,-9
-31.02,10,-16,-9
-30.315,11,-17,-10
-31.02,10,-16,-9
-22.56,6,-28,-5
-21.15,5,-30,-4
-22.56,6,-28,-5
-21.15,5,-30,-4
-21.15,5,-30,-4
-21.15,5,-30,-4
-22.56,6,-28,-5
-22.56,6,-28,-5
-21.15,5,-30,-4
-21.15,5,-30,-4
-23.97,6,-26,-5
-23.97,6,-26,-5
-23.97,6,-26,-5
-23.97,6,-26,-5
-23.97,6,-26,-5
-23.97,6,-26,-5
-23.97,6,-26,-5
-23.97,6,-26,-5
-23.97,6,-26,-5
-23.97,6,-26,-5
-29.61,10,-18,-9
-28.2,10,-20,-9
-28.2,10,-20,-9
-28.2,10,-20,-9
-28.2,10,-20,-9
-28.2,10,-20,-9
-27.495,9,-21,-8
-27.495,9,-21,-8
-29.61,10,-18,-9
-28.2,10,-20,-9
-28.2,7,-20,-6
-29.61,7,-18,-6
-28.2,7,-20,-6
-28.2,7,-20,-6
-28.2,7,-20,-6
-28.2,7,-20,-6
-29.61,7,-18,-6
-28.2,7,-20,-6
-28.2,7,-20,-6
-28.2,7,-20,-6
-29.61,10,-18,-9
-28.905,9,-19,-8
-31.02,10,-16,-9
-28.905,9,-19,-8
-28.905,9,-19,-8
-31.02,10,-16,-9
-28.905,9,-19,-8
-29.61,10,-18,-9
-28.905,9,-19,-8
-29.61,10,-18,-9
-18.33,5,-34,-4
-19.74,5,-32,-4
-18.33,5,-34,-4
-19.74,5,-32,-4
-19.74,5,-32,-4
-19.74,5,-32,-4
-18.33,5,-34,-4
-19.74,5,-32,-4
-19.74,5,-32,-4
-16.92,4,-36,-3
-26.79,7,-22,-6
-26.79,7,-22,-6
-26.79,7,-22,-6
-26.79,7,-22,-6
-26.79,7,-22,-6
-26.79,7,-22,-6
-26.79,7,-22,-6
-26.79,7,-22,-6
-26.79,7,-22,-6
-26.79,7,-22,-6
-21.15,5,-30,-4
-25.38,6,-24,-5
-23.97,6,-26,-5
-25.38,7,-24,-6
-23.97,6,-26,-5
-21.15,5,-30,-4
-22.56,6,-28,-5
-21.15,5,-30,-4
-25.38,7,-24,-6
-21.15,6,-30,-5
-18.33,5,-34,-4
-16.92,5,-36,-4
-16.92,4,-36,-3
-21.15,5,-30,-4
-21.15,5,-30,-4
-21.15,5,-30,-4
-21.15,5,-30,-4
-21.15,5,-30,-4
-16.92,4,-36,-3
-21.15,5,-30,-4
-25.38,7,-24,-6
-25.38,7,-24,-6
-25.38,7,-24,-6
-25.38,7,-24,-6
-25.38,7,-24,-6
-25.38,7,-24,-6
-25.38,7,-24,-6
-25.38,7,-24,-6
-25.38,7,-24,-6
-25.38,7,-24,-6
-25.38,6,-24,-5
-26.79,8,-22,-7
-25.38,6,-24,-5
-25.38,6,-24,-5
-25.38,6,-24,-5
-26.79,8,-22,-7
-25.38,6,-24,-5
-25.38,6,-24,-5
-25.38,6,-24,-5
-25.38,6,-24,-5
-21.15,5,-30,-4
-21.15,5,-30,-4
-21.15,5,-30,-4
-21.15,5,-30,-4
-21.15,5,-30,-4
-19.74,5,-32,-4
-21.15,5,-30,-4
-19.74,5,-32,-4
-21.15,5,-30,-4
-21.15,5,-30,-4
-28.2,7,-20,-6
-28.2,7,-20,-6
-28.2,7,-20,-6
-28.2,7,-20,-6
-29.61,8,-18,-7
-28.2,7,-20,-6
-29.61,8,-18,-7
-29.61,8,-18,-7
-29.61,7,-18,-6
-28.2,7,-20,-6
-21.855,7,-29,-6
-21.855,7,-29,-6
-21.855,7,-29,-6
-21.855,7,-29,-6
-21.855,7,-29,-6
-21.855,7,-29,-6
-21.855,7,-29,-6
-21.855,7,-29,-6
-21.855,7,-29,-6
-21.855,7,-29,-6
-25.38,6,-24,-5
-25.38,6,-24,-5
-25.38,6,-24,-5
-26.79,7,-22,-6
-25.38,6,-24,-5
-25.38,6,-24,-5
-25.38,6,-24,-5
-25.38,6,-24,-5
-26.79,7,-22,-6
-26.79,7,-22,-6
-29.61,10,-18,-9
-28.905,9,-19,-8
-31.02,10,-16,-9
-28.905,9,-19,-8
-28.905,9,-19,-8
-31.02,10,-16,-9
-28.905,9,-19,-8
-29.61,10,-18,-9
-28.905,9,-19,-8
-29.61,10,-18,-9
-19.74,5,-32,-4
-19.74,6,-32,-5
-18.33,5,-34,-4
-19.74,5,-32,-4
-19.74,5,-32,-4
-19.74,5,-32,-4
-19.74,5,-32,-4
-19.74,5,-32,-4
-19.74,5,-32,-4
-19.74,5,-32,-4
-23.97,6,-26,-5
-23.97,6,-26,-5
-21.15,5,-30,-4
-19.74,5,-32,-4
-23.97,6,-26,-5
-23.97,6,-26,-5
-18.33,5,-34,-4
-21.15,5,-30,-4
-21.15,5,-30,-4
-23.97,6,-26,-5
-21.15,5,-30,-4
-21.15,5,-30,-4
-21.15,5,-30,-4
-21.15,5,-30,-4
-21.15,5,-30,-4
-19.74,5,-32,-4
-21.15,5,-30,-4
-19.74,5,-32,-4
-21.15,5,-30,-4
-21.15,5,-30,-4
-23.97,6,-26,-5
-23.97,6,-26,-5
-23.97,6,-26,-5
-23.97,6,-26,-5
-23.97,6,-26,-5
-23.97,6,-26,-5
-23.97,6,-26,-5
-23.97,6,-26,-5
-23.97,6,-26,-5
-23.97,6,-26,-5
-23.97,7,-26,-6
-23.97,7,-26,-6
-18.33,5,-34,-4
-21.15,6,-30,-5
-23.97,7,-26,-6
-19.74,5,-32,-4
-19.74,5,-32,-4
-23.97,7,-26,-6
-19.74,5,-32,-4
-19.74,5,-32,-4
-28.2,8,-20,-7
-28.2,8,-20,-7
-28.2,8,-20,-7
-26.79,7,-22,-6
-26.79,7,-22,-6
-26.79,7,-22,-6
-28.2,8,-20,-7
-26.79,7,-22,-6
-26.79,7,-22,-6
-28.2,8,-20,-7
-32.43,10,-14,-9
-33.135,11,-13,-10
-32.43,10,-14,-9
-32.43,10,-14,-9
-32.43,10,-14,-9
-32.43,10,-14,-9
-32.43,10,-14,-9
-32.43,10,-14,-9
-32.43,10,-14,-9
-32.43,10,-14,-9
-21.15,5,-30,-4
-21.15,5,-30,-4
-23.97,6,-26,-5
-23.97,6,-26,-5
-21.15,5,-30,-4
-21.15,5,-30,-4
-21.15,5,-30,-4
-21.15,5,-30,-4
-21.15,5,-30,-4
-21.15,5,-30,-4
-21.15,5,-30,-4
-21.15,5,-30,-4
-21.15,5,-30,-4
-21.15,5,-30,-4
-21.15,5,-30,-4
-19.74,5,-32,-4
-21.15,5,-30,-4
-19.74,5,-32,-4
-21.15,5,-30,-4
-21.15,5,-30,-4
-25.38,7,-24,-6
-25.38,7,-24,-6
-25.38,7,-24,-6
-25.38,7,-24,-6
-25.38,7,-24,-6
-25.38,7,-24,-6
-25.38,7,-24,-6
-25.38,7,-24,-6
-25.38,7,-24,-6
-25.38,7,-24,-6
-25.38,8,-24,-7
-23.265,7,-27,-6
-25.38,8,-24,-7
-25.38,8,-24,-7
-25.38,8,-24,-7
-25.38,8,-24,-7
-25.38,8,-24,-7
-25.38,8,-24,-7
-25.38,8,-24,-7
-25.38,8,-24,-7
-21.15,5,-30,-4
-21.15,5,-30,-4
-23.97,6,-26,-5
-23.97,6,-26,-5
-21.15,5,-30,-4
-21.15,5,-30,-4
-21.15,5,-30,-4
-21.15,5,-30,-4
-21.15,5,-30,-4
-21.15,5,-30,-4
-21.15,5,-30,-4
-25.38,6,-24,-5
-23.97,6,-26,-5
-25.38,7,-24,-6
-23.97,6,-26,-5
-21.15,5,-30,-4
-22.56,6,-28,-5
-21.15,5,-30,-4
-25.38,7,-24,-6
-21.15,6,-30,-5
-22.56,6,-28,-5
-22.56,6,-28,-5
-22.56,6,-28,-5
-22.56,6,-28,-5
-22.56,6,-28,-5
-22.56,6,-28,-5
-22.56,6,-28,-5
-22.56,6,-28,-5
-22.56,6,-28,-5
-19.74,5,-32,-4
-23.97,6,-26,-5
-23.97,6,-26,-5
-23.97,6,-26,-5
-23.97,6,-26,-5
-23.97,6,-26,-5
-23.97,6,-26,-5
-23.97,6,-26,-5
-23.97,6,-26,-5
-23.97,6,-26,-5
-23.97,6,-26,-5
-23.97,6,-26,-5
-23.97,6,-26,-5
-21.15,5,-30,-4
-19.74,5,-32,-4
-23.97,6,-26,-5
-23.97,6,-26,-5
-18.33,5,-34,-4
-21.15,5,-30,-4
-21.15,5,-30,-4
-23.97,6,-26,-5
-32.43,10,-14,-9
-33.135,11,-13,-10
-32.43,10,-14,-9
-32.43,10,-14,-9
-32.43,10,-14,-9
-32.43,10,-14,-9
-32.43,10,-14,-9
-32.43,10,-14,-9
-32.43,10,-14,-9
-32.43,10,-14,-9
