-23.53,6,-34,-5
-23.53,6,-34,-5
-23.53,6,-34,-5
-23.53,6,-34,-5
-23.53,6,-34,-5
-23.53,6,-34,-5
-22.625,5,-35,-4
-23.53,6,-34,-5
-23.53,6,-34,-5
-23.53,6,-34,-5
-21.72,4,-36,-3
-21.72,4,-36,-3
-21.72,4,-36,-3
-21.72,4,-36,-3
-21.72,4,-36,-3
-21.72,4,-36,-3
-21.72,4,-36,-3
-21.72,4,-36,-3
-21.72,4,-36,-3
-21.72,4,-36,-3
-21.72,6,-36,-5
-21.72,6,-36,-5
-20.815,5,-37,-4
-21.72,6,-36,-5
-20.815,5,-37,-4
-20.815,5,-37,-4
-21.72,6,-36,-5
-21.72,6,-36,-5
-21.72,6,-36,-5
-18.1,6,-40,-5
-21.72,4,-36,-3
-21.72,4,-36,-3
-21.72,4,-36,-3
-21.72,4,-36,-3
-21.72,4,-36,-3
-21.72,4,-36,-3
-21.72,4,-36,-3
-21.72,4,-36,-3
-21.72,4,-36,-3
-21.72,4,-36,-3
-16.29,3,-42,-2
-16.29,3,-42,-2
-16.29,3,-42,-2
-16.29,3,-42,-2
-16.29,3,-42,-2
-16.29,3,-42,-2
-16.29,3,-42,-2
-16.29,3,-42,-2
-16.29,3,-42,-2
-16.29,3,-42,-2
-21.72,6,-36,-5
-20.815,5,-37,-4
-21.72,6,-36,-5
-20.815,5,-37,-4
-21.72,6,-36,-5
-21.72,6,-36,-5
-21.72,6,-36,-5
-20.815,5,-37,-4
-20.815,5,-37,-4
-21.72,6,-36,-5
-9.955,3,-49,-2
-9.955,3,-49,-2
-9.955,3,-49,-2
-7.24,2,-52,-1
-7.24,2,-52,-1
-9.955,3,-49,-2
-7.24,2,-52,-1
-9.955,3,-49,-2
-9.955,3,-49,-2
-9.955,3,-49,-2
-18.1,4,-40,-3
-21.72,4,-36,-3
-23.53,5,-34,-4
-23.53,5,-34,-4
-19.91,4,-38,-3
-21.72,4,-36,-3
-23.53,5,-34,-4
-23.53,5,-34,-4
-21.72,4,-36,-3
-23.53,5,-34,-4
-9.05,2,-50,-1
-10.86,2,-48,-1
-10.86,2,-48,-1
-9.05,2,-50,-1
-10.86,2,-48,-1
-9.05,2,-50,-1
-9.05,2,-50,-1
-10.86,2,-48,-1
-10.86,2,-48,-1
-10.86,2,-48,-1
-34.39,10,-22,-9
-34.39,10,-22,-9
-34.39,10,-22,-9
-34.39,10,-22,-9
-34.39,10,-22,-9
-34.39,10,-22,-9
-30.77,9,-26,-8
-34.39,10,-22,-9
-34.39,10,-22,-9
-34.39,10,-22,-9
-12.67,3,-46,-2
-12.67,3,-46,-2
-12.67,3,-46,-2
-12.67,3,-46,-2
-12.67,3,-46,-2
-12.67,3,-46,-2
-12.67,3,-46,-2
-12.67,3,-46,-2
-12.67,3,-46,-2
-12.67,3,-46,-2
-18.1,4,-40,-3
-16.29,3,-42,-2
-18.1,4,-40,-3
-18.1,4,-40,-3
-18.1,4,-40,-3
-16.29,3,-42,-2
-16.29,3,-42,-2
-16.29,3,-42,-2
-16.29,3,-42,-2
-18.1,4,-40,-3
-16.29,3,-42,-2
-16.29,3,-42,-2
-16.29,3,-42,-2
-16.29,3,-42,-2
-18.1,4,-40,-3
-16.29,3,-42,-2
-14.48,3,-44,-2
-18.1,4,-40,-3
-16.29,3,-42,-2
-16.29,3,-42,-2
-18.1,4,-40,-3
-18.1,4,-40,-3
-18.1,4,-40,-3
-18.1,4,-40,-3
-18.1,4,-40,-3
-18.1,4,-40,-3
-18.1,4,-40,-3
-16.29,4,-42,-3
-16.29,4,-42,-3
-18.1,4,-40,-3
-14.48,4,-44,-3
-14.48,4,-44,-3
-14.48,4,-44,-3
-9.955,3,-49,-2
-14.48,4,-44,-3
-14.48,4,-44,-3
-14.48,4,-44,-3
-14.48,4,-44,-3
-9.955,3,-49,-2
-13.575,3,-45,-2
-10.86,2,-48,-1
-10.86,2,-48,-1
-10.86,2,-48,-1
-10.86,2,-48,-1
-10.86,2,-48,-1
-10.86,2,-48,-1
-10.86,2,-48,-1
-10.86,2,-48,-1
-10.86,2,-48,-1
-10.86,2,-48,-1
-18.1,4,-40,-3
-18.1,4,-40,-3
-18.1,4,-40,-3
-18.1,4,-40,-3
-18.1,4,-40,-3
-19.91,4,-38,-3
-18.1,4,-40,-3
-19.91,4,-38,-3
-18.1,4,-40,-3
-19.91,4,-38,-3
-32.58,9,-24,-8
-34.39,10,-22,-9
-34.39,10,-22,-9
-32.58,9,-24,-8
-34.39,10,-22,-9
-32.58,9,-24,-8
-34.39,10,-22,-9
-34.39,10,-22,-9
-34.39,10,-22,-9
-32.58,9,-24,-8
-33.485,13,-23,-12
-32.58,12,-24,-11
-34.39,14,-22,-13
-33.485,13,-23,-12
-34.39,14,-22,-13
-33.485,13,-23,-12
-33.485,13,-23,-12
-33.485,13,-23,-12
-32.58,12,-24,-11
-33.485,13,-23,-12
-16.29,3,-42,-2
-19.91,4,-38,-3
-19.91,4,-38,-3
-19.91,4,-38,-3
-19.91,4,-38,-3
-19.91,4,-38,-3
-19.91,4,-38,-3
-19.91,4,-38,-3
-19.91,4,-38,-3
-14.48,3,-44,-2
-14.48,4,-44,-3
-9.955,3,-49,-2
-14.48,4,-44,-3
-14.48,4,-44,-3
-9.955,3,-49,-2
-13.575,3,-45,-2
-14.48,4,-44,-3
-14.48,4,-44,-3
-14.48,4,-44,-3
-13.575,3,-45,-2
-25.34,6,-32,-5
-25.34,5,-32,-4
-23.53,5,-34,-4
-25.34,5,-32,-4
-25.34,5,-32,-4
-25.34,5,-32,-4
-25.34,5,-32,-4
-25.34,5,-32,-4
-25.34,5,-32,-4
-25.34,5,-32,-4
-16.29,3,-42,-2
-16.29,3,-42,-2
-16.29,3,-42,-2
-16.29,3,-42,-2
-12.67,3,-46,-2
-16.29,3,-42,-2
-16.29,3,-42,-2
-16.29,3,-42,-2
-16.29,3,-42,-2
-16.29,3,-42,-2
-21.72,5,-36,-4
-19.91,4,-38,-3
-19.91,4,-38,-3
-21.72,5,-36,-4
-21.72,5,-36,-4
-19.91,4,-38,-3
-21.72,5,-36,-4
-19.91,4,-38,-3
-21.72,5,-36,-4
-19.91,4,-38,-3
-12.67,3,-46,-2
-12.67,3,-46,-2
-12.67,3,-46,-2
-12.67,3,-46,-2
-12.67,3,-46,-2
-12.67,3,-46,-2
-12.67,3,-46,-2
-12.67,3,-46,-2
-12.67,3,-46,-2
-12.67,3,-46,-2
-13.575,3,-45,-2
-14.48,4,-44,-3
-14.48,4,-44,-3
-14.48,4,-44,-3
-13.575,3,-45,-2
-13.575,3,-45,-2
-14.48,4,-44,-3
-13.575,3,-45,-2
-14.48,4,-44,-3
-13.575,3,-45,-2
-26.245,7,-31,-6
-28.055,7,-29,-6
-25.34,6,-32,-5
-25.34,6,-32,-5
-26.245,7,-31,-6
-25.34,6,-32,-5
-27.15,6,-30,-5
-25.34,6,-32,-5
-25.34,6,-32,-5
-26.245,7,-31,-6
-32.58,8,-24,-7
-32.58,8,-24,-7
-31.675,7,-25,-6
-32.58,8,-24,-7
-27.15,6,-30,-5
-32.58,8,-24,-7
-32.58,8,-24,-7
-28.055,7,-29,-6
-32.58,8,-24,-7
-32.58,8,-24,-7
-14.48,3,-44,-2
-14.48,3,-44,-2
-14.48,3,-44,-2
-14.48,3,-44,-2
-14.48,3,-44,-2
-14.48,3,-44,-2
-14.48,3,-44,-2
-14.48,3,-44,-2
-14.48,3,-44,-2
-14.48,3,-44,-2
-19.91,4,-38,-3
-18.1,4,-40,-3
-19.91,5,-38,-4
-18.1,4,-40,-3
-18.1,4,-40,-3
-18.1,4,-40,-3
-18.1,4,-40,-3
-18.1,4,-40,-3
-19.91,5,-38,-4
-19.91,4,-38,-3
-19.005,5,-39,-4
-23.53,6,-34,-5
-19.005,5,-39,-4
-23.53,6,-34,-5
-19.005,5,-39,-4
-23.53,6,-34,-5
-23.53,6,-34,-5
-19.005,5,-39,-4
-23.53,6,-34,-5
-23.53,6,-34,-5
-9.05,2,-50,-1
-10.86,2,-48,-1
-9.05,2,-50,-1
-10.86,2,-48,-1
-10.86,2,-48,-1
-10.86,2,-48,-1
-10.86,2,-48,-1
-10.86,2,-48,-1
-10.86,2,-48,-1
-10.86,2,-48,-1
-16.29,3,-42,-2
-16.29,3,-42,-2
-16.29,3,-42,-2
-16.29,3,-42,-2
-16.29,3,-42,-2
-16.29,3,-42,-2
-16.29,3,-42,-2
-16.29,3,-42,-2
-16.29,3,-42,-2
-16.29,3,-42,-2
-10.86,2,-48,-1
-10.86,2,-48,-1
-9.05,2,-50,-1
-10.86,2,-48,-1
-10.86,2,-48,-1
-9.05,2,-50,-1
-9.05,2,-50,-1
-9.05,2,-50,-1
-7.24,2,-52,-1
-9.05,2,-50,-1
-10.86,2,-48,-1
-10.86,2,-48,-1
-10.86,2,-48,-1
-10.86,2,-48,-1
-10.86,2,-48,-1
-10.86,2,-48,-1
-10.86,2,-48,-1
-10.86,2,-48,-1
-10.86,2,-48,-1
-10.86,2,-48,-1
-16.29,3,-42,-2
-16.29,3,-42,-2
-16.29,3,-42,-2
-16.29,3,-42,-2
-16.29,3,-42,-2
-16.29,3,-42,-2
-16.29,3,-42,-2
-16.29,3,-42,-2
-12.67,3,-46,-2
-16.29,3,-42,-2
-14.48,3,-44,-2
-14.48,3,-44,-2
-14.48,3,-44,-2
-14.48,3,-44,-2
-14.48,3,-44,-2
-14.48,3,-44,-2
-14.48,3,-44,-2
-14.48,3,-44,-2
-14.48,3,-44,-2
-14.48,3,-44,-2
-10.86,2,-48,-1
-10.86,2,-48,-1
-10.86,2,-48,-1
-10.86,2,-48,-1
-10.86,2,-48,-1
-10.86,2,-48,-1
-10.86,2,-48,-1
-10.86,2,-48,-1
-10.86,2,-48,-1
-10.86,2,-48,-1
-10.86,2,-48,-1
-10.86,2,-48,-1
-10.86,2,-48,-1
-9.05,2,-50,-1
-10.86,2,-48,-1
-10.86,2,-48,-1
-10.86,2,-48,-1
-10.86,2,-48,-1
-10.86,2,-48,-1
-9.05,2,-50,-1
-20.815,5,-37,-4
-20.815,5,-37,-4
-20.815,5,-37,-4
-20.815,5,-37,-4
-21.72,6,-36,-5
-20.815,5,-37,-4
-20.815,5,-37,-4
-20.815,5,-37,-4
-20.815,5,-37,-4
-18.1,6,-40,-5
-18.1,4,-40,-3
-21.72,4,-36,-3
-21.72,4,-36,-3
-21.72,4,-36,-3
-21.72,4,-36,-3
-18.1,4,-40,-3
-21.72,4,-36,-3
-19.91,4,-38,-3
-21.72,4,-36,-3
-18.1,4,-40,-3
-28.96,6,-28,-5
-25.34,6,-32,-5
-28.96,6,-28,-5
-28.96,6,-28,-5
-28.96,6,-28,-5
-25.34,6,-32,-5
-28.96,6,-28,-5
-25.34,5,-32,-4
-21.72,4,-36,-3
-28.96,6,-28,-5
-10.86,2,-48,-1
-10.86,2,-48,-1
-9.05,2,-50,-1
-9.05,2,-50,-1
-10.86,2,-48,-1
-10.86,2,-48,-1
-9.05,2,-50,-1
-9.05,2,-50,-1
-10.86,2,-48,-1
-9.05,2,-50,-1
-17.195,5,-41,-4
-20.815,5,-37,-4
-21.72,6,-36,-5
-21.72,6,-36,-5
-20.815,5,-37,-4
-21.72,6,-36,-5
-20.815,5,-37,-4
-21.72,6,-36,-5
-20.815,5,-37,-4
-21.72,6,-36,-5
-25.34,6,-32,-5
-25.34,6,-32,-5
-23.53,6,-34,-5
-23.53,6,-34,-5
-23.53,6,-34,-5
-23.53,6,-34,-5
-23.53,6,-34,-5
-23.53,6,-34,-5
-25.34,6,-32,-5
-23.53,6,-34,-5
-18.1,4,-40,-3
-18.1,4,-40,-3
-18.1,4,-40,-3
-18.1,4,-40,-3
-16.29,4,-42,-3
-18.1,4,-40,-3
-18.1,4,-40,-3
-16.29,4,-42,-3
-18.1,4,-40,-3
-18.1,4,-40,-3
-16.29,3,-42,-2
-18.1,4,-40,-3
-16.29,3,-42,-2
-16.29,3,-42,-2
-18.1,4,-40,-3
-16.29,3,-42,-2
-16.29,3,-42,-2
-18.1,4,-40,-3
-18.1,4,-40,-3
-16.29,3,-42,-2
-29.865,7,-27,-6
-30.77,8,-26,-7
-29.865,7,-27,-6
-29.865,7,-27,-6
-30.77,8,-26,-7
-30.77,8,-26,-7
-32.58,8,-24,-7
-30.77,8,-26,-7
-30.77,8,-26,-7
-30.77,8,-26,-7
-12.67,3,-46,-2
-12.67,3,-46,-2
-12.67,3,-46,-2
-12.67,3,-46,-2
-12.67,3,-46,-2
-12.67,3,-46,-2
-12.67,3,-46,-2
-12.67,3,-46,-2
-12.67,3,-46,-2
-12.67,3,-46,-2
-16.29,3,-42,-2
-16.29,3,-42,-2
-16.29,3,-42,-2
-16.29,3,-42,-2
-16.29,3,-42,-2
-16.29,3,-42,-2
-16.29,3,-42,-2
-16.29,3,-42,-2
-16.29,3,-42,-2
-16.29,3,-42,-2
-16.29,3,-42,-2
-16.29,3,-42,-2
-16.29,3,-42,-2
-16.29,3,-42,-2
-16.29,3,-42,-2
-16.29,3,-42,-2
-16.29,3,-42,-2
-16.29,3,-42,-2
-16.29,3,-42,-2
-16.29,3,-42,-2
-18.1,4,-40,-3
-18.1,4,-40,-3
-16.29,3,-42,-2
-18.1,4,-40,-3
-18.1,4,-40,-3
-18.1,4,-40,-3
-16.29,3,-42,-2
-18.1,4,-40,-3
-18.1,4,-40,-3
-18.1,4,-40,-3
-16.29,3,-42,-2
-16.29,3,-42,-2
-16.29,3,-42,-2
-16.29,3,-42,-2
-16.29,3,-42,-2
-16.29,3,-42,-2
-16.29,3,-42,-2
-16.29,3,-42,-2
-12.67,3,-46,-2
-12.67,3,-46,-2
-34.39,10,-22,-9
-34.39,10,-22,-9
-34.39,10,-22,-9
-34.39,10,-22,-9
-32.58,10,-24,-9
-34.39,10,-22,-9
-34.39,10,-22,-9
-32.58,10,-24,-9
-34.39,10,-22,-9
-34.39,10,-22,-9
-19.91,5,-38,-4
-19.91,5,-38,-4
-18.1,4,-40,-3
-18.1,4,-40,-3
-19.91,5,-38,-4
-18.1,4,-40,-3
-19.91,5,-38,-4
-19.91,5,-38,-4
-19.91,5,-38,-4
-18.1,4,-40,-3
-33.485,13,-23,-12
-32.58,12,-24,-11
-33.485,13,-23,-12
-30.77,12,-26,-11
-33.485,13,-23,-12
-33.485,13,-23,-12
-33.485,13,-23,-12
-33.485,13,-23,-12
-33.485,13,-23,-12
-32.58,12,-24,-11
-14.48,3,-44,-2
-12.67,3,-46,-2
-14.48,3,-44,-2
-10.86,2,-48,-1
-12.67,3,-46,-2
-10.86,2,-48,-1
-14.48,3,-44,-2
-12.67,3,-46,-2
-10.86,2,-48,-1
-12.67,3,-46,-2
-10.86,2,-48,-1
-10.86,2,-48,-1
-10.86,2,-48,-1
-9.05,2,-50,-1
-10.86,2,-48,-1
-10.86,2,-48,-1
-10.86,2,-48,-1
-10.86,2,-48,-1
-10.86,2,-48,-1
-9.05,2,-50,-1
-10.86,4,-48,-3
-10.86,4,-48,-3
-9.05,3,-50,-2
-9.05,3,-50,-2
-10.86,4,-48,-3
-10.86,4,-48,-3
-10.86,4,-48,-3
-10.86,4,-48,-3
-10.86,4,-48,-3
-9.05,3,-50,-2
-10.86,2,-48,-1
-10.86,2,-48,-1
-10.86,2,-48,-1
-10.86,2,-48,-1
-10.86,2,-48,-1
-10.86,2,-48,-1
-10.86,2,-48,-1
-10.86,2,-48,-1
-10.86,2,-48,-1
-10.86,2,-48,-1
-7.24,2,-52,-1
-5.43,1,-54,0
-7.24,2,-52,-1
-7.24,2,-52,-1
-7.24,2,-52,-1
-5.43,1,-54,0
-7.24,2,-52,-1
-5.43,1,-54,0
-5.43,1,-54,0
-5.43,1,-54,0
-18.1,4,-40,-3
-18.1,4,-40,-3
-18.1,4,-40,-3
-19.91,4,-38,-3
-19.91,5,-38,-4
-18.1,4,-40,-3
-18.1,4,-40,-3
-19.91,4,-38,-3
-18.1,4,-40,-3
-19.91,4,-38,-3
0,0,-60,0
0,0,-60,0
0,0,-60,0
0,0,-60,0
0,0,-60,0
0,0,-60,0
0,0,-60,0
0,0,-60,0
0,0,-60,0
0,0,-60,0
-19.91,6,-38,-5
-21.72,7,-36,-6
-19.91,6,-38,-5
-19.91,6,-38,-5
-19.91,6,-38,-5
-21.72,7,-36,-6
-19.91,6,-38,-5
-19.91,6,-38,-5
-21.72,7,-36,-6
-19.91,6,-38,-5
-25.34,5,-32,-4
-25.34,5,-32,-4
-25.34,5,-32,-4
-23.53,5,-34,-4
-25.34,5,-32,-4
-23.53,5,-34,-4
-23.53,5,-34,-4
-23.53,5,-34,-4
-23.53,5,-34,-4
-25.34,5,-32,-4
-18.1,4,-40,-3
-18.1,4,-40,-3
-16.29,3,-42,-2
-18.1,4,-40,-3
-18.1,4,-40,-3
-18.1,4,-40,-3
-18.1,4,-40,-3
-19.91,4,-38,-3
-18.1,4,-40,-3
-16.29,3,-42,-2
-10.86,2,-48,-1
-10.86,2,-48,-1
-10.86,2,-48,-1
-10.86,2,-48,-1
-10.86,2,-48,-1
-10.86,2,-48,-1
-10.86,2,-48,-1
-10.86,2,-48,-1
-10.86,2,-48,-1
-10.86,2,-48,-1
0,0,-60,0
0,0,-60,0
0,0,-60,0
0,0,-60,0
0,0,-60,0
0,0,-60,0
0,0,-60,0
-9.05,2,-50,-1
0,0,-60,0
0,0,-60,0
-23.53,5,-34,-4
-23.53,5,-34,-4
-23.53,5,-34,-4
-23.53,5,-34,-4
-23.53,5,-34,-4
-23.53,5,-34,-4
-23.53,5,-34,-4
-23.53,5,-34,-4
-23.53,5,-34,-4
-23.53,5,-34,-4
-19.91,4,-38,-3
-19.91,4,-38,-3
-16.29,3,-42,-2
-16.29,3,-42,-2
-16.29,3,-42,-2
-16.29,3,-42,-2
-19.91,4,-38,-3
-19.91,4,-38,-3
-18.1,4,-40,-3
-16.29,3,-42,-2
-18.1,4,-40,-3
-18.1,4,-40,-3
-18.1,4,-40,-3
-18.1,4,-40,-3
-18.1,4,-40,-3
-16.29,4,-42,-3
-16.29,4,-42,-3
-18.1,4,-40,-3
-18.1,4,-40,-3
-18.1,4,-40,-3
-7.24,2,-52,-1
-9.955,3,-49,-2
-9.955,3,-49,-2
-9.955,3,-49,-2
-9.955,3,-49,-2
-9.955,3,-49,-2
-7.24,2,-52,-1
-9.955,3,-49,-2
-7.24,2,-52,-1
-9.955,3,-49,-2
-34.39,10,-22,-9
-34.39,10,-22,-9
-34.39,10,-22,-9
-34.39,10,-22,-9
-34.39,10,-22,-9
-34.39,10,-22,-9
-32.58,9,-24,-8
-32.58,9,-24,-8
-34.39,10,-22,-9
-34.39,10,-22,-9
-12.67,3,-46,-2
-12.67,3,-46,-2
-12.67,3,-46,-2
-12.67,3,-46,-2
-12.67,3,-46,-2
-12.67,3,-46,-2
-12.67,3,-46,-2
-12.67,3,-46,-2
-12.67,3,-46,-2
-12.67,3,-46,-2
-10.86,2,-48,-1
-10.86,2,-48,-1
-10.86,2,-48,-1
-10.86,2,-48,-1
-10.86,2,-48,-1
-10.86,2,-48,-1
-10.86,2,-48,-1
-10.86,2,-48,-1
-10.86,2,-48,-1
-10.86,2,-48,-1
-29.865,7,-27,-6
-30.77,8,-26,-7
-30.77,8,-26,-7
-30.77,8,-26,-7
-29.865,7,-27,-6
-29.865,7,-27,-6
-29.865,7,-27,-6
-29.865,7,-27,-6
-32.58,8,-24,-7
-30.77,8,-26,-7
-14.48,4,-44,-3
-16.29,4,-42,-3
-18.1,4,-40,-3
-16.29,4,-42,-3
-18.1,4,-40,-3
-18.1,4,-40,-3
-18.1,4,-40,-3
-18.1,4,-40,-3
-18.1,4,-40,-3
-16.29,4,-42,-3
-18.1,4,-40,-3
-19.91,4,-38,-3
-19.91,5,-38,-4
-19.91,4,-38,-3
-18.1,4,-40,-3
-19.91,4,-38,-3
-18.1,4,-40,-3
-19.91,5,-38,-4
-19.91,4,-38,-3
-19.91,5,-38,-4
-9.955,3,-49,-2
-7.24,2,-52,-1
-9.955,3,-49,-2
-9.955,3,-49,-2
-9.955,3,-49,-2
-7.24,2,-52,-1
-9.955,3,-49,-2
-9.955,3,-49,-2
-9.955,3,-49,-2
-9.955,3,-49,-2
-25.34,5,-32,-4
-25.34,5,-32,-4
-25.34,5,-32,-4
-25.34,5,-32,-4
-25.34,5,-32,-4
-25.34,5,-32,-4
-25.34,5,-32,-4
-25.34,5,-32,-4
-23.53,5,-34,-4
-25.34,5,-32,-4
-18.1,4,-40,-3
-18.1,4,-40,-3
-18.1,4,-40,-3
-18.1,4,-40,-3
-18.1,4,-40,-3
-18.1,4,-40,-3
-18.1,4,-40,-3
-18.1,4,-40,-3
-18.1,4,-40,-3
-18.1,4,-40,-3
-19.91,5,-38,-4
-16.29,3,-42,-2
-16.29,3,-42,-2
-19.91,5,-38,-4
-19.91,5,-38,-4
-18.1,4,-40,-3
-18.1,4,-40,-3
-19.91,5,-38,-4
-18.1,4,-40,-3
-19.91,5,-38,-4
-33.485,13,-23,-12
-33.485,13,-23,-12
-33.485,13,-23,-12
-32.58,12,-24,-11
-33.485,13,-23,-12
-34.39,14,-22,-13
-33.485,13,-23,-12
-34.39,14,-22,-13
-32.58,12,-24,-11
-34.39,14,-22,-13
-16.29,4,-42,-3
-16.29,4,-42,-3
-14.48,3,-44,-2
-16.29,4,-42,-3
-14.48,3,-44,-2
-16.29,4,-42,-3
-16.29,4,-42,-3
-16.29,4,-42,-3
-16.29,4,-42,-3
-14.48,3,-44,-2
-34.39,10,-22,-9
-34.39,10,-22,-9
-34.39,10,-22,-9
-32.58,10,-24,-9
-34.39,10,-22,-9
-34.39,10,-22,-9
-34.39,10,-22,-9
-34.39,10,-22,-9
-32.58,10,-24,-9
-32.58,10,-24,-9
-28.96,9,-28,-8
-27.15,8,-30,-7
-30.77,9,-26,-8
-28.96,9,-28,-8
-30.77,9,-26,-8
-28.96,9,-28,-8
-28.96,9,-28,-8
-27.15,8,-30,-7
-30.77,9,-26,-8
-28.96,9,-28,-8
-18.1,4,-40,-3
-18.1,4,-40,-3
-18.1,4,-40,-3
-18.1,4,-40,-3
-18.1,4,-40,-3
-18.1,4,-40,-3
-18.1,4,-40,-3
-18.1,4,-40,-3
-18.1,4,-40,-3
-18.1,4,-40,-3
-27.15,6,-30,-5
-25.34,5,-32,-4
-25.34,5,-32,-4
-27.15,6,-30,-5
-21.72,4,-36,-3
-25.34,5,-32,-4
-23.53,5,-34,-4
-25.34,5,-32,-4
-25.34,5,-32,-4
-28.96,6,-28,-5
-19.005,5,-39,-4
-19.005,5,-39,-4
-19.005,5,-39,-4
-23.53,6,-34,-5
-23.53,6,-34,-5
-19.005,5,-39,-4
-23.53,6,-34,-5
-23.53,6,-34,-5
-22.625,5,-35,-4
-19.005,5,-39,-4
-18.1,4,-40,-3
-18.1,4,-40,-3
-16.29,3,-42,-2
-18.1,4,-40,-3
-18.1,4,-40,-3
-19.91,4,-38,-3
-19.91,4,-38,-3
-19.91,4,-38,-3
-19.91,4,-38,-3
-18.1,4,-40,-3
-16.29,3,-42,-2
-16.29,3,-42,-2
-16.29,3,-42,-2
-16.29,3,-42,-2
-16.29,3,-42,-2
-16.29,3,-42,-2
-16.29,3,-42,-2
-16.29,3,-42,-2
-16.29,3,-42,-2
-16.29,3,-42,-2
-28.96,9,-28,-8
-28.96,8,-28,-7
-28.96,9,-28,-8
-28.96,9,-28,-8
-27.15,8,-30,-7
-28.96,9,-28,-8
-28.96,9,-28,-8
-28.96,9,-28,-8
-30.77,9,-26,-8
-30.77,9,-26,-8
0,0,-60,0
0,0,-60,0
0,0,-60,0
-12.67,3,-46,-2
0,0,-60,0
0,0,-60,0
0,0,-60,0
0,0,-60,0
0,0,-60,0
0,0,-60,0
-10.86,2,-48,-1
-10.86,2,-48,-1
-10.86,2,-48,-1
-10.86,2,-48,-1
-10.86,2,-48,-1
-10.86,2,-48,-1
-10.86,2,-48,-1
-10.86,2,-48,-1
-10.86,2,-48,-1
-10.86,2,-48,-1
-18.1,4,-40,-3
-18.1,4,-40,-3
-16.29,3,-42,-2
-16.29,3,-42,-2
-18.1,4,-40,-3
-18.1,4,-40,-3
-16.29,3,-42,-2
-18.1,4,-40,-3
-18.1,4,-40,-3
-18.1,4,-40,-3
-23.53,5,-34,-4
-21.72,4,-36,-3
-23.53,5,-34,-4
-23.53,5,-34,-4
-21.72,4,-36,-3
-23.53,5,-34,-4
-23.53,5,-34,-4
-21.72,4,-36,-3
-23.53,5,-34,-4
-23.53,5,-34,-4
-16.29,4,-42,-3
-16.29,4,-42,-3
-16.29,4,-42,-3
-11.765,3,-47,-2
-16.29,4,-42,-3
-16.29,4,-42,-3
-16.29,4,-42,-3
-16.29,4,-42,-3
-16.29,4,-42,-3
-14.48,4,-44,-3
0,0,-60,0
0,0,-60,0
0,0,-60,0
0,0,-60,0
0,0,-60,0
-12.67,3,-46,-2
0,0,-60,0
0,0,-60,0
0,0,-60,0
0,0,-60,0
-16.29,3,-42,-2
-16.29,3,-42,-2
-18.1,4,-40,-3
-16.29,3,-42,-2
-16.29,3,-42,-2
-18.1,4,-40,-3
-18.1,4,-40,-3
-14.48,3,-44,-2
-18.1,4,-40,-3
-14.48,3,-44,-2
-23.53,5,-34,-4
-23.53,5,-34,-4
-23.53,5,-34,-4
-23.53,5,-34,-4
-21.72,4,-36,-3
-21.72,4,-36,-3
-23.53,5,-34,-4
-23.53,5,-34,-4
-21.72,4,-36,-3
-21.72,4,-36,-3
