-23.53,6,-34,-5
-23.53,6,-34,-5
-23.53,6,-34,-5
-23.53,6,-34,-5
-23.53,6,-34,-5
-24.435,7,-33,-6
-23.53,6,-34,-5
-23.53,6,-34,-5
-23.53,6,-34,-5
-23.53,6,-34,-5
-21.72,4,-36,-3
-21.72,4,-36,-3
-21.72,4,-36,-3
-21.72,4,-36,-3
-21.72,4,-36,-3
-21.72,4,-36,-3
-18.1,4,-40,-3
-21.72,4,-36,-3
-21.72,4,-36,-3
-21.72,4,-36,-3
-21.72,6,-36,-5
-21.72,6,-36,-5
-21.72,6,-36,-5
-21.72,6,-36,-5
-21.72,6,-36,-5
-20.815,5,-37,-4
-20.815,5,-37,-4
-20.815,5,-37,-4
-21.72,6,-36,-5
-20.815,5,-37,-4
-21.72,4,-36,-3
-21.72,4,-36,-3
-21.72,4,-36,-3
-21.72,4,-36,-3
-21.72,4,-36,-3
-21.72,4,-36,-3
-21.72,4,-36,-3
-21.72,4,-36,-3
-21.72,4,-36,-3
-21.72,4,-36,-3
-16.29,3,-42,-2
-16.29,3,-42,-2
-16.29,3,-42,-2
-16.29,3,-42,-2
-16.29,3,-42,-2
-16.29,3,-42,-2
-16.29,3,-42,-2
-16.29,3,-42,-2
-16.29,3,-42,-2
-16.29,3,-42,-2
-21.72,6,-36,-5
-21.72,6,-36,-5
-21.72,6,-36,-5
-21.72,6,-36,-5
-21.72,6,-36,-5
-20.815,5,-37,-4
-20.815,5,-37,-4
-20.815,5,-37,-4
-21.72,6,-36,-5
-20.815,5,-37,-4
-7.24,2,-52,-1
-9.955,3,-49,-2
-9.955,3,-49,-2
-7.24,2,-52,-1
-9.955,3,-49,-2
-7.24,2,-52,-1
-7.24,2,-52,-1
-9.955,3,-49,-2
-9.955,3,-49,-2
-9.955,3,-49,-2
-23.53,5,-34,-4
-23.53,5,-34,-4
-23.53,5,-34,-4
-21.72,4,-36,-3
-21.72,4,-36,-3
-21.72,4,-36,-3
-23.53,5,-34,-4
-21.72,4,-36,-3
-21.72,4,-36,-3
-23.53,5,-34,-4
-9.05,2,-50,-1
-10.86,2,-48,-1
-10.86,2,-48,-1
-10.86,2,-48,-1
-9.05,2,-50,-1
-10.86,2,-48,-1
-10.86,2,-48,-1
-9.05,2,-50,-1
-10.86,2,-48,-1
-10.86,2,-48,-1
-34.39,10,-22,-9
-34.39,10,-22,-9
-32.58,10,-24,-9
-34.39,10,-22,-9
-34.39,10,-22,-9
-34.39,10,-22,-9
-34.39,10,-22,-9
-32.58,10,-24,-9
-34.39,10,-22,-9
-34.39,10,-22,-9
-12.67,3,-46,-2
-12.67,3,-46,-2
-12.67,3,-46,-2
-12.67,3,-46,-2
-12.67,3,-46,-2
-12.67,3,-46,-2
-12.67,3,-46,-2
-12.67,3,-46,-2
-12.67,3,-46,-2
-12.67,3,-46,-2
-18.1,4,-40,-3
-14.48,3,-44,-2
-18.1,4,-40,-3
-18.1,4,-40,-3
-16.29,3,-42,-2
-16.29,3,-42,-2
-18.1,4,-40,-3
-18.1,4,-40,-3
-16.29,3,-42,-2
-16.29,3,-42,-2
-18.1,4,-40,-3
-14.48,3,-44,-2
-18.1,4,-40,-3
-18.1,4,-40,-3
-16.29,3,-42,-2
-16.29,3,-42,-2
-18.1,4,-40,-3
-18.1,4,-40,-3
-16.29,3,-42,-2
-16.29,3,-42,-2
-18.1,4,-40,-3
-18.1,4,-40,-3
-18.1,4,-40,-3
-18.1,4,-40,-3
-14.48,3,-44,-2
-18.1,4,-40,-3
-18.1,4,-40,-3
-16.29,4,-42,-3
-18.1,4,-40,-3
-18.1,4,-40,-3
-14.48,4,-44,-3
-14.48,4,-44,-3
-14.48,4,-44,-3
-9.955,3,-49,-2
-14.48,4,-44,-3
-9.955,3,-49,-2
-13.575,3,-45,-2
-14.48,4,-44,-3
-14.48,4,-44,-3
-14.48,4,-44,-3
-9.05,2,-50,-1
-10.86,2,-48,-1
-10.86,2,-48,-1
-10.86,2,-48,-1
-9.05,2,-50,-1
-10.86,2,-48,-1
-10.86,2,-48,-1
-9.05,2,-50,-1
-10.86,2,-48,-1
-10.86,2,-48,-1
-19.91,4,-38,-3
-18.1,4,-40,-3
-18.1,4,-40,-3
-18.1,4,-40,-3
-18.1,4,-40,-3
-18.1,4,-40,-3
-19.91,4,-38,-3
-18.1,4,-40,-3
-18.1,4,-40,-3
-18.1,4,-40,-3
-34.39,10,-22,-9
-34.39,10,-22,-9
-34.39,10,-22,-9
-34.39,10,-22,-9
-34.39,10,-22,-9
-32.58,9,-24,-8
-34.39,10,-22,-9
-34.39,10,-22,-9
-34.39,10,-22,-9
-32.58,9,-24,-8
-34.39,14,-22,-13
-34.39,14,-22,-13
-34.39,14,-22,-13
-34.39,14,-22,-13
-34.39,14,-22,-13
-34.39,14,-22,-13
-34.39,14,-22,-13
-34.39,14,-22,-13
-34.39,14,-22,-13
-34.39,14,-22,-13
-19.91,4,-38,-3
-19.91,4,-38,-3
-19.91,4,-38,-3
-19.91,4,-38,-3
-19.91,4,-38,-3
-19.91,4,-38,-3
-19.91,4,-38,-3
-19.91,4,-38,-3
-19.91,4,-38,-3
-19.91,4,-38,-3
-14.48,4,-44,-3
-14.48,4,-44,-3
-14.48,4,-44,-3
-9.955,3,-49,-2
-14.48,4,-44,-3
-9.955,3,-49,-2
-13.575,3,-45,-2
-14.48,4,-44,-3
-14.48,4,-44,-3
-14.48,4,-44,-3
-25.34,5,-32,-4
-25.34,5,-32,-4
-23.53,5,-34,-4
-25.34,5,-32,-4
-25.34,5,-32,-4
-25.34,5,-32,-4
-25.34,5,-32,-4
-25.34,5,-32,-4
-25.34,5,-32,-4
-25.34,5,-32,-4
-16.29,3,-42,-2
-16.29,3,-42,-2
-16.29,3,-42,-2
-16.29,3,-42,-2
-16.29,3,-42,-2
-16.29,3,-42,-2
-16.29,3,-42,-2
-16.29,3,-42,-2
-16.29,3,-42,-2
-16.29,3,-42,-2
-21.72,5,-36,-4
-21.72,5,-36,-4
-21.72,5,-36,-4
-21.72,5,-36,-4
-21.72,5,-36,-4
-21.72,5,-36,-4
-21.72,5,-36,-4
-21.72,5,-36,-4
-19.91,4,-38,-3
-21.72,5,-36,-4
-12.67,3,-46,-2
-12.67,3,-46,-2
-12.67,3,-46,-2
-12.67,3,-46,-2
-12.67,3,-46,-2
-12.67,3,-46,-2
-12.67,3,-46,-2
-12.67,3,-46,-2
-12.67,3,-46,-2
-12.67,3,-46,-2
-14.48,4,-44,-3
-14.48,4,-44,-3
-14.48,4,-44,-3
-9.955,3,-49,-2
-14.48,4,-44,-3
-9.955,3,-49,-2
-13.575,3,-45,-2
-14.48,4,-44,-3
-14.48,4,-44,-3
-14.48,4,-44,-3
-26.245,7,-31,-6
-26.245,7,-31,-6
-27.15,6,-30,-5
-26.245,7,-31,-6
-28.055,7,-29,-6
-28.055,7,-29,-6
-26.245,7,-31,-6
-27.15,6,-30,-5
-23.53,6,-34,-5
-26.245,7,-31,-6
-28.055,7,-29,-6
-28.055,7,-29,-6
-32.58,8,-24,-7
-28.055,7,-29,-6
-32.58,8,-24,-7
-32.58,8,-24,-7
-32.58,8,-24,-7
-28.055,7,-29,-6
-32.58,8,-24,-7
-32.58,8,-24,-7
-14.48,3,-44,-2
-14.48,3,-44,-2
-14.48,3,-44,-2
-14.48,3,-44,-2
-14.48,3,-44,-2
-14.48,3,-44,-2
-14.48,3,-44,-2
-14.48,3,-44,-2
-14.48,3,-44,-2
-14.48,3,-44,-2
-18.1,4,-40,-3
-18.1,4,-40,-3
-19.91,4,-38,-3
-19.91,4,-38,-3
-19.91,4,-38,-3
-18.1,4,-40,-3
-18.1,4,-40,-3
-19.91,5,-38,-4
-18.1,4,-40,-3
-18.1,4,-40,-3
-19.005,5,-39,-4
-19.005,5,-39,-4
-19.005,5,-39,-4
-19.005,5,-39,-4
-19.005,5,-39,-4
-19.005,5,-39,-4
-19.005,5,-39,-4
-19.005,5,-39,-4
-19.005,5,-39,-4
-19.005,5,-39,-4
-9.05,2,-50,-1
-10.86,2,-48,-1
-10.86,2,-48,-1
-10.86,2,-48,-1
-9.05,2,-50,-1
-10.86,2,-48,-1
-10.86,2,-48,-1
-9.05,2,-50,-1
-10.86,2,-48,-1
-10.86,2,-48,-1
-16.29,3,-42,-2
-16.29,3,-42,-2
-16.29,3,-42,-2
-16.29,3,-42,-2
-16.29,3,-42,-2
-16.29,3,-42,-2
-16.29,3,-42,-2
-16.29,3,-42,-2
-16.29,3,-42,-2
-16.29,3,-42,-2
-9.05,2,-50,-1
-9.05,2,-50,-1
-9.05,2,-50,-1
-10.86,2,-48,-1
-9.05,2,-50,-1
-10.86,2,-48,-1
-10.86,2,-48,-1
-9.05,2,-50,-1
-10.86,2,-48,-1
-9.05,2,-50,-1
-10.86,2,-48,-1
-10.86,2,-48,-1
-10.86,2,-48,-1
-10.86,2,-48,-1
-10.86,2,-48,-1
-10.86,2,-48,-1
-10.86,2,-48,-1
-10.86,2,-48,-1
-10.86,2,-48,-1
-10.86,2,-48,-1
-16.29,3,-42,-2
-16.29,3,-42,-2
-16.29,3,-42,-2
-16.29,3,-42,-2
-16.29,3,-42,-2
-16.29,3,-42,-2
-16.29,3,-42,-2
-16.29,3,-42,-2
-16.29,3,-42,-2
-16.29,3,-42,-2
-14.48,3,-44,-2
-14.48,3,-44,-2
-14.48,3,-44,-2
-14.48,3,-44,-2
-14.48,3,-44,-2
-14.48,3,-44,-2
-14.48,3,-44,-2
-14.48,3,-44,-2
-14.48,3,-44,-2
-14.48,3,-44,-2
-10.86,2,-48,-1
-10.86,2,-48,-1
-10.86,2,-48,-1
-10.86,2,-48,-1
-10.86,2,-48,-1
-10.86,2,-48,-1
-10.86,2,-48,-1
-10.86,2,-48,-1
-10.86,2,-48,-1
-10.86,2,-48,-1
-9.05,2,-50,-1
-10.86,2,-48,-1
-10.86,2,-48,-1
-10.86,2,-48,-1
-9.05,2,-50,-1
-10.86,2,-48,-1
-10.86,2,-48,-1
-9.05,2,-50,-1
-10.86,2,-48,-1
-10.86,2,-48,-1
-21.72,6,-36,-5
-21.72,6,-36,-5
-21.72,6,-36,-5
-21.72,6,-36,-5
-21.72,6,-36,-5
-20.815,5,-37,-4
-20.815,5,-37,-4
-20.815,5,-37,-4
-21.72,6,-36,-5
-20.815,5,-37,-4
-21.72,4,-36,-3
-21.72,4,-36,-3
-21.72,4,-36,-3
-21.72,4,-36,-3
-21.72,4,-36,-3
-21.72,4,-36,-3
-18.1,4,-40,-3
-21.72,4,-36,-3
-21.72,4,-36,-3
-21.72,4,-36,-3
-25.34,5,-32,-4
-28.96,6,-28,-5
-27.15,6,-30,-5
-19.91,4,-38,-3
-25.34,6,-32,-5
-25.34,5,-32,-4
-28.96,6,-28,-5
-28.96,6,-28,-5
-25.34,5,-32,-4
-28.96,6,-28,-5
-9.05,2,-50,-1
-10.86,2,-48,-1
-10.86,2,-48,-1
-10.86,2,-48,-1
-9.05,2,-50,-1
-10.86,2,-48,-1
-10.86,2,-48,-1
-9.05,2,-50,-1
-10.86,2,-48,-1
-10.86,2,-48,-1
-21.72,6,-36,-5
-21.72,6,-36,-5
-21.72,6,-36,-5
-21.72,6,-36,-5
-21.72,6,-36,-5
-20.815,5,-37,-4
-20.815,5,-37,-4
-20.815,5,-37,-4
-21.72,6,-36,-5
-20.815,5,-37,-4
-25.34,6,-32,-5
-25.34,6,-32,-5
-25.34,6,-32,-5
-25.34,6,-32,-5
-25.34,6,-32,-5
-25.34,6,-32,-5
-25.34,6,-32,-5
-25.34,6,-32,-5
-25.34,6,-32,-5
-25.34,6,-32,-5
-18.1,4,-40,-3
-18.1,4,-40,-3
-18.1,4,-40,-3
-18.1,4,-40,-3
-14.48,3,-44,-2
-18.1,4,-40,-3
-18.1,4,-40,-3
-16.29,4,-42,-3
-18.1,4,-40,-3
-18.1,4,-40,-3
-18.1,4,-40,-3
-14.48,3,-44,-2
-18.1,4,-40,-3
-18.1,4,-40,-3
-16.29,3,-42,-2
-16.29,3,-42,-2
-18.1,4,-40,-3
-18.1,4,-40,-3
-16.29,3,-42,-2
-16.29,3,-42,-2
-29.865,7,-27,-6
-29.865,7,-27,-6
-29.865,7,-27,-6
-29.865,7,-27,-6
-29.865,7,-27,-6
-29.865,7,-27,-6
-29.865,7,-27,-6
-29.865,7,-27,-6
-29.865,7,-27,-6
-29.865,7,-27,-6
-12.67,3,-46,-2
-12.67,3,-46,-2
-12.67,3,-46,-2
-12.67,3,-46,-2
-12.67,3,-46,-2
-12.67,3,-46,-2
-12.67,3,-46,-2
-12.67,3,-46,-2
-12.67,3,-46,-2
-12.67,3,-46,-2
-16.29,3,-42,-2
-16.29,3,-42,-2
-16.29,3,-42,-2
-16.29,3,-42,-2
-16.29,3,-42,-2
-16.29,3,-42,-2
-16.29,3,-42,-2
-16.29,3,-42,-2
-16.29,3,-42,-2
-16.29,3,-42,-2
-16.29,3,-42,-2
-16.29,3,-42,-2
-16.29,3,-42,-2
-16.29,3,-42,-2
-16.29,3,-42,-2
-16.29,3,-42,-2
-16.29,3,-42,-2
-16.29,3,-42,-2
-16.29,3,-42,-2
-16.29,3,-42,-2
-18.1,4,-40,-3
-14.48,3,-44,-2
-18.1,4,-40,-3
-18.1,4,-40,-3
-16.29,3,-42,-2
-16.29,3,-42,-2
-18.1,4,-40,-3
-18.1,4,-40,-3
-16.29,3,-42,-2
-16.29,3,-42,-2
-16.29,3,-42,-2
-16.29,3,-42,-2
-16.29,3,-42,-2
-16.29,3,-42,-2
-16.29,3,-42,-2
-16.29,3,-42,-2
-16.29,3,-42,-2
-16.29,3,-42,-2
-16.29,3,-42,-2
-16.29,3,-42,-2
-34.39,10,-22,-9
-34.39,10,-22,-9
-32.58,10,-24,-9
-34.39,10,-22,-9
-34.39,10,-22,-9
-34.39,10,-22,-9
-34.39,10,-22,-9
-32.58,10,-24,-9
-34.39,10,-22,-9
-34.39,10,-22,-9
-19.91,5,-38,-4
-19.91,5,-38,-4
-19.91,5,-38,-4
-19.91,5,-38,-4
-19.91,5,-38,-4
-19.91,5,-38,-4
-19.91,5,-38,-4
-19.91,5,-38,-4
-19.91,5,-38,-4
-18.1,4,-40,-3
-34.39,14,-22,-13
-34.39,14,-22,-13
-34.39,14,-22,-13
-34.39,14,-22,-13
-34.39,14,-22,-13
-34.39,14,-22,-13
-34.39,14,-22,-13
-34.39,14,-22,-13
-34.39,14,-22,-13
-34.39,14,-22,-13
-12.67,3,-46,-2
-12.67,3,-46,-2
-12.67,3,-46,-2
-10.86,2,-48,-1
-12.67,3,-46,-2
-10.86,2,-48,-1
-12.67,3,-46,-2
-12.67,3,-46,-2
-10.86,2,-48,-1
-12.67,3,-46,-2
-10.86,2,-48,-1
-10.86,2,-48,-1
-10.86,2,-48,-1
-10.86,2,-48,-1
-10.86,2,-48,-1
-10.86,2,-48,-1
-10.86,2,-48,-1
-10.86,2,-48,-1
-10.86,2,-48,-1
-10.86,2,-48,-1
-9.05,3,-50,-2
-9.05,3,-50,-2
-10.86,4,-48,-3
-10.86,4,-48,-3
-9.05,3,-50,-2
-9.05,3,-50,-2
-10.86,4,-48,-3
-10.86,4,-48,-3
-9.05,3,-50,-2
-9.05,3,-50,-2
-10.86,2,-48,-1
-10.86,2,-48,-1
-10.86,2,-48,-1
-10.86,2,-48,-1
-10.86,2,-48,-1
-10.86,2,-48,-1
-10.86,2,-48,-1
-10.86,2,-48,-1
-10.86,2,-48,-1
-10.86,2,-48,-1
-7.24,2,-52,-1
-7.24,2,-52,-1
-7.24,2,-52,-1
-5.43,1,-54,0
-7.24,2,-52,-1
-5.43,1,-54,0
-5.43,1,-54,0
-7.24,2,-52,-1
-5.43,1,-54,0
-5.43,1,-54,0
-18.1,4,-40,-3
-18.1,4,-40,-3
-19.91,4,-38,-3
-19.91,4,-38,-3
-19.91,4,-38,-3
-18.1,4,-40,-3
-18.1,4,-40,-3
-19.91,5,-38,-4
-18.1,4,-40,-3
-18.1,4,-40,-3
0,0,-60,0
0,0,-60,0
0,0,-60,0
0,0,-60,0
0,0,-60,0
0,0,-60,0
0,0,-60,0
0,0,-60,0
-12.67,3,-46,-2
0,0,-60,0
-19.91,6,-38,-5
-19.91,6,-38,-5
-19.91,6,-38,-5
-19.91,6,-38,-5
-19.91,6,-38,-5
-19.91,6,-38,-5
-19.91,6,-38,-5
-19.91,6,-38,-5
-19.91,6,-38,-5
-19.91,6,-38,-5
-25.34,5,-32,-4
-25.34,5,-32,-4
-23.53,5,-34,-4
-25.34,5,-32,-4
-25.34,5,-32,-4
-25.34,5,-32,-4
-25.34,5,-32,-4
-25.34,5,-32,-4
-25.34,5,-32,-4
-25.34,5,-32,-4
-19.91,4,-38,-3
-18.1,4,-40,-3
-18.1,4,-40,-3
-18.1,4,-40,-3
-18.1,4,-40,-3
-18.1,4,-40,-3
-19.91,4,-38,-3
-18.1,4,-40,-3
-18.1,4,-40,-3
-18.1,4,-40,-3
-10.86,2,-48,-1
-10.86,2,-48,-1
-10.86,2,-48,-1
-10.86,2,-48,-1
-10.86,2,-48,-1
-10.86,2,-48,-1
-10.86,2,-48,-1
-10.86,2,-48,-1
-10.86,2,-48,-1
-10.86,2,-48,-1
0,0,-60,0
0,0,-60,0
0,0,-60,0
0,0,-60,0
0,0,-60,0
0,0,-60,0
0,0,-60,0
0,0,-60,0
-9.05,2,-50,-1
0,0,-60,0
-23.53,5,-34,-4
-23.53,5,-34,-4
-23.53,5,-34,-4
-23.53,5,-34,-4
-23.53,5,-34,-4
-23.53,5,-34,-4
-23.53,5,-34,-4
-23.53,5,-34,-4
-23.53,5,-34,-4
-23.53,5,-34,-4
-19.91,4,-38,-3
-18.1,4,-40,-3
-18.1,4,-40,-3
-18.1,4,-40,-3
-18.1,4,-40,-3
-18.1,4,-40,-3
-19.91,4,-38,-3
-18.1,4,-40,-3
-18.1,4,-40,-3
-18.1,4,-40,-3
-18.1,4,-40,-3
-18.1,4,-40,-3
-18.1,4,-40,-3
-18.1,4,-40,-3
-14.48,3,-44,-2
-18.1,4,-40,-3
-18.1,4,-40,-3
-16.29,4,-42,-3
-18.1,4,-40,-3
-18.1,4,-40,-3
-7.24,2,-52,-1
-9.955,3,-49,-2
-9.955,3,-49,-2
-7.24,2,-52,-1
-9.955,3,-49,-2
-7.24,2,-52,-1
-7.24,2,-52,-1
-9.955,3,-49,-2
-9.955,3,-49,-2
-9.955,3,-49,-2
-34.39,10,-22,-9
-34.39,10,-22,-9
-34.39,10,-22,-9
-34.39,10,-22,-9
-34.39,10,-22,-9
-32.58,9,-24,-8
-34.39,10,-22,-9
-34.39,10,-22,-9
-34.39,10,-22,-9
-32.58,9,-24,-8
-12.67,3,-46,-2
-12.67,3,-46,-2
-12.67,3,-46,-2
-12.67,3,-46,-2
-12.67,3,-46,-2
-12.67,3,-46,-2
-12.67,3,-46,-2
-12.67,3,-46,-2
-12.67,3,-46,-2
-12.67,3,-46,-2
-10.86,2,-48,-1
-10.86,2,-48,-1
-10.86,2,-48,-1
-10.86,2,-48,-1
-10.86,2,-48,-1
-10.86,2,-48,-1
-10.86,2,-48,-1
-10.86,2,-48,-1
-10.86,2,-48,-1
-10.86,2,-48,-1
-29.865,7,-27,-6
-29.865,7,-27,-6
-29.865,7,-27,-6
-29.865,7,-27,-6
-29.865,7,-27,-6
-29.865,7,-27,-6
-29.865,7,-27,-6
-29.865,7,-27,-6
-29.865,7,-27,-6
-29.865,7,-27,-6
-18.1,4,-40,-3
-18.1,4,-40,-3
-18.1,4,-40,-3
-18.1,4,-40,-3
-14.48,3,-44,-2
-18.1,4,-40,-3
-18.1,4,-40,-3
-16.29,4,-42,-3
-18.1,4,-40,-3
-18.1,4,-40,-3
-18.1,4,-40,-3
-18.1,4,-40,-3
-19.91,4,-38,-3
-19.91,4,-38,-3
-19.91,4,-38,-3
-18.1,4,-40,-3
-18.1,4,-40,-3
-19.91,5,-38,-4
-18.1,4,-40,-3
-18.1,4,-40,-3
-7.24,2,-52,-1
-9.955,3,-49,-2
-9.955,3,-49,-2
-7.24,2,-52,-1
-9.955,3,-49,-2
-7.24,2,-52,-1
-7.24,2,-52,-1
-9.955,3,-49,-2
-9.955,3,-49,-2
-9.955,3,-49,-2
-25.34,5,-32,-4
-25.34,5,-32,-4
-23.53,5,-34,-4
-25.34,5,-32,-4
-25.34,5,-32,-4
-25.34,5,-32,-4
-25.34,5,-32,-4
-25.34,5,-32,-4
-25.34,5,-32,-4
-25.34,5,-32,-4
-18.1,4,-40,-3
-18.1,4,-40,-3
-18.1,4,-40,-3
-18.1,4,-40,-3
-18.1,4,-40,-3
-18.1,4,-40,-3
-18.1,4,-40,-3
-18.1,4,-40,-3
-18.1,4,-40,-3
-18.1,4,-40,-3
-19.91,5,-38,-4
-19.91,5,-38,-4
-19.91,5,-38,-4
-19.91,5,-38,-4
-19.91,5,-38,-4
-19.91,5,-38,-4
-19.91,5,-38,-4
-19.91,5,-38,-4
-19.91,5,-38,-4
-18.1,4,-40,-3
-34.39,14,-22,-13
-34.39,14,-22,-13
-34.39,14,-22,-13
-34.39,14,-22,-13
-34.39,14,-22,-13
-34.39,14,-22,-13
-34.39,14,-22,-13
-34.39,14,-22,-13
-34.39,14,-22,-13
-34.39,14,-22,-13
-16.29,4,-42,-3
-16.29,4,-42,-3
-16.29,4,-42,-3
-16.29,4,-42,-3
-16.29,4,-42,-3
-14.48,3,-44,-2
-14.48,3,-44,-2
-16.29,4,-42,-3
-16.29,4,-42,-3
-16.29,4,-42,-3
-34.39,10,-22,-9
-34.39,10,-22,-9
-32.58,10,-24,-9
-34.39,10,-22,-9
-34.39,10,-22,-9
-34.39,10,-22,-9
-34.39,10,-22,-9
-32.58,10,-24,-9
-34.39,10,-22,-9
-34.39,10,-22,-9
-30.77,9,-26,-8
-30.77,9,-26,-8
-30.77,9,-26,-8
-30.77,9,-26,-8
-30.77,9,-26,-8
-30.77,9,-26,-8
-30.77,9,-26,-8
-30.77,9,-26,-8
-30.77,9,-26,-8
-30.77,9,-26,-8
-18.1,4,-40,-3
-18.1,4,-40,-3
-16.29,3,-42,-2
-18.1,4,-40,-3
-18.1,4,-40,-3
-16.29,4,-42,-3
-18.1,4,-40,-3
-16.29,3,-42,-2
-18.1,4,-40,-3
-18.1,4,-40,-3
-25.34,5,-32,-4
-28.96,6,-28,-5
-27.15,6,-30,-5
-19.91,4,-38,-3
-25.34,6,-32,-5
-25.34,5,-32,-4
-28.96,6,-28,-5
-28.96,6,-28,-5
-25.34,5,-32,-4
-28.96,6,-28,-5
-19.005,5,-39,-4
-19.005,5,-39,-4
-19.005,5,-39,-4
-19.005,5,-39,-4
-19.005,5,-39,-4
-19.005,5,-39,-4
-19.005,5,-39,-4
-19.005,5,-39,-4
-19.005,5,-39,-4
-19.005,5,-39,-4
-19.91,4,-38,-3
-18.1,4,-40,-3
-18.1,4,-40,-3
-18.1,4,-40,-3
-18.1,4,-40,-3
-18.1,4,-40,-3
-19.91,4,-38,-3
-18.1,4,-40,-3
-18.1,4,-40,-3
-18.1,4,-40,-3
-16.29,3,-42,-2
-16.29,3,-42,-2
-16.29,3,-42,-2
-16.29,3,-42,-2
-16.29,3,-42,-2
-16.29,3,-42,-2
-16.29,3,-42,-2
-16.29,3,-42,-2
-16.29,3,-42,-2
-16.29,3,-42,-2
-30.77,9,-26,-8
-30.77,9,-26,-8
-30.77,9,-26,-8
-30.77,9,-26,-8
-30.77,9,-26,-8
-30.77,9,-26,-8
-30.77,9,-26,-8
-30.77,9,-26,-8
-30.77,9,-26,-8
-30.77,9,-26,-8
0,0,-60,0
0,0,-60,0
0,0,-60,0
0,0,-60,0
0,0,-60,0
0,0,-60,0
0,0,-60,0
0,0,-60,0
-12.67,3,-46,-2
0,0,-60,0
-10.86,2,-48,-1
-10.86,2,-48,-1
-10.86,2,-48,-1
-10.86,2,-48,-1
-10.86,2,-48,-1
-10.86,2,-48,-1
-10.86,2,-48,-1
-10.86,2,-48,-1
-10.86,2,-48,-1
-10.86,2,-48,-1
-18.1,4,-40,-3
-14.48,3,-44,-2
-18.1,4,-40,-3
-18.1,4,-40,-3
-16.29,3,-42,-2
-16.29,3,-42,-2
-18.1,4,-40,-3
-18.1,4,-40,-3
-16.29,3,-42,-2
-16.29,3,-42,-2
-23.53,5,-34,-4
-23.53,5,-34,-4
-23.53,5,-34,-4
-21.72,4,-36,-3
-21.72,4,-36,-3
-21.72,4,-36,-3
-23.53,5,-34,-4
-21.72,4,-36,-3
-21.72,4,-36,-3
-23.53,5,-34,-4
-16.29,4,-42,-3
-16.29,4,-42,-3
-16.29,4,-42,-3
-16.29,4,-42,-3
-11.765,3,-47,-2
-11.765,3,-47,-2
-16.29,4,-42,-3
-11.765,3,-47,-2
-16.29,4,-42,-3
-11.765,3,-47,-2
0,0,-60,0
0,0,-60,0
0,0,-60,0
0,0,-60,0
0,0,-60,0
0,0,-60,0
0,0,-60,0
0,0,-60,0
-12.67,3,-46,-2
0,0,-60,0
-18.1,4,-40,-3
-14.48,3,-44,-2
-18.1,4,-40,-3
-18.1,4,-40,-3
-16.29,3,-42,-2
-16.29,3,-42,-2
-18.1,4,-40,-3
-18.1,4,-40,-3
-16.29,3,-42,-2
-16.29,3,-42,-2
-23.53,5,-34,-4
-23.53,5,-34,-4
-23.53,5,-34,-4
-21.72,4,-36,-3
-21.72,4,-36,-3
-21.72,4,-36,-3
-23.53,5,-34,-4
-21.72,4,-36,-3
-21.72,4,-36,-3
-23.53,5,-34,-4
