-48.87,11,-6,-1
-49.775,11,-5,-2
-48.87,11,-6,-1
-48.87,11,-6,-1
-49.775,11,-5,-2
-49.775,11,-5,-2
-48.87,11,-6,0
-49.775,11,-5,-2
-49.775,11,-5,-2
-52.49,11,-2,-1
-48.87,10,-6,-2
-48.87,10,-6,-2
-48.87,10,-6,-2
-48.87,10,-6,-2
-48.87,10,-6,-2
-48.87,10,-6,-2
-48.87,10,-6,-2
-50.68,11,-4,-2
-48.87,10,-6,-2
-48.87,10,-6,-2
-45.25,10,-10,-3
-45.25,10,-10,-3
-45.25,10,-10,-3
-48.87,11,-6,-3
-46.155,12,-9,-5
-45.25,10,-10,-3
-45.25,10,-10,-3
-48.87,11,-6,-3
-47.06,11,-8,-3
-45.25,10,-10,-3
-44.345,10,-11,-1
-47.06,11,-8,-2
-47.06,11,-8,-2
-44.345,10,-11,-1
-47.06,11,-8,-2
-44.345,10,-11,-1
-47.06,11,-8,-2
-47.06,11,-8,-2
-47.06,11,-8,-2
-47.06,11,-8,-2
-49.775,12,-5,-5
-47.06,11,-8,-5
-49.775,12,-5,-5
-49.775,12,-5,-5
-52.49,12,-2,-5
-49.775,12,-5,-5
-49.775,12,-5,-5
-49.775,12,-5,-4
-47.06,11,-8,-2
-51.585,12,-3,-5
-50.68,12,-4,-4
-50.68,12,-4,-4
-50.68,12,-4,-4
-50.68,12,-4,-4
-50.68,12,-4,-4
-50.68,12,-4,-4
-53.395,11,-1,-2
-50.68,12,-4,-4
-50.68,12,-4,-4
-51.585,12,-3,-3
-50.68,12,-4,-3
-46.155,10,-9,-3
-50.68,12,-4,-2
-46.155,10,-9,-3
-50.68,12,-4,-1
-50.68,12,-4,-2
-50.68,12,-4,-2
-50.68,12,-4,-2
-50.68,12,-4,-2
-50.68,12,-4,-2
-48.87,11,-6,-4
-54.3,12,0,-4
-50.68,11,-4,-4
-50.68,11,-4,-4
-50.68,11,-4,-4
-50.68,11,-4,-4
-50.68,11,-4,-4
-50.68,11,-4,-4
-48.87,11,-6,-3
-48.87,11,-6,-3
-43.44,11,-12,-2
-43.44,11,-12,-2
-43.44,11,-12,-2
-45.25,10,-10,-3
-43.44,11,-12,-2
-47.06,12,-8,-2
-45.25,10,-10,-3
-47.06,12,-8,-2
-47.06,12,-8,-3
-47.06,12,-8,-2
-49.775,11,-5,-3
-49.775,11,-5,-2
-49.775,11,-5,-2
-49.775,11,-5,-3
-46.155,11,-9,-1
-49.775,11,-5,-2
-50.68,11,-4,-3
-49.775,11,-5,-2
-49.775,11,-5,-2
-49.775,11,-5,-2
-48.87,11,-6,-3
-48.87,11,-6,-3
-53.395,12,-1,-3
-53.395,12,-1,-3
-48.87,11,-6,-3
-48.87,11,-6,-3
-53.395,12,-1,-3
-45.25,9,-10,-2
-48.87,11,-6,-4
-48.87,11,-6,-2
-53.395,12,-1,-4
-47.965,11,-7,-4
-47.06,10,-8,-2
-51.585,11,-3,-3
-50.68,11,-4,-1
-52.49,12,-2,-3
-51.585,11,-3,-3
-50.68,11,-4,-3
-42.535,9,-13,-2
-51.585,12,-3,-3
-51.585,11,-3,-2
-51.585,11,-3,-2
-53.395,11,-1,-3
-51.585,11,-3,-2
-51.585,11,-3,-2
-51.585,11,-3,-2
-51.585,11,-3,-2
-53.395,11,-1,-2
-53.395,11,-1,-3
-51.585,11,-3,-2
-50.68,11,-4,-2
-48.87,11,-6,-2
-50.68,11,-4,-2
-50.68,11,-4,-2
-50.68,11,-4,-2
-48.87,11,-6,-2
-48.87,11,-6,-1
-50.68,11,-4,-2
-48.87,11,-6,-1
-50.68,11,-4,-2
-48.87,10,-6,-2
-51.585,12,-3,-3
-48.87,10,-6,-2
-48.87,10,-6,-2
-48.87,10,-6,-2
-48.87,10,-6,-2
-48.87,10,-6,-2
-48.87,10,-6,-2
-48.87,10,-6,-2
-48.87,10,-6,-2
-50.68,11,-4,-2
-49.775,12,-5,-3
-49.775,12,-5,-4
-49.775,12,-5,-4
-49.775,12,-5,-3
-49.775,12,-5,-3
-50.68,11,-4,-2
-51.585,12,-3,-3
-51.585,12,-3,-3
-49.775,12,-5,-2
-52.49,11,-2,-2
-52.49,11,-2,-2
-52.49,11,-2,-2
-52.49,11,-2,-2
-51.585,11,-3,-3
-52.49,11,-2,-2
-51.585,11,-3,-2
-51.585,11,-3,-3
-51.585,11,-3,-2
-51.585,11,-3,-3
-52.49,11,-2,-2
-52.49,11,-2,-2
-52.49,11,-2,-2
-52.49,11,-2,-3
-52.49,11,-2,-3
-52.49,11,-2,-2
-52.49,11,-2,-2
-52.49,11,-2,-3
-52.49,11,-2,-2
-52.49,11,-2,-2
-47.06,10,-8,-2
-47.965,10,-7,-2
-47.06,11,-8,-1
-47.06,10,-8,-2
-47.06,12,-8,-4
-50.68,11,-4,-3
-47.06,10,-8,-2
-47.06,11,-8,-1
-44.345,9,-11,-1
-44.345,9,-11,-1
-50.68,11,-4,-2
-50.68,11,-4,-2
-50.68,11,-4,-2
-50.68,11,-4,-2
-50.68,11,-4,-2
-48.87,11,-6,-2
-50.68,11,-4,-2
-50.68,11,-4,-2
-50.68,11,-4,-2
-48.87,11,-6,-2
-52.49,12,-2,-2
-52.49,11,-2,-3
-52.49,12,-2,-2
-52.49,12,-2,-4
-52.49,12,-2,-2
-52.49,12,-2,-2
-52.49,12,-2,-2
-52.49,11,-2,-3
-52.49,12,-2,-2
-53.395,12,-1,-3
-53.395,12,-1,-4
-49.775,10,-5,-3
-53.395,12,-1,-4
-53.395,12,-1,-3
-53.395,12,-1,-3
-53.395,12,-1,-4
-53.395,12,-1,-4
-52.49,12,-2,-3
-52.49,12,-2,-3
-53.395,12,-1,-4
-52.49,12,-2,-2
-50.68,12,-4,-2
-49.775,12,-5,-3
-47.965,11,-7,-1
-50.68,12,-4,-2
-47.965,11,-7,-1
-50.68,12,-4,-4
-49.775,12,-5,-3
-50.68,12,-4,-4
-49.775,12,-5,-3
-48.87,12,-6,-3
-48.87,10,-6,-1
-46.155,12,-9,-4
-48.87,11,-6,-3
-48.87,12,-6,-3
-46.155,11,-9,-1
-44.345,10,-11,0
-46.155,12,-9,-4
-46.155,11,-9,-3
-46.155,12,-9,-4
-51.585,11,-3,-3
-46.155,10,-9,-2
-50.68,12,-4,-3
-43.44,9,-12,-2
-51.585,11,-3,-3
-51.585,11,-3,-2
-51.585,11,-3,-2
-51.585,11,-3,-3
-51.585,11,-3,-3
-51.585,11,-3,-2
-46.155,11,-9,-2
-46.155,11,-9,-2
-44.345,11,-11,-4
-46.155,11,-9,-3
-46.155,11,-9,-2
-45.25,12,-10,-5
-45.25,12,-10,-5
-46.155,11,-9,-2
-46.155,11,-9,-2
-46.155,11,-9,-2
-52.49,12,-2,-2
-52.49,12,-2,-2
-52.49,12,-2,-2
-52.49,12,-2,-3
-52.49,12,-2,-2
-52.49,12,-2,-2
-52.49,12,-2,-3
-52.49,12,-2,-2
-52.49,12,-2,-3
-52.49,12,-2,-2
-51.585,12,-3,-4
-53.395,12,-1,-3
-51.585,13,-3,-5
-51.585,12,-3,-5
-53.395,12,-1,-3
-51.585,12,-3,-3
-53.395,13,-1,-4
-51.585,12,-3,-3
-51.585,12,-3,-3
-51.585,12,-3,-5
-52.49,12,-2,-2
-48.87,11,-6,-4
-52.49,12,-2,-2
-53.395,12,-1,-1
-52.49,12,-2,-2
-53.395,12,-1,-2
-47.965,11,-7,-2
-48.87,11,-6,-4
-52.49,12,-2,-2
-52.49,12,-2,-2
-48.87,11,-6,-1
-47.965,10,-7,-1
-47.965,10,-7,-1
-47.965,10,-7,-1
-47.965,10,-7,-1
-48.87,11,-6,-2
-47.965,10,-7,-1
-47.965,10,-7,-1
-47.965,10,-7,-1
-48.87,11,-6,-1
-52.49,11,-2,-3
-48.87,11,-6,-1
-52.49,11,-2,-3
-52.49,11,-2,-3
-52.49,11,-2,-3
-52.49,11,-2,-3
-52.49,11,-2,-3
-48.87,11,-6,-1
-52.49,11,-2,-3
-52.49,11,-2,-3
-48.87,11,-6,-1
-48.87,11,-6,-1
-48.87,11,-6,-2
-50.68,12,-4,-2
-48.87,11,-6,-2
-50.68,12,-4,-1
-50.68,12,-4,0
-48.87,11,-6,-2
-48.87,11,-6,-2
-50.68,12,-4,-1
-54.3,12,0,-3
-54.3,12,0,-3
-54.3,12,0,-3
-54.3,12,0,-3
-54.3,12,0,-3
-54.3,12,0,-3
-54.3,12,0,-3
-54.3,12,0,-2
-49.775,12,-5,-4
-54.3,12,0,-3
-46.155,11,-9,-1
-47.965,11,-7,-4
-48.87,12,-6,-5
-53.395,12,-1,-3
-48.87,12,-6,-5
-46.155,11,-9,-1
-53.395,13,-1,-4
-53.395,12,-1,-3
-46.155,11,-9,-1
-48.87,12,-6,-5
-47.06,10,-8,-1
-47.06,10,-8,-1
-47.06,10,-8,-1
-47.06,10,-8,-1
-47.06,10,-8,-1
-47.06,10,-8,-1
-47.06,10,-8,-1
-47.06,10,-8,-1
-42.535,10,-13,0
-47.06,10,-8,-1
-45.25,9,-10,-3
-45.25,9,-10,-3
-45.25,9,-10,-3
-45.25,9,-10,-3
-46.155,9,-9,-1
-46.155,9,-9,-1
-41.63,8,-14,-1
-45.25,9,-10,-3
-46.155,9,-9,-1
-45.25,9,-10,-3
-47.06,10,-8,-2
-47.06,10,-8,-2
-46.155,10,-9,0
-47.06,10,-8,-2
-42.535,9,-13,-2
-46.155,10,-9,0
-47.06,10,-8,-2
-44.345,10,-11,-3
-42.535,9,-13,-2
-47.06,10,-8,-2
-49.775,12,-5,-1
-49.775,12,-5,-1
-50.68,12,-4,-3
-49.775,12,-5,0
-50.68,12,-4,-2
-51.585,11,-3,-2
-49.775,12,-5,-1
-51.585,11,-3,-2
-50.68,12,-4,-2
-50.68,12,-4,-1
-52.49,12,-2,-3
-52.49,12,-2,-3
-49.775,10,-5,-1
-52.49,12,-2,-2
-47.965,10,-7,-1
-42.535,9,-13,-2
-53.395,11,-1,-1
-53.395,11,-1,-1
-43.44,9,-12,-3
-53.395,11,-1,-1
-53.395,12,-1,-3
-53.395,12,-1,-3
-52.49,12,-2,-2
-53.395,12,-1,-3
-46.155,11,-9,-3
-52.49,12,-2,-2
-50.68,11,-4,-1
-53.395,12,-1,-3
-52.49,12,-2,-2
-53.395,12,-1,-3
-43.44,9,-12,-2
-44.345,9,-11,-2
-43.44,9,-12,-2
-43.44,9,-12,-2
-44.345,9,-11,-2
-45.25,10,-10,-2
-38.915,8,-17,-2
-47.06,10,-8,-2
-44.345,9,-11,-2
-43.44,9,-12,-2
-53.395,11,-1,-1
-53.395,11,-1,0
-52.49,11,-2,-1
-52.49,12,-2,-3
-53.395,11,-1,0
-53.395,11,-1,0
-53.395,11,-1,-1
-53.395,11,-1,0
-53.395,11,-1,0
-53.395,11,-1,0
-47.965,11,-7,-4
-48.87,11,-6,-3
-47.965,11,-7,-4
-52.49,12,-2,-3
-50.68,12,-4,-5
-50.68,12,-4,-5
-47.06,10,-8,-3
-48.87,11,-6,-3
-47.965,11,-7,-4
-47.965,11,-7,-4
-47.965,11,-7,-2
-47.965,11,-7,-2
-47.965,11,-7,-2
-47.965,11,-7,-2
-44.345,10,-11,-1
-45.25,10,-10,-1
-47.06,10,-8,-1
-46.155,10,-9,-1
-47.965,11,-7,-2
-46.155,10,-9,-4
-47.965,12,-7,-3
-48.87,12,-6,-3
-49.775,12,-5,-4
-50.68,12,-4,-4
-47.965,12,-7,-3
-47.965,12,-7,-2
-48.87,12,-6,-3
-47.965,12,-7,-3
-48.87,12,-6,-3
-49.775,12,-5,-3
-49.775,13,-5,-4
-49.775,13,-5,-5
-49.775,13,-5,-5
-49.775,13,-5,-5
-50.68,13,-4,-4
-49.775,13,-5,-5
-49.775,13,-5,-5
-49.775,13,-5,-5
-49.775,13,-5,-5
-47.06,12,-8,-5
-52.49,12,-2,-2
-52.49,12,-2,-2
-52.49,12,-2,-2
-52.49,12,-2,-2
-52.49,12,-2,-2
-52.49,12,-2,-2
-52.49,12,-2,-2
-52.49,12,-2,-2
-52.49,12,-2,-2
-52.49,12,-2,-2
-47.06,10,-8,-1
-44.345,11,-11,-1
-47.06,10,-8,-1
-44.345,11,-11,-1
-44.345,11,-11,-1
-47.06,10,-8,-1
-47.06,10,-8,-1
-48.87,10,-6,-2
-48.87,10,-6,-2
-47.06,10,-8,-1
-45.25,10,-10,-2
-44.345,10,-11,-2
-49.775,11,-5,-2
-44.345,10,-11,-2
-44.345,10,-11,-2
-49.775,11,-5,-2
-49.775,11,-5,-2
-49.775,11,-5,-2
-44.345,10,-11,-2
-44.345,10,-11,-2
-51.585,12,-3,-2
-51.585,12,-3,-2
-51.585,12,-3,-2
-51.585,12,-3,-2
-51.585,12,-3,-2
-51.585,12,-3,-2
-51.585,12,-3,-2
-51.585,12,-3,-3
-51.585,12,-3,-2
-51.585,12,-3,-2
-50.68,11,-4,0
-49.775,11,-5,-2
-50.68,11,-4,0
-49.775,11,-5,0
-49.775,11,-5,0
-49.775,11,-5,-1
-46.155,11,-9,-3
-49.775,11,-5,-1
-49.775,11,-5,-2
-54.3,13,0,-3
-51.585,11,-3,-2
-51.585,12,-3,-2
-51.585,11,-3,-2
-51.585,11,-3,-2
-52.49,12,-2,-3
-49.775,11,-5,-2
-48.87,11,-6,-1
-49.775,11,-5,-2
-51.585,11,-3,-2
-51.585,11,-3,-2
-47.06,10,-8,-1
-51.585,12,-3,-2
-51.585,12,-3,-2
-47.06,10,-8,0
-47.06,10,-8,-1
-53.395,12,-1,-2
-52.49,12,-2,-3
-53.395,12,-1,-2
-53.395,12,-1,-2
-47.06,10,-8,0
-53.395,12,-1,-2
-53.395,12,-1,-2
-53.395,12,-1,-2
-48.87,11,-6,-1
-47.965,11,-7,-2
-47.965,11,-7,-2
-47.965,11,-7,-2
-47.965,11,-7,-2
-47.965,11,-7,-2
-47.965,11,-7,-2
-46.155,9,-9,0
-47.965,9,-7,-2
-47.965,9,-7,-2
-47.965,9,-7,-2
-47.965,9,-7,-2
-47.965,9,-7,-2
-47.965,9,-7,-2
-47.965,9,-7,-2
-47.965,9,-7,-2
-47.965,9,-7,-2
-50.68,11,-4,0
-47.965,11,-7,-2
-52.49,11,-2,0
-50.68,11,-4,0
-50.68,11,-4,0
-50.68,11,-4,0
-52.49,11,-2,0
-52.49,11,-2,0
-50.68,11,-4,0
-52.49,11,-2,0
-47.965,12,-7,-4
-47.965,12,-7,-4
-47.965,11,-7,-3
-46.155,11,-9,-4
-46.155,11,-9,-4
-46.155,11,-9,-4
-46.155,10,-9,-1
-46.155,11,-9,-4
-47.06,11,-8,-2
-48.87,11,-6,-3
-52.49,12,-2,-1
-52.49,12,-2,-2
-52.49,12,-2,-3
-52.49,12,-2,-2
-52.49,12,-2,-2
-52.49,12,-2,-3
-52.49,12,-2,-2
-52.49,12,-2,-2
-52.49,12,-2,-2
-52.49,12,-2,-2
-50.68,12,-4,-2
-51.585,12,-3,-3
-50.68,12,-4,-2
-50.68,12,-4,-2
-50.68,12,-4,-1
-50.68,12,-4,-2
-50.68,12,-4,-2
-50.68,12,-4,-2
-50.68,12,-4,-2
-48.87,11,-6,-3
-52.49,11,-2,-1
-53.395,11,-1,-2
-52.49,11,-2,-3
-52.49,11,-2,-1
-53.395,11,-1,-1
-52.49,11,-2,-1
-52.49,11,-2,-3
-52.49,11,-2,-3
-53.395,11,-1,-1
-53.395,11,-1,-1
-51.585,12,-3,-3
-50.68,12,-4,-3
-51.585,12,-3,-3
-53.395,11,-1,0
-51.585,12,-3,-3
-51.585,12,-3,-3
-51.585,11,-3,-2
-53.395,11,-1,0
-51.585,11,-3,-2
-51.585,11,-3,-2
-47.06,12,-8,-2
-47.965,12,-7,-3
-47.965,11,-7,-3
-47.965,12,-7,-2
-47.965,11,-7,-3
-47.965,12,-7,-2
-47.965,11,-7,-3
-47.965,12,-7,-3
-47.965,12,-7,-3
-47.965,11,-7,-3
-48.87,10,-6,-2
-46.155,11,-9,-3
-45.25,10,-10,-2
-47.965,10,-7,-3
-50.68,11,-4,-3
-47.965,10,-7,-3
-47.965,10,-7,-3
-45.25,10,-10,-2
-47.965,10,-7,-3
-47.965,10,-7,-3
-51.585,11,-3,-1
-52.49,11,-2,-3
-52.49,11,-2,-3
-51.585,11,-3,-1
-51.585,11,-3,-2
-50.68,11,-4,-1
-52.49,11,-2,-3
-51.585,11,-3,-1
-52.49,11,-2,-3
-52.49,11,-2,-3
-45.25,9,-10,-2
-45.25,9,-10,-2
-44.345,9,-11,-1
-45.25,9,-10,-2
-45.25,9,-10,-2
-42.535,9,-13,-2
-44.345,9,-11,-1
-45.25,9,-10,-2
-45.25,10,-10,-3
-42.535,9,-13,-2
-50.68,11,-4,-2
-50.68,11,-4,-2
-50.68,11,-4,-2
-49.775,11,-5,-1
-49.775,11,-5,0
-50.68,11,-4,-2
-50.68,11,-4,-2
-50.68,11,-4,-2
-49.775,11,-5,-1
-48.87,12,-6,-2
-53.395,12,-1,-3
-53.395,12,-1,-2
-52.49,12,-2,-3
-53.395,12,-1,-3
-53.395,12,-1,-3
-53.395,12,-1,-2
-53.395,12,-1,-3
-52.49,12,-2,-3
-53.395,12,-1,-3
-52.49,12,-2,-3
-48.87,10,-6,-1
-47.965,10,-7,0
-47.965,10,-7,0
-47.965,10,-7,0
-47.965,10,-7,0
-47.965,10,-7,0
-47.965,10,-7,0
-47.965,10,-7,0
-47.965,10,-7,-1
-47.965,10,-7,0
-48.87,10,-6,0
-48.87,10,-6,0
-48.87,10,-6,0
-48.87,10,-6,0
-47.06,11,-8,-1
-48.87,10,-6,-1
-48.87,10,-6,0
-48.87,10,-6,0
-48.87,10,-6,0
-48.87,10,-6,0
-49.775,12,-5,-3
-48.87,12,-6,-3
-48.87,12,-6,-2
-48.87,12,-6,-1
-48.87,12,-6,-2
-48.87,12,-6,-2
-48.87,12,-6,-2
-49.775,12,-5,-2
-49.775,12,-5,-3
-48.87,12,-6,-2
-48.87,10,-6,-1
-48.87,10,-6,-1
-48.87,10,-6,-1
-48.87,10,-6,-1
-48.87,10,-6,-1
-48.87,10,-6,-1
-48.87,10,-6,-1
-48.87,10,-6,-1
-48.87,10,-6,-1
-48.87,10,-6,-1
-49.775,11,-5,-2
-49.775,11,-5,-2
-50.68,11,-4,-1
-49.775,11,-5,-2
-49.775,11,-5,-2
-49.775,11,-5,-2
-49.775,11,-5,0
-50.68,11,-4,-1
-49.775,11,-5,-2
-49.775,11,-5,-2
-47.06,11,-8,-2
-48.87,11,-6,-3
-48.87,11,-6,-2
-48.87,11,-6,-2
-48.87,11,-6,-3
-48.87,11,-6,-2
-44.345,10,-11,-1
-48.87,11,-6,-3
-48.87,11,-6,-3
-48.87,11,-6,-2
-49.775,11,-5,-3
-49.775,11,-5,-4
-49.775,11,-5,-3
-49.775,11,-5,-4
-51.585,11,-3,-4
-51.585,11,-3,-4
-49.775,11,-5,-3
-49.775,11,-5,-3
-51.585,11,-3,-4
-49.775,11,-5,-3
-51.585,11,-3,-3
-50.68,11,-4,-3
-52.49,12,-2,-5
-51.585,11,-3,-3
-52.49,12,-2,-4
-53.395,12,-1,-4
-50.68,12,-4,-3
-52.49,12,-2,-5
-52.49,12,-2,-5
-50.68,11,-4,-3
-54.3,12,0,-3
-53.395,12,-1,-3
-48.87,11,-6,-1
-53.395,12,-1,-3
-48.87,11,-6,-2
-52.49,12,-2,-4
-48.87,11,-6,-2
-48.87,11,-6,-1
-53.395,12,-1,-3
-53.395,12,-1,-3
-51.585,12,-3,-4
-51.585,12,-3,-2
-51.585,12,-3,-2
-50.68,12,-4,-5
-47.06,11,-6,-3
-50.68,12,-4,-5
-51.585,12,-3,-4
-51.585,12,-3,-2
-51.585,12,-3,-4
-51.585,12,-3,-4
-52.49,11,-2,-1
-52.49,11,-2,-1
-52.49,11,-2,-2
-51.585,11,-3,-2
-52.49,11,-2,-1
-52.49,11,-2,-1
-52.49,11,-2,-1
-52.49,11,-2,-1
-52.49,11,-2,-1
-52.49,11,-2,-2
-50.68,12,-4,-3
-45.25,11,-10,-2
-48.87,12,-6,-4
-50.68,12,-4,-3
-49.775,12,-5,-4
-50.68,12,-4,-3
-49.775,12,-5,-3
-50.68,12,-4,-3
-45.25,11,-10,-2
-50.68,12,-4,-3
-48.87,11,-6,-4
-48.87,11,-6,-4
-48.87,11,-6,-4
-48.87,11,-6,-4
-47.965,12,-7,-3
-48.87,11,-6,-4
-48.87,11,-6,-4
-48.87,11,-6,-4
-48.87,11,-6,-3
-48.87,11,-6,-4
-48.87,11,-6,-2
-50.68,10,-4,0
-50.68,10,-4,0
-50.68,10,-4,0
-50.68,10,-4,0
-50.68,10,-4,0
-48.87,11,-6,-2
-50.68,10,-4,0
-48.87,11,-6,-2
-48.87,11,-6,-3
-49.775,12,-5,-2
-50.68,12,-4,-3
-49.775,12,-5,-2
-50.68,12,-4,-3
-50.68,12,-4,-3
-49.775,12,-5,-2
-50.68,12,-4,-3
-50.68,12,-4,-3
-49.775,12,-5,-2
-45.25,11,-10,-1
-46.155,11,-9,-1
-48.87,13,-6,-4
-48.87,13,-6,-3
-47.965,11,-7,-2
-46.155,11,-9,-1
-48.87,13,-6,-4
-48.87,13,-6,-4
-46.155,11,-9,-1
-48.87,13,-6,-4
-48.87,13,-6,-4
-52.49,12,-2,-2
-52.49,12,-2,-2
-52.49,12,-2,-2
-52.49,12,-2,-2
-52.49,12,-2,-2
-52.49,12,-2,-3
-51.585,12,-3,-3
-52.49,12,-2,-3
-51.585,12,-3,-3
-52.49,12,-2,-2
-49.775,11,-5,-1
-49.775,11,-5,-2
-49.775,11,-5,-1
-49.775,11,-5,-3
-49.775,11,-5,-3
-54.3,13,0,-3
-49.775,11,-5,-1
-49.775,11,-5,-3
-49.775,11,-5,-3
-54.3,13,0,-3
-52.49,12,-2,-2
-52.49,12,-2,-2
-52.49,12,-2,-2
-51.585,12,-3,-3
-52.49,12,-2,-2
-52.49,12,-2,-2
-52.49,12,-2,-2
-52.49,12,-2,-2
-52.49,12,-2,-2
-52.49,11,-2,-2
-49.775,12,-5,-2
-48.87,11,-6,-2
-49.775,12,-5,-1
-48.87,11,-6,-2
-50.68,11,-4,-2
-49.775,12,-5,-1
-49.775,12,-5,-1
-48.87,11,-6,-2
-48.87,12,-6,-4
-50.68,11,-4,-2
-46.155,11,-9,-1
-46.155,11,-9,-1
-46.155,11,-9,-1
-46.155,11,-9,-1
-46.155,11,-9,-1
-47.06,12,-8,-4
-46.155,11,-9,-1
-46.155,11,-9,-1
-46.155,11,-9,-1
-47.965,12,-7,-4
-48.87,11,-6,-2
-48.87,11,-6,-2
-53.395,11,-1,-1
-53.395,11,-1,-1
-53.395,11,-1,-1
-48.87,11,-6,-1
-53.395,11,-1,-1
-53.395,11,-1,-1
-53.395,11,-1,-1
-53.395,11,-1,-1
-50.68,12,-4,-2
-50.68,12,-4,-2
-50.68,12,-4,-2
-49.775,11,-5,-3
-50.68,12,-4,-2
-49.775,11,-5,-3
-48.87,11,-6,-1
-50.68,12,-4,-2
-50.68,12,-4,-2
-50.68,12,-4,-2
-53.395,12,-1,-3
-53.395,12,-1,-3
-54.3,12,0,-2
-53.395,12,-1,-3
-53.395,12,-1,-3
-54.3,12,0,-1
-53.395,12,-1,-3
-54.3,11,0,-3
-53.395,12,-1,-3
-54.3,11,0,-3
-49.775,12,-5,-3
-49.775,12,-5,-2
-49.775,12,-5,-3
-49.775,12,-5,-2
-49.775,12,-5,-1
-49.775,12,-5,-4
-49.775,12,-5,-1
-49.775,12,-5,-2
-49.775,12,-5,-3
-49.775,12,-5,-3
-45.25,9,-10,-2
-47.965,11,-7,-3
-47.965,11,-7,-3
-47.965,11,-7,-3
-47.965,11,-7,-3
-47.965,11,-7,-3
-47.965,11,-7,-3
-47.965,11,-7,-3
-47.965,11,-7,-3
-47.965,11,-7,-3
-48.87,12,-6,-3
-47.965,12,-7,-3
-48.87,12,-6,-3
-46.155,13,-9,-4
-48.87,12,-6,-3
-47.965,11,-7,-2
-50.68,12,-4,-4
-47.965,12,-7,-3
-50.68,12,-4,-4
-46.155,13,-9,-4
-52.49,13,-2,-4
-53.395,13,-1,-6
-54.3,12,0,-3
-53.395,13,-1,-4
-54.3,12,0,-3
-53.395,13,-1,-4
-54.3,12,0,-3
-54.3,12,0,-3
-54.3,12,0,-3
-54.3,12,0,-3
-50.68,12,-4,-5
-49.775,11,-5,-2
-50.68,12,-4,-2
-49.775,11,-5,-2
-47.06,10,-8,-2
-49.775,11,-5,-4
-47.965,10,-7,-3
-47.965,11,-7,-4
-47.965,10,-7,-3
-47.965,10,-7,-3
-48.87,11,-6,-3
-47.965,11,-7,-3
-52.49,12,-2,-2
-47.06,10,-8,-3
-47.965,11,-7,-3
-52.49,12,-2,-2
-48.87,11,-6,-3
-49.775,11,-5,-4
-49.775,11,-5,-4
-53.395,12,-1,-1
-53.395,11,-1,0
-53.395,11,-1,0
-51.585,11,-3,-2
-51.585,11,-3,-2
-50.68,12,-4,-4
-53.395,11,-1,0
-53.395,11,-1,0
-53.395,11,-1,0
-53.395,11,-1,0
-53.395,11,-1,0
-51.585,12,-3,-3
-51.585,12,-3,-3
-51.585,12,-3,-3
-51.585,12,-3,-3
-51.585,12,-3,-3
-47.965,12,-7,-4
-44.345,10,-11,-2
-51.585,12,-3,-3
-51.585,12,-3,-3
-51.585,12,-3,-3
-52.49,12,-2,-3
-52.49,12,-2,-3
-52.49,12,-2,-3
-48.87,11,-6,-1
-52.49,12,-2,-2
-52.49,12,-2,-2
-52.49,12,-2,-2
-47.06,12,-8,-4
-52.49,12,-2,-3
-47.06,12,-8,-4
