-30.315,8,-17,-3
-30.315,8,-17,-3
-30.315,8,-17,-3
-30.315,8,-17,-3
-30.315,8,-17,-3
-26.79,7,-22,-2
-28.905,8,-19,-4
-27.495,8,-21,-3
-30.315,8,-17,-3
-30.315,8,-17,-3
-34.545,9,-11,-4
-34.545,9,-11,-4
-33.84,8,-12,-4
-34.545,9,-11,-4
-34.545,9,-11,-5
-34.545,9,-11,-4
-34.545,9,-11,-4
-33.84,8,-12,-4
-33.84,8,-12,-4
-34.545,9,-11,-4
-32.43,9,-14,-5
-33.84,9,-12,-5
-33.84,9,-12,-5
-33.135,9,-13,-6
-33.84,9,-12,-5
-31.725,8,-15,-4
-33.84,9,-12,-5
-33.84,9,-12,-5
-32.43,9,-14,-5
-33.135,9,-13,-5
-30.315,8,-17,-4
-33.84,9,-12,-4
-33.84,9,-12,-5
-32.43,8,-14,-4
-31.725,9,-15,-5
-32.43,8,-14,-4
-31.02,9,-16,-5
-33.135,9,-13,-5
-33.84,9,-12,-3
-33.135,9,-13,-5
-33.135,10,-13,-5
-33.135,10,-13,-5
-28.2,8,-20,-4
-29.61,8,-18,-3
-29.61,8,-18,-3
-29.61,8,-18,-3
-28.2,9,-20,-4
-31.725,10,-15,-5
-29.61,8,-18,-3
-31.02,9,-16,-5
-29.61,8,-18,-4
-31.02,8,-16,-4
-31.02,8,-16,-3
-31.02,8,-16,-3
-29.61,8,-18,-4
-30.315,8,-17,-3
-31.02,8,-16,-4
-28.2,7,-20,-3
-31.02,8,-16,-3
-33.84,8,-12,-3
-33.135,8,-13,-5
-29.61,7,-18,-5
-33.135,8,-13,-5
-34.545,9,-11,-6
-35.25,10,-10,-6
-33.135,8,-13,-5
-31.725,10,-15,-7
-35.25,9,-10,-6
-34.545,9,-11,-5
-35.25,10,-10,-7
-32.43,8,-14,-3
-32.43,8,-14,-3
-32.43,8,-14,-3
-32.43,8,-14,-3
-32.43,8,-14,-4
-31.02,8,-16,-3
-31.02,8,-16,-3
-32.43,8,-14,-3
-31.02,8,-16,-3
-32.43,8,-14,-3
-38.07,11,-6,-6
-35.25,11,-10,-6
-35.25,11,-10,-6
-34.545,10,-11,-6
-34.545,10,-11,-5
-38.07,11,-6,-6
-38.07,11,-6,-6
-38.775,12,-5,-7
-38.775,12,-5,-7
-34.545,10,-11,-5
-32.43,8,-14,-3
-32.43,8,-14,-3
-32.43,8,-14,-3
-32.43,8,-14,-3
-32.43,8,-14,-3
-32.43,8,-14,-3
-31.02,8,-16,-3
-31.02,8,-16,-3
-32.43,8,-14,-3
-32.43,8,-14,-3
-35.25,9,-10,-5
-35.25,9,-10,-5
-33.84,8,-12,-4
-35.25,9,-10,-5
-35.25,9,-10,-5
-34.545,9,-11,-4
-33.84,8,-12,-4
-35.25,9,-10,-5
-33.84,8,-12,-4
-32.43,8,-14,-5
-35.955,9,-9,-4
-37.365,10,-7,-4
-38.775,11,-5,-6
-38.07,11,-6,-5
-34.545,9,-11,-4
-38.775,11,-5,-6
-35.25,10,-10,-5
-38.775,11,-5,-6
-37.365,10,-7,-4
-38.775,11,-5,-6
-32.43,10,-14,-6
-31.02,8,-16,-3
-32.43,9,-14,-4
-32.43,9,-14,-4
-32.43,9,-14,-4
-32.43,9,-14,-6
-32.43,9,-14,-4
-31.02,8,-16,-3
-31.02,8,-16,-3
-32.43,9,-14,-4
-40.185,12,-3,-6
-37.365,12,-7,-6
-37.365,12,-7,-6
-40.185,12,-3,-6
-37.365,12,-7,-6
-39.48,12,-4,-8
-34.545,10,-11,-6
-40.185,12,-3,-6
-37.365,12,-7,-6
-36.66,12,-8,-6
-35.25,9,-10,-5
-36.66,9,-8,-6
-36.66,9,-8,-5
-36.66,9,-8,-5
-35.25,9,-10,-5
-36.66,9,-8,-5
-36.66,9,-8,-6
-38.07,9,-6,-5
-35.25,9,-10,-5
-35.25,9,-10,-5
-36.66,9,-8,-4
-36.66,9,-8,-5
-36.66,9,-8,-5
-36.66,9,-8,-5
-36.66,9,-8,-4
-33.84,8,-12,-3
-36.66,9,-8,-4
-36.66,9,-8,-4
-36.66,9,-8,-3
-36.66,9,-8,-4
-38.07,10,-6,-4
-38.07,11,-6,-5
-35.955,9,-9,-5
-38.07,10,-6,-5
-36.66,10,-8,-4
-40.185,11,-3,-6
-39.48,10,-4,-4
-39.48,10,-4,-4
-39.48,11,-4,-5
-38.775,11,-5,-5
-33.84,10,-12,-5
-32.43,9,-14,-5
-33.84,9,-12,-6
-33.135,9,-13,-4
-33.84,10,-12,-4
-34.545,10,-11,-6
-34.545,9,-11,-7
-33.84,10,-12,-4
-35.25,10,-10,-6
-34.545,9,-11,-7
-31.02,9,-16,-4
-30.315,8,-17,-3
-31.725,10,-15,-5
-32.43,9,-14,-5
-31.02,9,-16,-4
-30.315,8,-17,-3
-32.43,9,-14,-5
-30.315,8,-17,-3
-28.905,8,-19,-3
-31.02,9,-16,-4
-35.25,10,-10,-5
-35.955,11,-9,-6
-33.84,10,-12,-5
-31.02,9,-16,-6
-33.135,9,-13,-4
-33.84,10,-12,-5
-35.25,10,-10,-5
-35.25,10,-10,-5
-34.545,10,-11,-5
-34.545,11,-11,-6
-37.365,10,-7,-4
-39.48,10,-4,-4
-35.25,11,-10,-6
-37.365,10,-7,-5
-34.545,9,-11,-6
-35.955,10,-9,-5
-34.545,9,-11,-4
-37.365,10,-7,-5
-37.365,10,-7,-6
-35.25,10,-10,-5
-35.955,11,-9,-6
-35.955,11,-9,-6
-36.66,11,-8,-6
-35.955,11,-9,-6
-35.955,12,-9,-7
-32.43,10,-14,-6
-35.955,12,-9,-7
-34.545,10,-11,-5
-35.955,11,-9,-6
-33.135,9,-13,-5
-36.66,10,-8,-6
-36.66,10,-8,-5
-38.07,11,-6,-6
-38.07,10,-6,-5
-36.66,10,-8,-5
-38.07,11,-6,-5
-38.07,11,-6,-6
-38.07,10,-6,-5
-39.48,11,-4,-6
-36.66,10,-8,-6
-33.135,9,-13,-4
-34.545,9,-11,-4
-34.545,9,-11,-4
-33.135,9,-13,-4
-31.725,8,-15,-4
-33.135,9,-13,-5
-33.135,9,-13,-4
-33.84,8,-12,-4
-31.02,9,-16,-5
-33.135,9,-13,-5
-38.775,11,-5,-5
-38.07,10,-6,-4
-34.545,9,-11,-3
-38.07,10,-6,-4
-39.48,11,-4,-6
-38.775,10,-5,-5
-35.955,10,-9,-5
-38.07,10,-6,-4
-38.07,10,-6,-4
-38.775,11,-5,-5
-29.61,8,-18,-5
-34.545,9,-11,-5
-29.61,8,-18,-5
-34.545,9,-11,-5
-30.315,9,-17,-6
-30.315,9,-17,-6
-34.545,9,-11,-5
-30.315,9,-17,-6
-29.61,8,-18,-5
-30.315,9,-17,-6
-35.955,10,-9,-6
-34.545,9,-11,-5
-33.135,9,-13,-5
-33.135,9,-13,-4
-34.545,10,-11,-6
-36.66,11,-8,-7
-35.955,10,-9,-6
-35.25,10,-10,-5
-35.955,10,-9,-6
-37.365,10,-7,-5
-33.135,10,-13,-4
-32.43,9,-14,-4
-32.43,9,-14,-4
-31.725,9,-15,-3
-32.43,9,-14,-4
-33.135,10,-13,-4
-35.25,10,-10,-5
-35.955,10,-9,-4
-35.25,10,-10,-5
-33.84,10,-12,-6
-33.84,8,-12,-4
-32.43,8,-14,-4
-31.02,8,-16,-4
-31.02,8,-16,-3
-33.84,8,-12,-4
-31.02,8,-16,-4
-32.43,8,-14,-4
-31.02,8,-16,-4
-33.84,8,-12,-4
-33.84,8,-12,-4
-37.365,10,-7,-5
-38.07,10,-6,-4
-37.365,10,-7,-5
-37.365,10,-7,-4
-37.365,11,-7,-5
-38.07,10,-6,-5
-38.07,10,-6,-4
-38.07,11,-6,-6
-35.955,10,-9,-5
-36.66,10,-8,-4
-31.02,9,-16,-3
-32.43,8,-14,-5
-32.43,9,-14,-4
-31.02,9,-16,-3
-32.43,8,-14,-5
-32.43,9,-14,-4
-32.43,9,-14,-3
-31.02,8,-16,-3
-32.43,9,-14,-4
-31.02,9,-16,-3
-33.84,9,-12,-4
-29.61,7,-18,-5
-33.84,9,-12,-5
-33.135,8,-13,-4
-33.84,9,-12,-5
-33.84,9,-12,-5
-31.725,8,-15,-3
-31.725,8,-15,-4
-33.84,9,-12,-5
-33.84,9,-12,-5
-36.66,10,-8,-6
-35.955,10,-9,-4
-38.07,10,-6,-5
-37.365,9,-7,-5
-35.955,9,-9,-4
-34.545,10,-11,-5
-36.66,10,-8,-5
-37.365,9,-7,-4
-36.66,9,-8,-5
-35.955,9,-9,-4
-33.135,10,-13,-6
-36.66,10,-8,-5
-36.66,11,-8,-6
-32.43,9,-14,-5
-33.135,10,-13,-5
-31.725,10,-15,-6
-33.135,10,-13,-6
-33.135,10,-13,-6
-33.135,11,-13,-5
-33.135,10,-13,-6
-31.725,8,-15,-4
-34.545,9,-11,-4
-34.545,9,-11,-4
-35.25,9,-10,-5
-34.545,9,-11,-4
-34.545,9,-11,-4
-35.25,9,-10,-5
-32.43,9,-14,-4
-35.25,9,-10,-5
-34.545,9,-11,-4
-35.25,10,-10,-5
-35.25,9,-10,-5
-36.66,9,-8,-6
-36.66,9,-8,-6
-33.84,8,-12,-6
-36.66,9,-8,-6
-33.84,8,-12,-6
-36.66,9,-8,-6
-36.66,9,-8,-6
-36.66,9,-8,-6
-40.185,11,-3,-7
-38.775,10,-5,-6
-40.185,11,-3,-6
-39.48,10,-4,-6
-40.185,11,-3,-7
-40.185,11,-3,-7
-38.775,10,-5,-6
-38.775,10,-5,-6
-40.185,11,-3,-7
-39.48,10,-4,-7
-35.25,9,-10,-5
-35.25,9,-10,-5
-35.25,9,-10,-5
-35.25,9,-10,-5
-35.25,9,-10,-5
-35.25,9,-10,-5
-33.84,8,-12,-5
-35.25,9,-10,-5
-33.84,9,-12,-5
-35.25,9,-10,-5
-33.84,9,-12,-4
-33.84,9,-12,-4
-35.25,9,-10,-4
-37.365,10,-7,-4
-35.955,9,-9,-4
-35.955,9,-9,-4
-34.545,9,-11,-4
-36.66,10,-8,-6
-35.955,9,-9,-4
-36.66,10,-8,-6
-31.02,8,-16,-3
-33.84,8,-12,-3
-33.84,8,-12,-3
-31.02,8,-16,-3
-31.02,8,-16,-3
-33.84,8,-12,-3
-33.84,8,-12,-3
-32.43,8,-14,-4
-31.02,8,-16,-4
-32.43,8,-14,-4
-31.725,8,-15,-4
-33.135,8,-13,-4
-33.135,8,-13,-4
-33.135,8,-13,-4
-33.135,8,-13,-4
-32.43,8,-14,-5
-30.315,8,-17,-4
-35.25,9,-10,-4
-32.43,8,-14,-4
-29.61,7,-18,-4
-35.955,10,-9,-6
-38.07,11,-6,-6
-35.955,10,-9,-5
-38.775,11,-5,-7
-38.775,11,-5,-7
-38.07,11,-6,-7
-35.955,10,-9,-6
-35.955,10,-9,-6
-38.775,11,-5,-7
-38.775,11,-5,-7
-31.725,9,-15,-4
-35.25,9,-10,-5
-34.545,10,-11,-4
-33.84,9,-12,-5
-34.545,9,-11,-5
-33.84,9,-12,-4
-34.545,10,-11,-6
-35.25,10,-10,-5
-33.84,9,-12,-4
-34.545,10,-11,-4
-40.185,11,-3,-7
-40.185,11,-3,-7
-40.185,11,-3,-7
-39.48,10,-4,-6
-40.185,11,-3,-7
-40.89,11,-2,-8
-40.185,11,-3,-7
-40.185,11,-3,-7
-37.365,9,-7,-5
-40.185,11,-3,-7
-35.955,9,-9,-6
-35.955,9,-9,-6
-36.66,10,-8,-7
-38.07,10,-6,-7
-35.955,9,-9,-6
-36.66,10,-8,-7
-35.955,9,-9,-6
-36.66,10,-8,-7
-36.66,10,-8,-7
-36.66,10,-8,-7
-38.07,10,-6,-6
-37.365,10,-7,-5
-38.07,10,-6,-5
-36.66,10,-8,-6
-37.365,10,-7,-5
-37.365,10,-7,-5
-37.365,10,-7,-6
-37.365,10,-7,-5
-37.365,10,-7,-5
-37.365,10,-7,-5
-33.84,11,-12,-6
-32.43,10,-14,-6
-33.135,12,-13,-8
-31.02,10,-16,-6
-33.84,10,-12,-6
-34.545,11,-11,-7
-32.43,10,-14,-5
-31.725,10,-15,-5
-32.43,10,-14,-5
-35.955,12,-9,-6
-31.02,8,-16,-5
-31.02,8,-16,-5
-32.43,8,-14,-4
-31.02,8,-16,-5
-31.02,8,-16,-5
-31.02,8,-16,-5
-31.725,8,-15,-4
-29.61,8,-18,-3
-31.02,8,-16,-4
-31.02,8,-16,-4
-33.135,8,-13,-4
-32.43,8,-14,-4
-35.25,9,-10,-5
-32.43,8,-14,-4
-32.43,8,-14,-4
-32.43,8,-14,-4
-32.43,8,-14,-4
-32.43,8,-14,-4
-32.43,8,-14,-4
-32.43,8,-14,-4
-35.25,9,-10,-6
-35.25,9,-10,-6
-33.84,8,-12,-5
-35.25,9,-10,-6
-35.25,9,-10,-6
-35.25,9,-10,-6
-35.25,9,-10,-6
-35.25,9,-10,-6
-35.25,9,-10,-6
-35.955,10,-9,-6
-38.775,10,-5,-6
-36.66,9,-8,-4
-38.775,10,-5,-6
-38.07,10,-6,-6
-38.07,10,-6,-6
-36.66,9,-8,-4
-38.07,10,-6,-6
-37.365,10,-7,-6
-38.775,10,-5,-6
-37.365,10,-7,-6
-35.25,10,-10,-4
-36.66,10,-8,-5
-36.66,10,-8,-5
-36.66,10,-8,-4
-36.66,10,-8,-4
-36.66,10,-8,-5
-36.66,10,-8,-5
-36.66,10,-8,-5
-35.25,10,-10,-4
-36.66,10,-8,-4
-33.84,8,-12,-4
-32.43,8,-14,-4
-33.84,8,-12,-5
-33.84,8,-12,-4
-33.84,8,-12,-5
-33.84,8,-12,-4
-33.84,9,-12,-4
-35.25,9,-10,-5
-33.84,8,-12,-4
-35.25,10,-10,-5
-40.89,11,-2,-7
-40.89,10,-2,-6
-39.48,10,-4,-6
-40.89,11,-2,-7
-39.48,11,-4,-6
-39.48,10,-4,-5
-40.89,10,-2,-6
-39.48,10,-4,-6
-39.48,10,-4,-6
-39.48,10,-4,-6
-35.25,10,-10,-5
-32.43,9,-14,-4
-32.43,9,-14,-4
-35.25,10,-10,-5
-35.25,10,-10,-5
-34.545,10,-11,-6
-35.25,10,-10,-5
-32.43,9,-14,-4
-35.25,10,-10,-5
-32.43,9,-14,-4
-35.25,11,-10,-6
-33.84,11,-12,-6
-35.25,12,-10,-7
-33.135,10,-13,-5
-33.84,11,-12,-6
-33.135,10,-13,-5
-35.25,11,-10,-6
-34.545,10,-11,-5
-35.955,11,-9,-7
-34.545,11,-11,-6
-33.84,9,-12,-5
-33.84,9,-12,-5
-33.135,9,-13,-4
-33.84,9,-12,-4
-33.135,9,-13,-4
-35.25,9,-10,-5
-33.84,9,-12,-5
-35.25,9,-10,-5
-34.545,10,-11,-6
-34.545,9,-11,-4
-35.25,9,-10,-4
-35.25,9,-10,-4
-33.84,9,-12,-4
-31.02,8,-16,-4
-33.84,8,-12,-4
-32.43,8,-14,-5
-32.43,8,-14,-5
-32.43,8,-14,-5
-35.25,9,-10,-4
-32.43,8,-14,-5
-35.25,9,-10,-5
-35.25,9,-10,-5
-36.66,9,-8,-6
-35.25,9,-10,-4
-36.66,9,-8,-5
-35.25,9,-10,-6
-35.25,9,-10,-5
-35.25,9,-10,-5
-35.25,9,-10,-5
-38.07,10,-6,-6
-32.43,10,-14,-6
-31.02,11,-16,-7
-30.315,10,-17,-5
-31.725,9,-15,-5
-29.61,9,-18,-5
-30.315,10,-17,-6
-30.315,10,-17,-6
-30.315,10,-17,-6
-32.43,10,-14,-6
-30.315,10,-17,-6
-33.84,9,-12,-5
-32.43,8,-14,-3
-32.43,8,-14,-5
-33.135,8,-13,-3
-33.135,8,-13,-3
-33.135,8,-13,-3
-32.43,8,-14,-5
-33.135,8,-13,-3
-32.43,8,-14,-3
-33.84,9,-12,-4
-32.43,9,-14,-5
-30.315,8,-17,-4
-33.135,9,-13,-5
-30.315,8,-17,-4
-33.135,9,-13,-6
-33.135,9,-13,-6
-33.135,9,-13,-6
-33.135,9,-13,-6
-34.545,9,-11,-5
-33.135,9,-13,-6
-38.07,10,-6,-7
-38.07,10,-6,-7
-38.07,10,-6,-7
-38.07,10,-6,-6
-38.07,10,-6,-6
-38.07,10,-6,-6
-38.775,10,-5,-5
-38.07,10,-6,-7
-38.07,10,-6,-6
-38.07,10,-6,-7
-35.25,10,-10,-6
-36.66,10,-8,-5
-35.955,10,-9,-5
-34.545,11,-11,-7
-35.25,10,-10,-5
-35.25,10,-10,-5
-35.955,10,-9,-5
-35.25,10,-10,-6
-35.25,10,-10,-6
-35.25,10,-10,-5
-32.43,8,-14,-4
-32.43,8,-14,-4
-32.43,8,-14,-3
-32.43,8,-14,-3
-32.43,8,-14,-4
-31.02,8,-16,-3
-32.43,8,-14,-4
-32.43,8,-14,-4
-32.43,8,-14,-4
-32.43,8,-14,-4
-29.61,9,-18,-5
-29.61,9,-18,-5
-29.61,9,-18,-5
-28.905,8,-19,-4
-32.43,11,-14,-7
-29.61,9,-18,-5
-30.315,9,-17,-4
-31.725,10,-15,-6
-32.43,10,-14,-4
-32.43,11,-14,-7
-35.955,10,-9,-6
-35.25,10,-10,-5
-35.955,10,-9,-6
-35.955,10,-9,-6
-35.955,10,-9,-6
-33.84,10,-12,-5
-35.955,10,-9,-6
-35.25,9,-10,-5
-35.955,10,-9,-6
-35.955,10,-9,-5
-33.84,10,-12,-6
-36.66,12,-8,-6
-38.07,12,-6,-7
-38.775,12,-5,-6
-39.48,12,-4,-7
-39.48,12,-4,-7
-38.07,12,-6,-7
-38.775,12,-5,-7
-37.365,11,-7,-6
-38.07,12,-6,-7
-29.61,7,-18,-2
-31.02,8,-16,-5
-29.61,7,-18,-3
-31.02,8,-16,-4
-29.61,7,-18,-3
-29.61,7,-18,-3
-31.02,8,-16,-4
-31.02,8,-16,-4
-29.61,7,-18,-3
-29.61,7,-18,-3
-37.365,9,-7,-4
-35.955,9,-9,-4
-37.365,9,-7,-4
-37.365,9,-7,-4
-37.365,9,-7,-4
-37.365,9,-7,-4
-37.365,9,-7,-4
-37.365,9,-7,-4
-37.365,9,-7,-4
-37.365,10,-7,-5
-35.955,9,-9,-4
-35.25,9,-10,-5
-35.955,9,-9,-4
-35.955,9,-9,-4
-35.25,9,-10,-5
-34.545,9,-11,-4
-35.955,9,-9,-4
-35.955,9,-9,-4
-35.955,9,-9,-4
-35.955,9,-9,-4
-33.84,9,-12,-4
-32.43,9,-14,-4
-32.43,9,-14,-5
-32.43,8,-14,-5
-38.775,10,-5,-5
-32.43,8,-14,-5
-30.315,8,-17,-5
-33.84,9,-12,-5
-33.84,9,-12,-5
-33.84,9,-12,-4
-35.955,10,-9,-7
-35.25,9,-10,-6
-35.25,9,-10,-7
-37.365,10,-7,-7
-35.25,9,-10,-7
-35.955,9,-9,-5
-37.365,10,-7,-7
-35.25,9,-10,-6
-35.955,10,-9,-7
-35.25,9,-10,-6
-34.545,9,-11,-4
-33.84,9,-12,-4
-34.545,9,-11,-4
-34.545,9,-11,-4
-33.84,9,-12,-4
-34.545,9,-11,-4
-33.84,9,-12,-4
-33.135,8,-13,-3
-34.545,9,-11,-4
-33.84,9,-12,-4
-35.25,11,-10,-6
-33.135,10,-13,-6
-34.545,11,-11,-6
-35.25,10,-10,-6
-34.545,10,-11,-5
-35.25,10,-10,-5
-34.545,10,-11,-7
-35.25,10,-10,-6
-35.25,10,-10,-6
-35.25,11,-10,-6
-30.315,8,-17,-4
-31.725,9,-15,-3
-29.61,8,-18,-3
-30.315,9,-17,-4
-30.315,9,-17,-4
-32.43,9,-14,-4
-30.315,8,-17,-4
-30.315,9,-17,-4
-33.84,10,-12,-4
-31.02,8,-16,-3
-36.66,9,-8,-4
-35.25,9,-10,-5
-32.43,8,-14,-3
-32.43,8,-14,-3
-36.66,9,-8,-4
-33.84,9,-12,-4
-32.43,8,-14,-4
-35.25,9,-10,-5
-35.25,9,-10,-4
-35.25,9,-10,-5
-36.66,9,-8,-5
-36.66,9,-8,-5
-36.66,9,-8,-5
-36.66,9,-8,-5
-36.66,9,-8,-5
-36.66,9,-8,-5
-36.66,9,-8,-5
-36.66,9,-8,-5
-33.84,9,-12,-6
-36.66,9,-8,-5
-36.66,11,-8,-6
-36.66,11,-8,-6
-35.25,10,-10,-5
-35.25,11,-10,-6
-34.545,10,-11,-6
-35.955,11,-9,-6
-35.25,10,-10,-5
-35.25,10,-10,-5
-33.84,10,-12,-5
-35.25,10,-10,-6
-34.545,9,-11,-5
-35.25,10,-10,-6
-35.955,10,-9,-6
-35.955,10,-9,-5
-33.135,9,-13,-5
-31.725,9,-15,-5
-33.135,9,-13,-4
-33.135,9,-13,-5
-33.135,9,-13,-3
-31.725,9,-15,-4
-34.545,10,-11,-6
-36.66,10,-8,-6
-35.955,11,-9,-6
-33.84,9,-12,-5
-35.955,10,-9,-6
-35.955,11,-9,-6
-33.84,9,-12,-5
-35.955,11,-9,-6
-33.84,9,-12,-5
-34.545,10,-11,-6
-35.25,9,-10,-7
-35.25,9,-10,-7
-33.84,8,-12,-6
-35.25,9,-10,-7
-35.25,9,-10,-7
-35.25,9,-10,-7
-35.25,9,-10,-7
-34.545,9,-11,-6
-33.84,8,-12,-6
-34.545,9,-11,-6
-37.365,9,-7,-4
-34.545,9,-11,-4
-34.545,9,-11,-4
-35.25,10,-10,-5
-37.365,9,-7,-4
-35.25,10,-10,-5
-37.365,9,-7,-4
-35.25,10,-10,-5
-35.955,9,-9,-4
-37.365,9,-7,-4
-29.61,8,-18,-4
-29.61,8,-18,-4
-30.315,10,-17,-5
-29.61,8,-18,-4
-29.61,8,-18,-4
-31.725,9,-15,-5
-30.315,10,-17,-5
-31.02,9,-16,-6
-29.61,8,-18,-4
-30.315,10,-17,-5
-35.955,9,-9,-4
-35.25,9,-10,-5
-36.66,9,-8,-5
-36.66,9,-8,-5
-35.25,9,-10,-5
-36.66,9,-8,-5
-36.66,9,-8,-5
-35.25,9,-10,-5
-35.25,10,-10,-5
-36.66,9,-8,-5
-33.84,8,-12,-3
-36.66,10,-8,-5
-35.25,9,-10,-5
-36.66,9,-8,-5
-36.66,9,-8,-5
-35.25,9,-10,-5
-35.25,9,-10,-5
-36.66,10,-8,-5
-36.66,10,-8,-5
-36.66,10,-8,-5
-38.07,11,-6,-6
-36.66,10,-8,-5
-36.66,10,-8,-5
-38.07,11,-6,-6
-38.07,11,-6,-6
-38.07,11,-6,-6
-36.66,10,-8,-5
-38.07,11,-6,-6
-38.07,11,-6,-6
-36.66,10,-8,-5
-32.43,10,-14,-6
-33.135,9,-13,-6
-34.545,10,-11,-6
-33.135,9,-13,-6
-33.84,10,-12,-6
-34.545,10,-11,-6
-35.25,11,-10,-7
-34.545,10,-11,-6
-35.25,11,-10,-6
-33.84,9,-12,-5
-31.725,9,-15,-7
-32.43,10,-14,-5
-35.25,12,-10,-7
-34.545,10,-11,-7
-33.84,9,-12,-6
-34.545,10,-11,-5
-34.545,10,-11,-7
-33.135,11,-13,-8
-35.955,11,-9,-7
-32.43,9,-14,-7
-34.545,10,-11,-6
-34.545,10,-11,-5
-32.43,9,-14,-5
-35.25,11,-10,-6
-34.545,10,-11,-5
-33.135,10,-13,-5
-35.25,11,-10,-6
-33.84,9,-12,-4
-33.135,10,-13,-5
-35.25,11,-10,-6
-33.84,9,-12,-4
-34.545,9,-11,-5
-33.135,9,-13,-4
-34.545,9,-11,-5
-31.02,8,-16,-4
-34.545,10,-11,-4
-33.84,9,-12,-4
-33.84,9,-12,-4
-34.545,9,-11,-4
-35.25,10,-10,-6
-34.545,9,-11,-4
-33.84,9,-12,-5
-31.02,8,-16,-4
-33.135,9,-13,-3
-32.43,8,-14,-4
-31.02,8,-16,-4
-34.545,9,-11,-4
-31.02,8,-16,-5
-31.02,8,-16,-4
-32.43,8,-14,-5
-35.25,9,-10,-6
-35.25,9,-10,-6
-35.25,9,-10,-6
-35.955,9,-9,-6
-35.25,9,-10,-6
-35.25,9,-10,-7
-35.25,9,-10,-6
-35.25,9,-10,-6
-35.25,9,-10,-6
-35.25,9,-10,-6
-29.61,7,-18,-4
-36.66,10,-8,-6
-31.02,8,-16,-6
-36.66,10,-8,-6
-31.02,8,-16,-5
-31.02,8,-16,-6
-33.84,9,-12,-4
-31.02,8,-16,-6
-31.02,9,-16,-4
-32.43,9,-14,-4
-31.02,9,-16,-4
-28.2,8,-20,-4
-28.2,8,-20,-4
-28.905,8,-19,-3
-31.02,9,-16,-5
-27.495,7,-21,-3
-28.2,8,-20,-4
-29.61,8,-18,-4
-29.61,9,-18,-5
-28.905,8,-19,-4
-33.135,9,-13,-4
-31.725,8,-15,-4
-31.725,8,-15,-4
-31.725,8,-15,-4
-32.43,9,-14,-4
-31.725,8,-15,-4
-31.725,8,-15,-4
-32.43,8,-14,-2
-31.725,8,-15,-4
-31.725,8,-15,-3
-30.315,8,-17,-5
-29.61,7,-18,-5
-29.61,8,-18,-6
-29.61,7,-18,-5
-29.61,7,-18,-5
-30.315,8,-17,-5
-30.315,8,-17,-5
-30.315,8,-17,-5
-30.315,8,-17,-5
-30.315,8,-17,-5
-35.25,11,-10,-6
-36.66,12,-8,-7
-38.775,12,-5,-6
-35.25,11,-10,-6
-35.955,11,-9,-6
-37.365,11,-7,-6
-37.365,11,-7,-6
-38.07,12,-6,-7
-36.66,11,-8,-5
-38.07,12,-6,-6
-38.775,11,-5,-6
-38.775,11,-5,-6
-38.775,11,-5,-6
-38.775,11,-5,-6
-38.775,11,-5,-6
-38.775,11,-5,-6
-38.775,11,-5,-6
-38.775,11,-5,-6
-37.365,11,-7,-6
-38.07,11,-6,-6
-31.02,8,-16,-5
-33.84,8,-12,-4
-31.725,9,-15,-5
-31.02,8,-16,-6
-33.135,8,-13,-5
-31.02,8,-16,-5
-31.02,8,-16,-6
-31.02,8,-16,-4
-31.02,8,-16,-5
-31.725,9,-15,-5
