-87.88,10,-8,-7
-94.64,10,-4,-8
-96.33,10,-3,-7
-92.95,10,-5,-7
-89.57,10,-7,-7
-94.64,10,-4,-8
-91.26,10,-6,-7
-94.64,11,-4,-8
-94.64,10,-4,-8
-87.88,9,-8,-7
-94.64,11,-4,-8
-92.95,10,-5,-7
-89.57,10,-7,-7
-94.64,10,-4,-8
-94.64,10,-4,-8
-94.64,10,-4,-8
-96.33,11,-3,-9
-94.64,10,-4,-8
-94.64,10,-4,-8
-91.26,10,-6,-8
-94.64,12,-4,-9
-91.26,10,-6,-7
-91.26,11,-6,-8
-94.64,10,-4,-7
-91.26,10,-6,-7
-91.26,10,-6,-7
-94.64,10,-4,-7
-94.64,10,-4,-7
-94.64,10,-4,-7
-94.64,10,-4,-7
-84.5,9,-10,-7
-84.5,9,-10,-7
-87.88,10,-8,-9
-84.5,9,-10,-8
-82.18,9,-8,-6
-84.5,9,-10,-7
-81.12,8,-12,-6
-82.18,9,-8,-7
-84.5,9,-10,-7
-82.18,9,-8,-7
-91.26,9,-6,-7
-101.4,10,0,-8
-101.4,10,0,-8
-91.26,9,-6,-7
-91.26,9,-6,-7
-91.26,9,-6,-6
-91.26,9,-6,-6
-91.26,9,-6,-7
-101.4,10,0,-8
-101.4,10,0,-8
-89.57,9,-7,-6
-86.19,10,-9,-7
-86.19,10,-9,-7
-86.19,10,-9,-7
-86.19,10,-9,-7
-87.88,10,-8,-7
-86.19,9,-9,-6
-92.95,10,-5,-7
-86.19,10,-9,-7
-94.64,10,-4,-7
-70.98,7,-18,-6
-70.98,7,-18,-6
-70.98,7,-18,-6
-70.98,7,-18,-5
-69.29,8,-19,-5
-70.98,7,-18,-6
-70.98,7,-18,-6
-70.98,7,-18,-6
-70.98,7,-18,-6
-70.98,7,-18,-6
-94.64,10,-4,-8
-98.02,10,-2,-7
-87.88,9,-8,-7
-98.02,10,-2,-8
-94.64,11,-4,-9
-94.64,10,-4,-8
-94.64,10,-4,-8
-94.64,10,-4,-8
-98.02,11,-2,-8
-91.26,10,-6,-8
-87.88,12,-8,-9
-87.88,11,-8,-8
-87.88,10,-8,-7
-92.95,12,-5,-9
-91.26,11,-6,-8
-87.88,11,-8,-8
-92.95,11,-5,-8
-82.81,11,-11,-8
-92.95,11,-5,-9
-91.26,10,-6,-7
-92.95,10,-5,-8
-96.33,10,-3,-8
-92.95,10,-5,-8
-94.64,10,-4,-8
-96.33,10,-3,-8
-94.64,11,-4,-9
-94.64,11,-4,-9
-96.33,10,-3,-8
-96.33,11,-3,-9
-91.26,10,-6,-7
-94.64,10,-4,-8
-96.33,10,-3,-7
-101.4,10,0,-9
-92.95,10,-5,-7
-82.81,9,-11,-6
-101.4,10,0,-9
-98.02,10,-2,-8
-94.64,10,-4,-8
-92.95,10,-5,-7
-101.4,10,0,-9
-86.19,10,-9,-7
-89.57,11,-7,-8
-86.19,10,-9,-7
-89.57,11,-7,-8
-91.26,9,-6,-7
-86.19,10,-9,-7
-86.19,10,-9,-7
-89.57,9,-7,-6
-86.19,10,-9,-7
-91.26,10,-6,-7
-89.57,11,-7,-8
-87.88,11,-8,-8
-94.64,11,-4,-8
-91.26,10,-6,-8
-91.26,10,-6,-8
-91.26,12,-6,-10
-91.26,10,-6,-8
-89.57,11,-7,-8
-86.19,10,-9,-7
-89.57,11,-7,-8
-91.26,9,-6,-7
-92.95,10,-5,-7
-92.95,10,-5,-8
-92.95,10,-5,-7
-94.64,10,-4,-8
-92.95,10,-5,-7
-87.88,9,-8,-7
-89.57,10,-7,-7
-94.64,10,-4,-8
-89.57,10,-7,-7
-94.64,10,-4,-7
-94.64,10,-4,-8
-91.26,10,-6,-7
-101.4,10,0,-8
-94.64,10,-4,-8
-91.26,10,-6,-8
-94.64,10,-4,-7
-91.26,9,-6,-7
-94.64,10,-4,-7
-98.02,10,-2,-7
-101.4,10,0,-8
-101.4,10,0,-8
-101.4,10,0,-8
-101.4,10,0,-8
-92.95,10,-5,-7
-101.4,10,0,-8
-101.4,10,0,-8
-101.4,10,0,-9
-101.4,10,0,-8
-101.4,10,0,-8
-77.74,8,-14,-6
-77.74,8,-14,-6
-70.98,7,-18,-5
-77.74,9,-14,-6
-72.67,8,-17,-5
-77.74,8,-14,-6
-86.19,9,-9,-6
-77.74,8,-14,-6
-77.74,9,-14,-6
-77.74,9,-14,-7
-101.4,10,0,-8
-98.02,10,-2,-7
-98.02,10,-2,-8
-101.4,10,0,-8
-98.02,10,-2,-7
-98.02,10,-2,-8
-101.4,10,0,-8
-98.02,10,-2,-8
-94.64,10,-4,-7
-98.02,10,-2,-7
-94.64,10,-4,-8
-91.26,9,-6,-7
-98.02,11,-2,-8
-94.64,10,-4,-8
-91.26,10,-6,-8
-91.26,10,-6,-7
-94.64,10,-4,-7
-91.26,9,-6,-7
-91.26,10,-6,-8
-91.26,9,-6,-8
-92.95,10,-5,-7
-90.63,10,-3,-7
-89.57,10,-7,-7
-94.64,11,-4,-8
-94.64,11,-4,-8
-86.19,10,-9,-7
-85.56,11,-6,-8
-92.95,10,-5,-7
-94.64,11,-4,-8
-92.95,10,-5,-7
-101.4,10,0,-9
-101.4,10,0,-9
-101.4,10,0,-9
-101.4,10,0,-9
-91.26,10,-6,-7
-101.4,10,0,-9
-81.12,8,-12,-6
-101.4,10,0,-9
-101.4,10,0,-9
-101.4,10,0,-9
-101.4,10,0,-8
-94.64,10,-4,-8
-94.64,10,-4,-8
-91.26,9,-6,-7
-94.64,10,-4,-8
-94.64,10,-4,-8
-92.32,10,-2,-7
-101.4,10,0,-8
-98.02,10,-2,-8
-94.64,10,-4,-8
-86.19,11,-9,-8
-84.5,10,-10,-8
-94.64,12,-4,-10
-84.5,10,-10,-8
-86.19,11,-9,-8
-87.88,11,-8,-8
-84.5,10,-10,-8
-87.88,12,-8,-9
-81.12,10,-12,-8
-94.64,12,-4,-9
-94.64,11,-4,-8
-101.4,11,0,-9
-101.4,11,0,-9
-101.4,11,0,-9
-92.95,10,-5,-7
-101.4,11,0,-8
-101.4,11,0,-9
-89.57,10,-7,-7
-89.57,10,-7,-7
-98.02,11,-2,-9
-91.26,10,-6,-8
-91.26,11,-6,-8
-94.64,11,-4,-8
-90.63,10,-3,-7
-91.26,10,-6,-8
-92.95,11,-5,-8
-91.26,11,-6,-8
-92.95,12,-5,-9
-90.63,10,-3,-7
-89.57,11,-7,-8
-87.88,9,-8,-7
-87.88,9,-8,-6
-87.88,9,-8,-6
-77.74,8,-14,-5
-84.5,9,-10,-7
-87.88,9,-8,-6
-82.18,9,-8,-6
-91.26,10,-6,-8
-84.5,9,-10,-7
-82.18,9,-8,-6
-91.26,10,-6,-7
-84.5,9,-10,-7
-81.12,8,-12,-6
-81.12,9,-12,-6
-84.5,9,-10,-7
-82.18,9,-8,-6
-87.88,9,-8,-6
-91.26,10,-6,-7
-91.26,10,-6,-7
-81.12,9,-12,-6
-67.6,8,-20,-5
-74.36,9,-16,-7
-70.98,8,-18,-5
-67.6,8,-20,-6
-67.6,7,-20,-5
-70.98,8,-18,-6
-67.6,8,-20,-5
-70.98,8,-18,-6
-70.98,8,-18,-6
-67.6,8,-20,-6
-98.02,10,-2,-7
-101.4,10,0,-8
-101.4,10,0,-8
-92.32,10,-2,-7
-101.4,10,0,-8
-101.4,10,0,-8
-91.26,9,-6,-6
-101.4,10,0,-8
-101.4,10,0,-8
-92.32,10,-2,-7
-91.26,9,-6,-7
-91.26,9,-6,-8
-86.19,10,-9,-7
-94.64,11,-4,-9
-87.88,10,-8,-8
-92.95,11,-5,-8
-92.95,10,-5,-7
-91.26,9,-6,-7
-86.19,10,-9,-7
-94.64,11,-4,-9
-91.26,11,-6,-9
-86.19,10,-9,-7
-87.88,11,-8,-8
-84.5,10,-10,-7
-84.5,10,-10,-7
-79.43,10,-13,-7
-86.19,10,-9,-7
-84.5,10,-10,-7
-82.81,9,-11,-6
-76.05,10,-15,-7
-91.26,11,-6,-8
-92.95,11,-5,-8
-94.64,12,-4,-9
-91.26,11,-6,-8
-94.64,12,-4,-9
-92.95,12,-5,-10
-89.57,10,-7,-7
-94.64,12,-4,-9
-87.88,11,-8,-8
-94.64,12,-4,-9
-96.33,10,-3,-7
-96.33,10,-3,-7
-101.4,10,0,-8
-96.33,10,-3,-7
-94.64,10,-4,-8
-101.4,10,0,-8
-96.33,10,-3,-7
-96.33,10,-3,-7
-98.02,10,-2,-8
-101.4,10,0,-8
-98.02,10,-2,-9
-98.02,10,-2,-8
-91.26,9,-6,-7
-98.02,10,-2,-8
-98.02,10,-2,-8
-94.64,10,-4,-7
-98.02,10,-2,-8
-101.4,10,0,-7
-98.02,10,-2,-8
-98.02,10,-2,-8
-77.74,9,-14,-7
-76.05,9,-15,-6
-74.36,9,-16,-7
-81.12,10,-12,-8
-74.36,9,-16,-7
-81.12,10,-12,-8
-77.74,10,-14,-8
-67.6,8,-20,-7
-74.36,9,-16,-7
-70.98,8,-18,-6
-94.64,10,-4,-8
-96.33,10,-3,-7
-101.4,10,0,-9
-92.95,10,-5,-7
-82.81,9,-11,-6
-101.4,10,0,-9
-98.02,10,-2,-8
-94.64,10,-4,-8
-92.95,10,-5,-7
-101.4,10,0,-9
-96.33,11,-3,-8
-96.33,11,-3,-8
-96.33,11,-3,-8
-96.33,11,-3,-8
-96.33,11,-3,-8
-96.33,11,-3,-8
-94.64,10,-4,-8
-96.33,11,-3,-8
-96.33,11,-3,-8
-94.64,10,-4,-9
-101.4,10,0,-9
-98.02,10,-2,-8
-91.26,9,-6,-6
-98.02,10,-2,-8
-101.4,10,0,-9
-94.64,10,-4,-7
-101.4,10,0,-9
-101.4,10,0,-9
-101.4,10,0,-9
-94.64,10,-4,-8
-77.74,10,-14,-8
-84.5,11,-10,-9
-77.74,11,-14,-9
-81.12,10,-12,-8
-87.88,13,-8,-11
-87.88,12,-8,-10
-77.74,10,-14,-8
-81.12,11,-12,-9
-87.88,12,-8,-10
-84.5,11,-10,-9
-94.64,11,-4,-9
-101.4,10,0,-9
-101.4,10,0,-9
-98.02,10,-2,-7
-92.95,11,-5,-8
-98.02,10,-2,-8
-94.64,11,-4,-8
-98.02,10,-2,-8
-101.4,10,0,-9
-101.4,10,0,-9
-87.88,9,-8,-6
-92.32,10,-2,-8
-94.64,10,-4,-7
-94.64,10,-4,-7
-91.26,9,-6,-7
-87.88,9,-8,-7
-87.88,9,-8,-6
-94.64,10,-4,-7
-85.56,9,-6,-6
-94.64,10,-4,-8
-92.95,11,-5,-8
-91.26,12,-6,-10
-92.95,11,-5,-8
-92.95,12,-5,-9
-91.26,12,-6,-10
-92.95,11,-5,-8
-92.95,11,-5,-8
-94.64,11,-4,-9
-92.95,11,-5,-8
-87.88,11,-8,-9
-96.33,10,-3,-8
-96.33,10,-3,-8
-96.33,10,-3,-8
-96.33,10,-3,-8
-96.33,10,-3,-8
-96.33,10,-3,-8
-96.33,10,-3,-8
-96.33,10,-3,-8
-96.33,10,-3,-8
-96.33,10,-3,-8
-98.02,10,-2,-9
-101.4,10,0,-9
-101.4,10,0,-9
-101.4,10,0,-9
-101.4,10,0,-9
-101.4,10,0,-9
-101.4,10,0,-9
-101.4,10,0,-9
-98.02,10,-2,-9
-101.4,10,0,-9
-98.02,10,-2,-7
-98.02,10,-2,-8
-98.02,10,-2,-8
-98.02,10,-2,-8
-98.02,10,-2,-8
-101.4,10,0,-8
-98.02,10,-2,-7
-94.64,10,-4,-7
-98.02,10,-2,-8
-94.64,10,-4,-7
-91.26,9,-6,-7
-98.02,10,-2,-8
-94.64,10,-4,-8
-91.26,9,-6,-7
-87.88,9,-8,-7
-94.64,10,-4,-8
-101.4,10,0,-7
-87.88,9,-8,-6
-94.64,10,-4,-7
-91.26,9,-6,-7
-74.36,8,-16,-6
-77.74,9,-14,-6
-77.74,8,-14,-6
-81.12,9,-12,-7
-77.74,8,-14,-5
-77.74,8,-14,-6
-81.12,8,-12,-6
-77.74,8,-14,-5
-77.74,9,-14,-7
-77.74,8,-14,-5
-89.57,11,-7,-9
-86.19,10,-9,-7
-84.5,10,-10,-8
-79.43,9,-13,-7
-87.88,10,-8,-8
-86.19,10,-9,-7
-87.88,11,-8,-9
-91.26,11,-6,-9
-84.5,10,-10,-8
-82.18,10,-8,-8
-94.64,10,-4,-7
-92.95,10,-5,-7
-98.02,10,-2,-8
-92.95,10,-5,-7
-94.64,10,-4,-8
-92.95,11,-5,-8
-91.26,10,-6,-8
-92.95,11,-5,-8
-89.57,9,-7,-6
-92.95,10,-5,-7
-96.33,10,-3,-7
-91.26,9,-6,-7
-89.57,10,-7,-7
-91.26,9,-6,-7
-98.02,10,-2,-8
-92.95,10,-5,-7
-92.95,10,-5,-7
-92.95,10,-5,-7
-94.64,10,-4,-8
-92.95,10,-5,-7
-101.4,10,0,-9
-101.4,10,0,-9
-96.33,11,-3,-8
-96.33,11,-3,-8
-98.02,10,-2,-8
-92.95,11,-5,-9
-101.4,10,0,-9
-96.33,11,-3,-8
-96.33,11,-3,-8
-98.02,10,-2,-8
-87.88,10,-8,-8
-89.57,10,-7,-7
-89.57,10,-7,-7
-79.43,9,-13,-6
-91.26,11,-6,-8
-91.26,10,-6,-7
-86.19,10,-9,-7
-87.88,10,-8,-8
-94.64,11,-4,-8
-87.88,10,-8,-8
-101.4,10,0,-9
-101.4,10,0,-9
-101.4,10,0,-9
-101.4,10,0,-9
-91.26,11,-6,-9
-101.4,10,0,-9
-101.4,10,0,-9
-96.33,10,-3,-8
-101.4,10,0,-9
-101.4,10,0,-9
-77.74,9,-14,-6
-77.74,8,-14,-5
-81.12,10,-12,-7
-74.36,8,-16,-5
-77.74,8,-14,-5
-81.12,9,-12,-7
-77.74,8,-14,-5
-75.42,9,-12,-7
-77.74,9,-14,-6
-70.98,8,-18,-6
-77.74,9,-14,-6
-76.05,8,-15,-6
-77.74,9,-14,-6
-81.12,9,-12,-6
-72.67,8,-17,-6
-72.67,8,-17,-5
-77.74,8,-14,-6
-74.36,8,-16,-6
-79.43,9,-13,-6
-76.05,8,-15,-5
-84.5,10,-10,-8
-87.88,10,-8,-7
-87.88,10,-8,-7
-87.88,10,-8,-7
-87.88,11,-8,-8
-81.12,9,-12,-6
-87.88,10,-8,-7
-87.88,11,-8,-8
-91.26,11,-6,-8
-87.88,10,-8,-7
-84.5,12,-10,-9
-86.19,12,-9,-9
-86.19,12,-9,-9
-92.95,13,-5,-10
-89.57,12,-7,-9
-86.19,12,-9,-9
-91.26,12,-6,-9
-84.5,10,-10,-8
-84.5,12,-10,-9
-86.19,12,-9,-9
-101.4,10,0,-9
-101.4,10,0,-9
-98.02,11,-2,-8
-101.4,10,0,-9
-98.02,10,-2,-8
-101.4,10,0,-9
-101.4,10,0,-9
-101.4,10,0,-9
-101.4,10,0,-9
-98.02,10,-2,-9
-74.36,8,-16,-7
-78.8,11,-10,-9
-81.12,10,-12,-7
-87.88,12,-8,-9
-75.42,9,-12,-6
-81.12,10,-12,-7
-73.1,10,-10,-8
-75.42,9,-12,-6
-70.98,8,-18,-6
-84.5,11,-10,-8
-81.12,8,-12,-6
-86.19,10,-9,-7
-87.88,10,-8,-7
-84.5,10,-10,-8
-91.26,10,-6,-8
-86.19,10,-9,-8
-86.19,10,-9,-7
-87.88,9,-8,-6
-86.19,9,-9,-7
-86.19,11,-9,-8
-84.5,9,-10,-7
-98.02,10,-2,-8
-92.95,10,-5,-7
-92.95,10,-5,-7
-98.02,10,-2,-8
-101.4,10,0,-9
-101.4,10,0,-9
-101.4,10,0,-9
-86.19,10,-9,-7
-87.88,10,-8,-7
-86.19,14,-9,-11
-80.49,12,-9,-9
-81.12,14,-12,-11
-86.19,12,-9,-9
-81.12,11,-12,-8
-82.18,13,-8,-10
-81.12,12,-12,-9
-82.81,13,-11,-10
-82.81,13,-11,-10
-82.81,13,-11,-10
-92.95,11,-5,-8
-94.64,10,-4,-8
-86.19,10,-9,-7
-94.64,10,-4,-8
-94.64,10,-4,-8
-94.64,10,-4,-8
-94.64,10,-4,-8
-94.64,10,-4,-8
-94.64,10,-4,-8
-87.88,10,-8,-7
-101.4,11,0,-9
-92.95,11,-5,-8
-92.32,10,-2,-8
-91.26,10,-6,-8
-101.4,11,0,-9
-96.33,10,-3,-8
-101.4,11,0,-9
-92.32,10,-2,-8
-92.95,11,-5,-8
-101.4,11,0,-9
-101.4,10,0,-9
-91.26,10,-6,-8
-91.26,10,-6,-9
-91.26,10,-6,-9
-98.02,10,-2,-9
-91.26,10,-6,-8
-91.26,10,-6,-8
-92.95,10,-5,-7
-92.95,10,-5,-7
-89.57,10,-7,-7
-84.5,9,-10,-7
-101.4,10,0,-9
-101.4,10,0,-9
-101.4,10,0,-9
-101.4,10,0,-9
-101.4,10,0,-9
-101.4,10,0,-9
-101.4,10,0,-9
-101.4,10,0,-9
-101.4,10,0,-9
-98.02,10,-2,-7
-98.02,10,-2,-8
-98.02,10,-2,-8
-101.4,10,0,-8
-98.02,10,-2,-8
-101.4,10,0,-8
-94.64,10,-4,-8
-98.02,10,-2,-7
-94.64,10,-4,-7
-94.64,10,-4,-7
-84.5,11,-10,-9
-84.5,10,-10,-7
-84.5,11,-10,-8
-84.5,11,-10,-8
-81.12,10,-12,-8
-76.05,10,-15,-7
-84.5,11,-10,-8
-84.5,10,-10,-7
-84.5,10,-10,-7
-84.5,11,-10,-9
-67.6,8,-20,-5
-70.98,7,-18,-4
-67.6,8,-20,-5
-67.6,8,-20,-5
-67.6,7,-20,-4
-70.98,7,-18,-5
-77.74,9,-14,-6
-67.6,7,-20,-4
-70.98,7,-18,-5
-74.36,8,-16,-6
-89.57,10,-7,-8
-89.57,10,-7,-7
-91.26,10,-6,-8
-91.26,10,-6,-8
-89.57,10,-7,-8
-89.57,10,-7,-8
-89.57,10,-7,-8
-89.57,10,-7,-8
-91.26,10,-6,-8
-87.88,10,-8,-7
-94.64,11,-4,-8
-94.64,12,-4,-9
-94.64,11,-4,-8
-89.57,12,-7,-9
-94.64,11,-4,-8
-92.95,11,-5,-9
-96.33,12,-3,-9
-98.02,11,-2,-8
-92.95,11,-5,-9
-94.64,11,-4,-8
-89.57,11,-7,-8
-89.57,11,-7,-8
-89.57,11,-7,-8
-89.57,11,-7,-8
-92.95,11,-5,-8
-91.26,10,-6,-8
-89.57,11,-7,-8
-87.88,10,-8,-7
-89.57,11,-7,-8
-96.33,10,-3,-7
-91.26,9,-6,-6
-94.64,10,-4,-7
-101.4,10,0,-7
-91.26,9,-6,-7
-94.64,10,-4,-7
-94.64,10,-4,-7
-94.64,10,-4,-7
-91.26,10,-6,-7
-94.64,10,-4,-8
-98.02,10,-2,-8
-101.4,10,0,-9
-98.02,10,-2,-7
-101.4,10,0,-9
-94.64,11,-4,-8
-98.02,10,-2,-7
-87.88,10,-8,-8
-98.02,10,-2,-7
-94.64,10,-4,-7
-94.64,10,-4,-8
-101.4,10,0,-9
-98.02,14,-2,-12
-74.36,11,-16,-9
-96.33,13,-3,-11
-77.74,11,-14,-8
-96.33,13,-3,-11
-82.81,13,-11,-11
-96.33,13,-3,-11
-98.02,14,-2,-12
-89.57,13,-7,-11
-91.26,14,-6,-12
-101.4,10,0,-9
-101.4,10,0,-9
-101.4,10,0,-9
-101.4,10,0,-9
-101.4,10,0,-9
-101.4,10,0,-9
-101.4,10,0,-9
-101.4,10,0,-9
-101.4,10,0,-9
-101.4,10,0,-9
-70.98,8,-18,-5
-77.74,8,-14,-6
-74.36,8,-16,-5
-74.36,8,-16,-5
-70.98,8,-18,-6
-77.74,9,-14,-6
-70.98,8,-18,-5
-70.98,8,-18,-5
-74.36,8,-16,-5
-75.42,9,-12,-6
-96.33,10,-3,-7
-101.4,10,0,-9
-92.95,11,-5,-8
-94.64,10,-4,-8
-101.4,10,0,-9
-101.4,10,0,-9
-92.95,10,-5,-7
-89.57,10,-7,-7
-96.33,11,-3,-9
-92.95,10,-5,-7
-94.64,10,-4,-8
-94.64,10,-4,-8
-98.02,10,-2,-8
-94.64,10,-4,-7
-94.64,10,-4,-8
-94.64,10,-4,-7
-98.02,10,-2,-8
-94.64,10,-4,-8
-98.02,10,-2,-7
-91.26,10,-6,-8
-87.88,10,-8,-7
-91.26,11,-6,-8
-87.88,11,-8,-8
-88.94,11,-4,-8
-87.88,11,-8,-8
-86.19,10,-9,-7
-90.63,12,-3,-9
-91.26,11,-6,-8
-91.26,12,-6,-9
-86.19,12,-9,-9
-87.88,10,-8,-7
-81.12,8,-12,-6
-86.19,9,-9,-6
-84.5,9,-10,-6
-84.5,9,-10,-7
-89.57,10,-7,-7
-87.88,10,-8,-7
-91.26,10,-6,-8
-89.57,10,-7,-7
-86.19,9,-9,-6
-91.26,10,-6,-7
-91.26,10,-6,-9
-91.26,10,-6,-7
-91.26,10,-6,-7
-91.26,10,-6,-7
-91.26,10,-6,-7
-91.26,10,-6,-8
-87.88,9,-8,-6
-91.26,10,-6,-8
-84.5,9,-10,-6
-98.02,10,-2,-8
-94.64,10,-4,-8
-94.64,10,-4,-7
-94.64,10,-4,-7
-98.02,10,-2,-8
-91.26,9,-6,-6
-94.64,10,-4,-7
-94.64,10,-4,-7
-94.64,10,-4,-8
-91.26,10,-6,-7
-94.64,10,-4,-7
-94.64,10,-4,-9
-94.64,10,-4,-9
-94.64,10,-4,-9
-94.64,10,-4,-9
-91.26,10,-6,-8
-94.64,10,-4,-9
-94.64,10,-4,-9
-94.64,10,-4,-9
-94.64,10,-4,-9
-98.02,10,-2,-7
-98.02,10,-2,-7
-101.4,10,0,-7
-101.4,10,0,-7
-91.26,9,-6,-7
-101.4,10,0,-9
-98.02,10,-2,-7
-94.64,10,-4,-7
-87.88,9,-8,-8
-94.64,10,-4,-8
-92.95,13,-5,-10
-89.57,10,-7,-7
-92.95,13,-5,-10
-89.57,10,-7,-7
-92.95,13,-5,-10
-91.26,10,-6,-8
-92.95,11,-5,-8
-89.57,11,-7,-8
-89.57,10,-7,-7
-91.26,12,-6,-9
-101.4,10,0,-8
-98.02,10,-2,-8
-94.64,10,-4,-8
-98.02,10,-2,-8
-101.4,10,0,-8
-101.4,10,0,-7
-94.64,10,-4,-7
-98.02,10,-2,-7
-94.64,10,-4,-7
-101.4,10,0,-8
-94.64,11,-4,-9
-92.95,10,-5,-8
-96.33,10,-3,-8
-92.95,10,-5,-7
-94.64,11,-4,-9
-94.64,10,-4,-7
-91.26,10,-6,-7
-92.95,10,-5,-8
-94.64,11,-4,-9
-92.95,10,-5,-7
-74.36,8,-16,-5
-84.5,9,-10,-6
-87.88,10,-8,-7
-87.88,9,-8,-6
-84.5,9,-10,-7
-87.88,9,-8,-6
-84.5,9,-10,-7
-82.18,9,-8,-6
-84.5,9,-10,-7
-84.5,9,-10,-7
-98.02,11,-2,-8
-101.4,10,0,-9
-101.4,10,0,-9
-94.64,10,-4,-8
-96.33,11,-3,-8
-98.02,11,-2,-8
-98.02,11,-2,-8
-98.02,11,-2,-8
-98.02,11,-2,-8
-92.95,12,-5,-9
-89.57,10,-7,-7
-87.88,10,-8,-7
-89.57,10,-7,-7
-86.62,10,-2,-8
-85.56,10,-6,-8
-85.56,9,-6,-7
-87.88,10,-8,-9
-89.57,10,-7,-7
-87.88,10,-8,-9
-87.88,10,-8,-7
-94.64,10,-4,-8
-101.4,10,0,-8
-91.26,9,-6,-6
-94.64,10,-4,-8
-101.4,10,0,-8
-101.4,10,0,-8
-101.4,10,0,-7
-101.4,10,0,-7
-94.64,10,-4,-8
-101.4,10,0,-8
-82.18,9,-8,-7
-84.5,9,-10,-6
-84.5,9,-10,-6
-84.5,9,-10,-7
-81.12,8,-12,-6
-84.5,9,-10,-6
-84.5,9,-10,-6
-81.12,8,-12,-5
-84.5,9,-10,-6
-84.5,9,-10,-7
-87.88,12,-8,-9
-91.26,13,-6,-10
-87.88,12,-8,-9
-94.64,13,-4,-10
-89.57,12,-7,-9
-94.64,12,-4,-9
-86.19,12,-9,-9
-86.19,12,-9,-9
-84.5,13,-10,-10
-87.88,13,-8,-10
-87.88,12,-8,-9
-81.12,12,-12,-9
-87.88,13,-8,-10
-87.88,13,-8,-10
-87.88,12,-8,-9
-86.19,13,-9,-10
-87.88,13,-8,-10
-81.12,13,-12,-10
-87.88,12,-8,-9
-86.19,13,-9,-10
-98.02,10,-2,-7
-98.02,10,-2,-7
-101.4,10,0,-7
-101.4,10,0,-7
-91.26,9,-6,-7
-101.4,10,0,-9
-98.02,10,-2,-7
-94.64,10,-4,-7
-87.88,9,-8,-8
-94.64,10,-4,-8
-91.26,9,-6,-7
-82.81,9,-11,-6
-91.26,9,-6,-7
-87.88,10,-8,-8
-91.26,9,-6,-7
-91.26,9,-6,-7
-84.5,9,-10,-7
-91.26,9,-6,-7
-87.88,9,-8,-7
-91.26,9,-6,-7
-67.6,8,-20,-6
-70.98,8,-18,-6
-77.74,8,-14,-7
-76.05,8,-15,-6
-74.36,8,-16,-6
-70.98,9,-18,-7
-74.36,8,-16,-6
-70.98,7,-18,-5
-70.98,7,-18,-5
-70.98,7,-18,-5
-98.02,11,-2,-8
-91.26,10,-6,-7
-94.64,10,-4,-7
-94.64,10,-4,-8
-91.26,10,-6,-7
-94.64,10,-4,-7
-91.26,10,-6,-8
-91.26,9,-6,-7
-94.64,10,-4,-8
-94.64,10,-4,-8
-98.02,12,-2,-9
-101.4,10,0,-9
-96.33,12,-3,-9
-101.4,10,0,-9
-101.4,10,0,-9
-101.4,10,0,-9
-101.4,10,0,-9
-101.4,10,0,-9
-101.4,10,0,-9
-101.4,10,0,-9
