-47.06,10,-8,-2
-46.155,10,-9,-2
-47.06,9,-8,-1
-42.535,9,-13,-2
-47.06,9,-8,-1
-50.68,11,-4,-4
-47.06,9,-8,-1
-50.68,11,-4,-4
-47.06,9,-8,-1
-47.06,9,-8,-1
-47.965,10,-7,-1
-47.965,10,-7,-1
-49.775,12,-5,-2
-49.775,12,-5,-2
-47.965,10,-7,-1
-50.68,12,-4,-1
-47.06,10,-8,-1
-47.06,10,-8,-1
-44.345,11,-11,-4
-47.06,10,-8,-1
-41.63,9,-14,0
-42.535,10,-13,-1
-43.44,10,-12,-3
-41.63,9,-14,0
-42.535,10,-13,-1
-38.01,8,-18,-1
-39.82,9,-16,-2
-42.535,10,-13,-1
-39.82,9,-16,-2
-38.01,8,-18,-2
-47.06,13,-8,-7
-40.725,10,-15,-3
-47.06,13,-8,-7
-47.06,13,-8,-6
-46.155,12,-9,-6
-44.345,11,-11,-5
-47.06,13,-8,-6
-47.06,13,-8,-7
-47.06,13,-8,-7
-44.345,11,-11,-5
-47.965,11,-7,-4
-47.965,11,-7,-5
-48.87,11,-6,-4
-47.965,11,-7,-5
-47.965,11,-7,-5
-47.965,11,-7,-5
-44.345,10,-11,-5
-44.345,10,-11,-5
-48.87,11,-6,-4
-47.965,11,-7,-4
-52.49,14,-2,-7
-47.965,12,-7,-5
-43.44,12,-12,-6
-47.965,12,-7,-5
-47.965,12,-7,-5
-47.965,12,-7,-5
-47.965,12,-7,-5
-43.44,12,-12,-6
-49.775,14,-5,-7
-47.965,12,-7,-5
-40.725,9,-15,-1
-47.06,11,-8,-5
-47.965,12,-7,-3
-44.345,11,-11,-5
-47.06,11,-8,-5
-47.965,12,-7,-3
-47.06,11,-8,-2
-47.965,12,-7,-3
-47.06,11,-8,-4
-46.155,11,-9,-5
-43.44,11,-12,-5
-38.01,8,-18,-2
-39.82,9,-16,-3
-42.535,10,-13,-3
-39.82,10,-16,-3
-33.485,7,-23,-2
-39.82,9,-16,-2
-42.535,10,-13,-3
-42.535,10,-13,-3
-38.01,8,-18,-2
-43.44,11,-12,-2
-45.25,11,-10,-4
-45.25,11,-10,-3
-47.06,11,-8,-3
-45.25,11,-10,-3
-44.345,11,-11,-2
-43.44,11,-12,-2
-44.345,11,-11,-3
-44.345,11,-11,-2
-45.25,11,-10,-3
-52.49,13,-2,-6
-51.585,13,-3,-6
-50.68,13,-4,-5
-51.585,13,-3,-5
-51.585,13,-3,-6
-51.585,13,-3,-6
-51.585,13,-3,-6
-51.585,13,-3,-5
-51.585,13,-3,-6
-51.585,13,-3,-5
-42.535,9,-13,-3
-46.155,10,-9,-3
-45.25,9,-10,-1
-45.25,9,-10,-1
-49.775,10,-5,-2
-49.775,10,-5,-2
-49.775,10,-5,-2
-49.775,10,-5,-2
-49.775,10,-5,-2
-45.25,9,-10,-1
-53.395,12,-1,-4
-49.775,11,-5,-2
-49.775,11,-5,-5
-53.395,12,-1,-4
-48.87,11,-6,-5
-53.395,12,-1,-4
-53.395,12,-1,-4
-47.965,11,-7,-4
-48.87,11,-6,-5
-54.3,12,0,-4
-47.965,10,-7,-3
-47.965,11,-7,-4
-45.25,11,-10,-4
-48.87,11,-6,-4
-47.06,12,-8,-5
-47.965,11,-7,-4
-47.965,10,-7,-3
-47.06,10,-8,-4
-49.775,11,-5,-5
-46.155,11,-9,-4
-47.06,11,-8,-3
-47.06,11,-8,-3
-41.63,9,-14,0
-48.87,11,-6,-3
-47.965,11,-7,-3
-41.63,9,-14,0
-43.44,9,-12,-1
-47.06,11,-8,-3
-41.63,9,-14,0
-47.965,11,-7,-3
-47.06,12,-8,-2
-48.87,12,-6,-3
-47.06,12,-8,-2
-47.06,12,-8,-2
-47.06,12,-8,-2
-49.775,12,-5,-2
-46.155,11,-9,-1
-46.155,11,-9,-1
-47.06,12,-8,-2
-47.06,12,-8,-2
-51.585,12,-3,-6
-51.585,12,-3,-6
-52.49,12,-2,-4
-51.585,12,-3,-6
-51.585,12,-3,-6
-53.395,11,-1,-4
-51.585,12,-3,-6
-52.49,12,-2,-4
-52.49,12,-2,-4
-52.49,12,-2,-4
-53.395,12,-1,-3
-48.87,11,-6,-6
-53.395,12,-1,-4
-53.395,12,-1,-4
-53.395,12,-1,-4
-53.395,12,-1,-4
-48.87,11,-6,-6
-53.395,12,-1,-4
-53.395,12,-1,-4
-53.395,12,-1,-4
-51.585,13,-3,-4
-52.49,13,-2,-5
-52.49,13,-2,-5
-52.49,13,-2,-5
-52.49,13,-2,-5
-52.49,13,-2,-6
-48.87,12,-6,-3
-48.87,12,-6,-3
-52.49,13,-2,-5
-51.585,13,-3,-4
-43.44,9,-12,-1
-40.725,8,-15,0
-40.725,8,-15,0
-43.44,9,-12,-1
-43.44,9,-12,-2
-43.44,10,-12,-2
-43.44,9,-12,-1
-43.44,9,-12,-1
-43.44,9,-12,-1
-43.44,9,-12,-1
-52.49,12,-2,-4
-52.49,12,-2,-4
-47.965,11,-7,-4
-52.49,12,-2,-4
-52.49,12,-2,-4
-52.49,12,-2,-4
-52.49,12,-2,-4
-48.87,12,-6,-5
-52.49,12,-2,-4
-52.49,12,-2,-5
-47.965,10,-7,-2
-47.965,10,-7,-4
-47.965,10,-7,-4
-47.965,10,-7,-2
-47.965,10,-7,-2
-47.06,10,-8,-2
-45.25,10,-10,-3
-50.68,13,-4,-5
-47.06,10,-8,-2
-48.87,10,-6,-2
-47.06,11,-8,-3
-43.44,9,-12,-1
-50.68,10,-4,-2
-47.06,10,-8,-1
-43.44,9,-12,-1
-47.06,11,-8,-3
-47.06,11,-8,-3
-47.06,11,-8,-3
-47.06,11,-8,-2
-47.06,11,-8,-3
-41.63,9,-14,-2
-39.82,8,-16,-2
-39.82,9,-16,-2
-39.82,8,-16,-2
-39.82,8,-16,-2
-41.63,9,-14,-3
-39.82,8,-16,-2
-39.82,8,-16,-2
-39.82,9,-16,-2
-41.63,9,-14,-2
-44.345,11,-11,-3
-44.345,11,-11,-4
-44.345,11,-11,-3
-40.725,10,-15,-2
-44.345,10,-11,-3
-44.345,10,-11,-3
-44.345,11,-11,-4
-48.87,12,-6,-4
-44.345,11,-11,-3
-49.775,12,-5,-4
-51.585,11,-3,-2
-52.49,12,-2,-3
-50.68,12,-4,-1
-50.68,12,-4,-1
-52.49,12,-2,-3
-50.68,12,-4,-1
-50.68,12,-4,-1
-52.49,12,-2,-3
-50.68,12,-4,-1
-52.49,12,-2,-3
-48.87,10,-6,-2
-47.06,10,-8,-2
-47.06,10,-8,-2
-45.25,10,-10,-1
-47.06,10,-8,-2
-50.68,12,-4,-3
-52.49,12,-2,-4
-52.49,12,-2,-4
-46.155,10,-9,-2
-47.06,11,-8,-2
-41.63,9,-14,-3
-41.63,9,-14,-2
-41.63,9,-14,-2
-42.535,9,-13,-1
-42.535,9,-13,-1
-42.535,9,-13,-1
-39.82,9,-16,-2
-40.725,8,-15,-1
-41.63,9,-14,-2
-41.63,9,-14,-2
-43.44,11,-12,-4
-44.345,11,-11,-3
-43.44,11,-12,-3
-44.345,11,-11,-3
-44.345,11,-11,-3
-43.44,11,-12,-2
-44.345,11,-11,-4
-44.345,11,-11,-3
-43.44,11,-12,-3
-44.345,11,-11,-3
-45.25,10,-10,-3
-45.25,10,-10,-3
-44.345,10,-11,-2
-45.25,10,-10,-4
-44.345,10,-11,-2
-45.25,10,-10,-4
-45.25,10,-10,-4
-39.82,9,-16,-3
-45.25,10,-10,-3
-45.25,10,-10,-3
-53.395,12,-1,-4
-48.87,11,-6,-3
-53.395,12,-1,-4
-53.395,12,-1,-3
-53.395,12,-1,-3
-53.395,12,-1,-4
-53.395,12,-1,-4
-53.395,12,-1,-4
-48.87,11,-6,-3
-53.395,12,-1,-4
-50.68,11,-4,-4
-50.68,11,-4,-4
-50.68,11,-4,-4
-50.68,11,-4,-4
-50.68,11,-4,-4
-50.68,11,-4,-4
-50.68,11,-4,-4
-50.68,11,-4,-4
-50.68,11,-4,-4
-50.68,11,-4,-4
-41.63,9,-14,-3
-45.25,10,-10,-3
-44.345,10,-11,-2
-43.44,11,-12,-4
-47.06,11,-8,-3
-47.965,11,-7,-4
-47.965,11,-7,-4
-41.63,9,-14,-3
-42.535,10,-13,-3
-45.25,10,-10,-3
-42.535,9,-13,-1
-41.63,9,-14,-1
-44.345,10,-11,-3
-44.345,10,-11,-3
-44.345,10,-11,-3
-44.345,10,-11,-3
-43.44,10,-12,-2
-43.44,9,-12,-2
-44.345,10,-11,-2
-42.535,9,-13,-2
-42.535,10,-13,-2
-38.915,8,-17,-1
-44.345,10,-11,-2
-42.535,9,-13,-3
-40.725,10,-15,-1
-40.725,10,-15,-2
-39.82,9,-16,-3
-39.82,9,-16,-3
-39.82,9,-16,-2
-44.345,10,-11,-2
-50.68,13,-4,-6
-50.68,13,-4,-6
-50.68,13,-4,-6
-50.68,13,-4,-6
-50.68,13,-4,-6
-50.68,13,-4,-6
-50.68,13,-4,-6
-50.68,13,-4,-6
-50.68,13,-4,-6
-50.68,13,-4,-6
-54.3,12,0,-4
-52.49,12,-2,-1
-52.49,12,-2,0
-53.395,12,-1,-3
-52.49,12,-2,-1
-52.49,12,-2,-1
-52.49,12,-2,-2
-54.3,12,0,-4
-52.49,12,-2,-2
-52.49,12,-2,-2
-32.58,8,-24,-2
-36.2,8,-20,-4
-34.39,7,-22,-2
-36.2,8,-20,-2
-34.39,8,-22,-4
-37.105,8,-19,-1
-34.39,7,-22,-1
-34.39,7,-22,-2
-36.2,8,-20,-3
-34.39,7,-22,-2
-43.44,9,-12,-3
-43.44,9,-12,-3
-41.63,9,-14,-3
-43.44,9,-12,-3
-43.44,9,-12,-3
-43.44,9,-12,-3
-43.44,9,-12,-3
-43.44,9,-12,-3
-41.63,9,-14,-3
-43.44,9,-12,-3
-54.3,12,0,-5
-52.49,12,-2,-4
-53.395,12,-1,-6
-54.3,12,0,-5
-54.3,12,0,-5
-54.3,12,0,-5
-53.395,12,-1,-4
-53.395,12,-1,-6
-52.49,12,-2,-5
-54.3,12,0,-5
-41.63,9,-14,-2
-45.25,11,-10,-3
-41.63,9,-14,-2
-45.25,10,-10,-2
-39.82,9,-16,-2
-45.25,11,-10,-3
-43.44,10,-12,-2
-47.06,11,-8,-2
-48.87,12,-6,-4
-47.06,11,-8,-3
-42.535,10,-13,-1
-46.155,11,-9,-2
-47.965,11,-7,-3
-46.155,11,-9,-3
-47.965,11,-7,-3
-45.25,10,-10,-2
-43.44,10,-12,-2
-46.155,11,-9,-3
-46.155,11,-9,-2
-46.155,11,-9,-3
-41.63,8,-14,-1
-38.915,8,-17,0
-41.63,8,-14,-3
-38.01,7,-18,-1
-41.63,8,-14,-3
-38.01,7,-18,-1
-41.63,8,-14,-3
-41.63,8,-14,-3
-41.63,8,-14,-3
-41.63,8,-14,-1
-47.965,10,-7,-3
-46.155,10,-9,-2
-50.68,11,-4,-3
-50.68,11,-4,-3
-50.68,11,-4,-3
-50.68,11,-4,-3
-50.68,11,-4,-3
-50.68,11,-4,-3
-50.68,11,-4,-3
-47.965,10,-7,-2
-38.01,8,-18,-3
-43.44,9,-12,-4
-41.63,9,-14,-3
-43.44,9,-12,-4
-43.44,9,-12,-4
-44.345,9,-11,-3
-43.44,9,-12,-4
-40.725,9,-15,-1
-40.725,9,-15,-2
-43.44,9,-12,-4
-43.44,9,-12,-3
-47.965,11,-7,-3
-43.44,9,-12,-3
-44.345,9,-11,-1
-47.965,11,-7,-3
-44.345,9,-11,-1
-43.44,9,-12,-3
-47.965,11,-7,-3
-44.345,9,-11,-1
-44.345,9,-11,-1
-46.155,11,-9,-2
-50.68,12,-4,-4
-50.68,12,-4,-4
-50.68,12,-4,-5
-50.68,12,-4,-5
-50.68,12,-4,-5
-50.68,12,-4,-4
-46.155,11,-9,-2
-50.68,12,-4,-5
-50.68,12,-4,-4
-43.44,10,-12,-1
-44.345,10,-11,-2
-43.44,10,-12,-1
-44.345,10,-11,-2
-44.345,10,-11,-2
-43.44,10,-12,-1
-43.44,10,-12,-1
-46.155,10,-9,-3
-46.155,10,-9,-3
-46.155,10,-9,-3
-42.535,9,-13,-1
-44.345,9,-11,-1
-44.345,9,-11,-1
-44.345,9,-11,-1
-42.535,9,-13,-1
-42.535,9,-13,-1
-38.01,8,-18,-1
-44.345,9,-11,-1
-38.01,8,-18,-1
-36.2,8,-20,0
-47.965,11,-7,-4
-47.965,11,-7,-4
-45.25,10,-10,-2
-47.965,12,-7,-5
-47.965,11,-7,-4
-47.965,11,-7,-4
-47.965,11,-7,-4
-45.25,10,-10,-2
-47.965,11,-7,-4
-47.965,11,-7,-4
-47.06,10,-8,-1
-46.155,9,-9,0
-45.25,9,-10,-1
-46.155,10,-9,-1
-45.25,9,-10,-1
-46.155,9,-9,0
-46.155,10,-9,-1
-45.25,9,-10,-1
-46.155,10,-9,-1
-46.155,9,-9,0
-51.585,13,-3,-7
-51.585,13,-3,-7
-53.395,13,-1,-5
-51.585,13,-3,-7
-53.395,13,-1,-5
-52.49,13,-2,-5
-53.395,12,-1,-4
-53.395,13,-1,-5
-53.395,13,-1,-5
-51.585,13,-3,-7
-48.87,11,-6,-2
-48.87,11,-6,-2
-47.965,12,-7,-2
-47.06,11,-8,-3
-48.87,11,-6,-3
-50.68,12,-4,-3
-48.87,12,-6,-4
-48.87,11,-6,-2
-48.87,11,-6,-2
-48.87,11,-6,-2
-47.06,11,-8,-3
-47.06,11,-8,-2
-47.965,11,-7,-4
-47.965,11,-7,-4
-47.965,11,-7,-4
-47.965,11,-7,-4
-47.965,11,-7,-4
-47.965,11,-7,-4
-47.965,11,-7,-4
-47.965,11,-7,-4
-44.345,9,-11,-1
-40.725,9,-15,-3
-40.725,9,-15,-1
-40.725,9,-15,-2
-44.345,9,-11,-1
-44.345,9,-11,-1
-44.345,9,-11,-1
-44.345,9,-11,-1
-40.725,8,-15,0
-40.725,9,-15,-2
-44.345,10,-11,-2
-41.63,9,-14,-2
-42.535,9,-13,-1
-40.725,9,-15,-2
-41.63,9,-14,-2
-44.345,10,-11,-2
-44.345,10,-11,-1
-42.535,9,-13,-1
-44.345,10,-11,-2
-42.535,9,-13,0
-45.25,10,-10,-3
-47.06,10,-8,-2
-47.06,10,-8,-3
-47.06,10,-8,-3
-47.965,10,-7,-2
-47.06,10,-8,-2
-47.06,10,-8,-3
-47.06,10,-8,-3
-47.06,10,-8,-3
-47.06,10,-8,-3
-53.395,12,-1,-5
-53.395,12,-1,-4
-54.3,12,0,-3
-54.3,12,0,-5
-54.3,12,0,-5
-53.395,12,-1,-3
-54.3,12,0,-5
-53.395,12,-1,-4
-53.395,12,-1,-4
-54.3,12,0,-5
-42.535,10,-13,-2
-42.535,10,-13,-2
-44.345,10,-11,-3
-44.345,10,-11,-3
-42.535,9,-13,-2
-42.535,9,-13,-2
-44.345,10,-11,-4
-44.345,10,-11,-3
-42.535,9,-13,-4
-42.535,9,-13,-2
-51.585,12,-3,-4
-51.585,12,-3,-4
-43.44,10,-12,-3
-51.585,12,-3,-4
-47.965,11,-7,-2
-43.44,10,-12,-3
-43.44,10,-12,-3
-51.585,12,-3,-4
-48.87,12,-6,-3
-53.395,12,-1,-4
-47.06,10,-8,-2
-47.06,10,-8,-2
-51.585,12,-3,-4
-45.25,10,-10,-3
-45.25,10,-10,-3
-47.06,10,-8,-2
-46.155,10,-9,-3
-47.06,10,-8,-1
-51.585,12,-3,-4
-45.25,11,-10,-3
-45.25,10,-10,-4
-43.44,9,-12,-2
-43.44,9,-12,-3
-45.25,9,-10,-3
-46.155,10,-9,-2
-45.25,9,-10,-3
-45.25,10,-10,-3
-45.25,10,-10,-3
-43.44,9,-12,-4
-45.25,9,-10,-3
-48.87,11,-6,-1
-49.775,12,-5,-2
-47.965,11,-7,-2
-49.775,12,-5,-2
-48.87,11,-6,-1
-50.68,11,-4,-3
-51.585,12,-3,-3
-51.585,12,-3,-3
-48.87,11,-6,-1
-51.585,12,-3,-3
-40.725,9,-15,-3
-42.535,9,-13,-1
-42.535,10,-13,-3
-45.25,11,-10,-3
-45.25,10,-10,-1
-43.44,9,-12,-1
-43.44,11,-12,-4
-43.44,9,-12,-1
-42.535,10,-13,-2
-44.345,10,-11,-3
-46.155,10,-9,-1
-43.44,9,-12,-2
-43.44,10,-12,-2
-39.82,9,-16,-3
-46.155,10,-9,-3
-43.44,10,-12,-2
-42.535,9,-13,-3
-45.25,10,-10,-1
-46.155,10,-9,-3
-41.63,10,-14,-4
-44.345,10,-11,-2
-44.345,10,-11,-2
-44.345,10,-11,-4
-44.345,10,-11,-2
-45.25,10,-10,-3
-42.535,10,-13,-2
-44.345,10,-11,-1
-44.345,10,-11,-3
-44.345,10,-11,-2
-44.345,10,-11,-3
-46.155,10,-9,-3
-47.06,10,-8,-2
-47.965,11,-7,-4
-51.585,12,-3,-5
-47.06,11,-8,-4
-51.585,12,-3,-5
-49.775,12,-5,-4
-49.775,12,-5,-4
-46.155,10,-9,-3
-49.775,12,-5,-4
-51.585,13,-3,-5
-53.395,13,-1,-5
-53.395,13,-1,-5
-45.25,11,-10,-3
-51.585,13,-3,-5
-53.395,13,-1,-5
-51.585,13,-3,-5
-45.25,11,-10,-3
-51.585,13,-3,-5
-44.345,11,-11,-4
-48.87,11,-6,-3
-48.87,11,-6,-3
-49.775,11,-5,-3
-47.965,11,-7,-3
-48.87,11,-6,-3
-49.775,11,-5,-3
-48.87,11,-6,-1
-49.775,11,-5,-3
-48.87,11,-6,-3
-47.965,11,-7,-2
-49.775,11,-5,-2
-50.68,12,-4,-4
-49.775,11,-5,-2
-50.68,12,-4,-2
-49.775,11,-5,-4
-50.68,12,-4,-2
-49.775,11,-5,-2
-50.68,12,-4,-4
-50.68,12,-4,-2
-50.68,12,-4,-4
-49.775,11,-5,-3
-49.775,11,-5,-3
-49.775,11,-5,-3
-49.775,11,-5,-3
-49.775,11,-5,-3
-52.49,12,-2,-3
-49.775,11,-5,-3
-49.775,11,-5,-3
-49.775,11,-5,-3
-49.775,11,-5,-3
-49.775,12,-5,-3
-49.775,12,-5,-3
-49.775,12,-5,-3
-49.775,12,-5,-3
-49.775,12,-5,-3
-49.775,12,-5,-3
-48.87,11,-6,-2
-49.775,12,-5,-3
-49.775,12,-5,-3
-49.775,12,-5,-3
-53.395,11,-1,-5
-53.395,11,-1,-5
-53.395,12,-1,-4
-54.3,12,0,-3
-53.395,11,-1,-5
-53.395,11,-1,-5
-52.49,12,-2,-4
-53.395,11,-1,-5
-54.3,12,0,-5
-53.395,11,-1,-5
-44.345,11,-11,-3
-47.965,12,-7,-4
-44.345,11,-11,-3
-44.345,11,-11,-3
-43.44,9,-12,-2
-43.44,9,-12,-2
-46.155,11,-9,-4
-40.725,11,-15,-3
-44.345,11,-11,-3
-43.44,9,-12,-2
-47.06,12,-8,-4
-48.87,12,-6,-3
-47.965,12,-7,-4
-47.06,12,-8,-4
-45.25,12,-10,-2
-47.06,12,-8,-2
-45.25,12,-10,-3
-53.395,13,-1,-6
-47.965,12,-7,-4
-47.965,12,-7,-4
-43.44,10,-12,-2
-43.44,10,-12,-3
-43.44,9,-12,-3
-43.44,10,-12,-2
-45.25,10,-10,-5
-43.44,10,-12,-3
-43.44,9,-12,-3
-43.44,9,-12,-2
-43.44,9,-12,-4
-43.44,10,-12,-2
-46.155,10,-9,-1
-38.915,9,-17,-3
-46.155,10,-9,-1
-46.155,10,-9,-1
-46.155,10,-9,-1
-46.155,10,-9,-1
-46.155,10,-9,-1
-46.155,10,-9,-1
-45.25,9,-10,0
-46.155,10,-9,-1
-48.87,10,-6,-1
-49.775,11,-5,-3
-49.775,11,-5,-3
-49.775,11,-5,-3
-49.775,11,-5,-2
-49.775,11,-5,-3
-48.87,11,-6,-4
-49.775,11,-5,-3
-49.775,11,-5,-2
-46.155,9,-9,-1
-48.87,12,-6,-2
-47.06,12,-8,-4
-45.25,10,-10,-3
-48.87,12,-6,-2
-45.25,10,-10,-3
-47.06,11,-8,-2
-48.87,12,-6,-2
-47.06,12,-8,-4
-47.965,12,-7,-6
-47.06,12,-8,-4
-43.44,9,-12,-1
-43.44,9,-12,-1
-43.44,9,-12,-1
-43.44,9,-12,-1
-43.44,9,-12,-2
-43.44,9,-12,-1
-43.44,9,-12,-1
-43.44,9,-12,-2
-43.44,9,-12,-1
-43.44,9,-12,-1
-41.63,9,-14,-1
-43.44,9,-12,-3
-43.44,11,-12,-5
-40.725,8,-15,-1
-42.535,10,-13,-3
-39.82,10,-16,-3
-40.725,8,-15,-1
-40.725,11,-15,-4
-40.725,8,-15,-1
-42.535,10,-13,-3
-42.535,9,-13,-2
-42.535,9,-13,-2
-47.06,11,-8,-2
-46.155,10,-9,-2
-46.155,10,-9,-2
-49.775,11,-5,-2
-49.775,11,-5,-2
-46.155,10,-9,-2
-42.535,9,-13,-2
-46.155,10,-9,-2
-49.775,13,-5,-4
-49.775,13,-5,-4
-47.06,12,-8,-3
-49.775,13,-5,-4
-45.25,10,-10,-1
-49.775,13,-5,-4
-49.775,13,-5,-4
-47.965,12,-7,-4
-49.775,13,-5,-4
-47.06,12,-8,-3
-38.915,8,-17,-2
-38.915,8,-17,-2
-41.63,8,-14,-3
-38.01,8,-18,-1
-39.82,8,-16,-1
-41.63,8,-14,-3
-40.725,8,-15,-2
-41.63,8,-14,-3
-38.01,8,-18,-1
-38.01,8,-18,0
-50.68,12,-4,-3
-49.775,12,-5,-2
-48.87,11,-6,-2
-49.775,12,-5,-2
-49.775,12,-5,-3
-47.965,11,-7,-1
-50.68,12,-4,-4
-50.68,12,-4,-3
-50.68,12,-4,-4
-49.775,12,-5,-2
-47.06,11,-8,-2
-47.06,11,-8,-2
-47.06,11,-8,-2
-47.06,11,-8,-2
-47.06,11,-8,-2
-47.06,11,-8,-2
-42.535,10,-13,-3
-47.06,11,-8,-2
-47.965,12,-7,-3
-41.63,10,-14,-2
-45.25,10,-10,-1
-45.25,10,-10,-1
-45.25,10,-10,-3
-45.25,10,-10,-3
-45.25,10,-10,-1
-45.25,10,-10,-1
-45.25,10,-10,-1
-45.25,10,-10,-1
-45.25,10,-10,-1
-47.06,11,-8,-2
-41.63,9,-14,-2
-42.535,10,-13,-3
-41.63,9,-14,-2
-41.63,9,-14,-3
-39.82,9,-16,-3
-42.535,10,-13,-4
-40.725,10,-15,-3
-40.725,10,-15,-4
-42.535,10,-13,-4
-42.535,10,-13,-3
-43.44,9,-12,-1
-43.44,9,-12,-1
-43.44,9,-12,-1
-45.25,10,-10,-4
-43.44,9,-12,-1
-44.345,10,-11,-2
-43.44,9,-12,-1
-44.345,10,-11,-2
-43.44,9,-12,-1
-44.345,9,-11,-1
-41.63,8,-14,-1
-46.155,11,-9,-5
-41.63,8,-14,-1
-45.25,10,-10,-5
-42.535,9,-13,0
-41.63,8,-14,-1
-44.345,9,-11,-1
-41.63,8,-14,-1
-46.155,11,-9,-5
-41.63,8,-14,-1
-48.87,11,-6,-3
-48.87,11,-6,-2
-48.87,11,-6,-2
-48.87,11,-6,-3
-49.775,11,-5,-4
-48.87,11,-6,-3
-48.87,11,-6,-3
-48.87,11,-6,-2
-48.87,11,-6,-2
-48.87,11,-6,-3
-41.63,9,-14,-2
-41.63,9,-14,-2
-42.535,10,-13,-3
-40.725,9,-15,-3
-41.63,9,-14,-2
-41.63,9,-14,-2
-43.44,9,-12,-2
-43.44,9,-12,-2
-41.63,9,-14,-2
-41.63,9,-14,-2
-44.345,9,-11,-2
-44.345,9,-11,-2
-44.345,9,-11,-1
-44.345,9,-11,-1
-44.345,9,-11,-2
-46.155,10,-9,-2
-44.345,9,-11,-2
-44.345,9,-11,-2
-45.25,9,-10,-2
-46.155,10,-9,-2
-49.775,11,-5,-3
-44.345,10,-11,-3
-49.775,11,-5,-3
-44.345,10,-11,-3
-49.775,11,-5,-3
-44.345,10,-11,-2
-46.155,11,-9,-5
-49.775,11,-5,-3
-49.775,11,-5,-3
-49.775,11,-5,-3
-45.25,10,-10,-4
-46.155,10,-9,-3
-45.25,10,-10,-4
-46.155,10,-9,-2
-42.535,9,-13,-2
-42.535,9,-13,-3
-46.155,10,-9,-2
-46.155,10,-9,-2
-46.155,10,-9,-3
-46.155,10,-9,-3
-47.06,11,-8,-4
-47.06,11,-8,-4
-47.06,11,-8,-4
-47.06,11,-8,-4
-47.06,11,-8,-4
-47.06,11,-8,-4
-47.06,11,-8,-4
-46.155,10,-9,-3
-47.06,11,-8,-4
-47.06,11,-8,-4
-47.06,12,-8,-3
-47.06,12,-8,-3
-46.155,11,-9,-3
-46.155,12,-9,-2
-46.155,12,-9,-3
-47.965,11,-7,-3
-46.155,11,-9,-2
-47.06,12,-8,-3
-46.155,11,-9,-2
-45.25,12,-10,-3
-39.82,9,-16,-2
-42.535,9,-13,-2
-38.01,7,-18,-3
-42.535,8,-13,-2
-42.535,9,-13,-2
-39.82,9,-16,-2
-42.535,8,-13,-1
-39.82,9,-16,-2
-38.915,8,-17,-1
-42.535,9,-13,-2
-49.775,11,-5,-4
-48.87,11,-6,-3
-48.87,11,-6,-3
-48.87,12,-6,-4
-49.775,12,-5,-4
-48.87,11,-6,-3
-48.87,11,-6,-3
-52.49,11,-2,-5
-52.49,11,-2,-5
-48.87,11,-6,-3
-36.2,8,-20,-1
-37.105,8,-19,-1
-40.725,8,-15,-1
-40.725,8,-15,-1
-37.105,8,-19,-1
-40.725,8,-15,-1
-37.105,8,-19,-1
-40.725,8,-15,-1
-37.105,8,-19,-1
-38.915,8,-17,-2
-48.87,12,-6,-4
-51.585,13,-3,-3
-47.06,11,-8,-4
-47.06,11,-8,-4
-45.25,11,-10,-5
-47.06,11,-8,-4
-48.87,12,-6,-4
-47.06,11,-8,-4
-47.965,13,-7,-4
-46.155,11,-9,-3
