-54.3,11,0,0
-53.395,11,-1,-1
-54.3,11,0,0
-54.3,11,0,0
-54.3,11,0,0
-54.3,11,0,-2
-53.395,11,-1,-1
-54.3,11,0,0
-54.3,11,0,-2
-54.3,11,0,0
-54.3,11,0,-2
-54.3,11,0,-2
-53.395,11,-1,-1
-54.3,11,0,-2
-54.3,11,0,-2
-54.3,11,0,-2
-54.3,11,0,-2
-53.395,11,-1,-1
-52.49,11,-2,-2
-53.395,11,-1,-1
-52.49,12,-2,-2
-53.395,11,-1,-3
-53.395,12,-1,-2
-53.395,11,-1,-1
-53.395,12,-1,-1
-52.49,12,-2,-2
-53.395,11,-1,-2
-52.49,12,-2,-2
-53.395,11,-1,-3
-53.395,11,-1,-3
-53.395,11,-1,0
-54.3,11,0,0
-52.49,11,-2,-1
-54.3,11,0,0
-54.3,11,0,0
-54.3,11,0,0
-54.3,11,0,0
-54.3,11,0,0
-54.3,11,0,0
-54.3,11,0,0
-54.3,11,0,0
-54.3,11,0,0
-54.3,11,0,0
-54.3,11,0,0
-54.3,12,0,-1
-54.3,11,0,0
-54.3,11,0,0
-54.3,11,0,-1
-54.3,11,0,0
-54.3,11,0,0
-52.49,11,-2,0
-52.49,11,-2,0
-53.395,11,-1,-1
-53.395,11,-1,0
-52.49,11,-2,0
-54.3,11,0,0
-54.3,11,0,0
-53.395,11,-1,-1
-54.3,11,0,0
-54.3,11,0,0
-53.395,11,-1,-1
-54.3,11,0,0
-54.3,11,0,-2
-54.3,11,0,-2
-53.395,11,-1,-1
-53.395,11,-1,-1
-54.3,11,0,-2
-53.395,11,-1,-1
-53.395,11,-1,-1
-53.395,11,-1,-1
-54.3,11,0,-2
-54.3,11,0,-1
-54.3,11,0,-1
-54.3,11,0,-1
-53.395,11,-1,-1
-54.3,11,0,-1
-54.3,11,0,-1
-53.395,11,-1,-1
-54.3,11,0,-1
-53.395,11,-1,-1
-53.395,11,-1,0
-54.3,11,0,-1
-53.395,11,-1,0
-53.395,11,-1,0
-54.3,11,0,0
-54.3,11,0,0
-53.395,11,-1,0
-53.395,11,-1,0
-53.395,11,-1,0
-54.3,11,0,0
-53.395,11,-1,-1
-53.395,11,-1,-1
-53.395,11,-1,-1
-54.3,11,0,0
-51.585,12,-3,-1
-50.68,11,-4,0
-53.395,11,-1,-1
-51.585,12,-3,-1
-51.585,12,-3,-1
-53.395,11,-1,-1
-54.3,11,0,0
-54.3,11,0,0
-54.3,11,0,0
-54.3,11,0,0
-54.3,11,0,0
-54.3,11,0,0
-54.3,11,0,0
-54.3,11,0,0
-52.49,11,-2,-1
-54.3,11,0,0
-54.3,11,0,-1
-49.775,10,-5,0
-54.3,11,0,-1
-54.3,11,0,-1
-52.49,12,-2,-1
-54.3,11,0,-1
-54.3,11,0,-1
-54.3,11,0,-1
-54.3,11,0,-1
-53.395,11,-1,-2
-54.3,11,0,0
-53.395,11,-1,-1
-54.3,11,0,0
-54.3,11,0,0
-53.395,11,-1,-1
-54.3,11,0,0
-54.3,11,0,0
-54.3,11,0,0
-53.395,11,-1,-1
-54.3,11,0,0
-54.3,11,0,-1
-53.395,11,-1,-1
-53.395,11,-1,0
-53.395,11,-1,0
-53.395,11,-1,0
-54.3,11,0,0
-53.395,11,-1,0
-53.395,11,-1,0
-54.3,11,0,-1
-53.395,11,-1,0
-53.395,11,-1,-1
-54.3,11,0,-1
-54.3,11,0,-1
-54.3,11,0,0
-54.3,11,0,-1
-54.3,11,0,0
-54.3,11,0,0
-54.3,11,0,0
-54.3,11,0,0
-54.3,11,0,0
-54.3,11,0,0
-54.3,11,0,0
-54.3,11,0,0
-54.3,11,0,0
-54.3,11,0,0
-54.3,11,0,0
-54.3,11,0,-1
-53.395,11,-1,-1
-53.395,11,-1,0
-53.395,11,-1,0
-53.395,11,-1,-1
-53.395,11,-1,-1
-53.395,11,-1,-1
-54.3,11,0,0
-53.395,11,-1,-1
-53.395,11,-1,-1
-53.395,11,-1,-1
-52.49,11,-2,0
-52.49,11,-2,-2
-53.395,11,-1,0
-53.395,11,-1,0
-53.395,11,-1,-1
-53.395,11,-1,-1
-53.395,11,-1,-1
-52.49,11,-2,0
-53.395,11,-1,0
-53.395,11,-1,-1
-52.49,11,-2,0
-53.395,11,-1,-1
-53.395,11,-1,-1
-54.3,11,0,0
-54.3,11,0,0
-54.3,12,0,-1
-54.3,11,0,0
-53.395,11,-1,-1
-54.3,11,0,-1
-54.3,11,0,0
-53.395,11,-1,-2
-53.395,12,-1,-1
-54.3,11,0,0
-54.3,11,0,0
-54.3,11,0,0
-54.3,11,0,0
-54.3,11,0,0
-54.3,11,0,0
-54.3,11,0,0
-54.3,11,0,0
-54.3,11,0,0
-54.3,11,0,0
-54.3,11,0,0
-54.3,11,0,-1
-54.3,11,0,-1
-54.3,11,0,-1
-54.3,11,0,-1
-54.3,11,0,-1
-54.3,11,0,-1
-53.395,12,-1,-2
-54.3,11,0,-1
-54.3,11,0,-1
-54.3,11,0,-1
-53.395,11,-1,-1
-52.49,12,-2,-2
-53.395,11,-1,-1
-52.49,12,-2,-2
-53.395,11,-1,-1
-53.395,11,-1,0
-52.49,12,-2,-2
-51.585,11,-3,-1
-53.395,11,-1,0
-53.395,11,-1,-1
-53.395,11,-1,0
-54.3,11,0,0
-53.395,11,-1,0
-54.3,11,0,-1
-53.395,11,-1,0
-54.3,11,0,0
-54.3,11,0,0
-53.395,11,-1,-1
-53.395,11,-1,0
-53.395,11,-1,0
-54.3,11,0,0
-54.3,11,0,-1
-54.3,11,0,-1
-53.395,11,-1,-1
-54.3,11,0,-1
-53.395,11,-1,-1
-54.3,11,0,0
-54.3,11,0,0
-54.3,11,0,0
-54.3,11,0,-1
-54.3,11,0,0
-54.3,11,0,0
-54.3,11,0,0
-54.3,11,0,0
-54.3,11,0,-1
-54.3,11,0,-1
-54.3,11,0,0
-53.395,12,-1,-1
-54.3,11,0,0
-53.395,12,-1,-1
-53.395,11,-1,0
-53.395,11,-1,-1
-53.395,11,-1,-1
-53.395,11,-1,-1
-53.395,11,-1,0
-53.395,11,-1,-1
-53.395,11,-1,-1
-53.395,11,-1,0
-53.395,11,-1,-1
-53.395,11,-1,-1
-53.395,11,-1,-3
-51.585,11,-3,-2
-53.395,11,-1,-2
-51.585,11,-3,-2
-53.395,11,-1,-2
-53.395,11,-1,-2
-54.3,11,0,-2
-51.585,11,-3,-3
-54.3,11,0,-1
-54.3,11,0,-3
-52.49,11,-2,0
-52.49,11,-2,0
-54.3,11,0,0
-54.3,11,0,-2
-52.49,11,-2,0
-52.49,11,-2,0
-54.3,11,0,0
-52.49,11,-2,0
-54.3,11,0,-2
-54.3,11,0,-1
-52.49,12,-2,-1
-54.3,11,0,0
-54.3,11,0,0
-54.3,11,0,0
-54.3,11,0,0
-54.3,11,0,0
-52.49,12,-2,-2
-54.3,11,0,0
-54.3,11,0,-1
-53.395,11,-1,-2
-53.395,11,-1,0
-54.3,11,0,0
-54.3,11,0,-1
-54.3,12,0,-1
-54.3,11,0,0
-54.3,11,0,-1
-53.395,11,-1,-3
-54.3,11,0,-1
-53.395,11,-1,-3
-54.3,11,0,-1
-53.395,11,-1,0
-53.395,12,-1,-1
-52.49,11,-2,-2
-53.395,11,-1,-1
-54.3,11,0,0
-52.49,12,-2,0
-53.395,11,-1,0
-54.3,11,0,0
-52.49,11,-2,-1
-53.395,11,-1,-1
-54.3,11,0,-2
-54.3,11,0,-2
-54.3,11,0,-2
-53.395,11,-1,-1
-54.3,11,0,-2
-54.3,11,0,-2
-54.3,11,0,-2
-53.395,11,-1,-1
-54.3,11,0,-2
-54.3,11,0,-2
-53.395,11,-1,-1
-53.395,11,-1,-2
-54.3,11,0,0
-54.3,11,0,0
-54.3,11,0,0
-53.395,11,-1,0
-53.395,11,-1,0
-54.3,11,0,0
-53.395,11,-1,0
-53.395,11,-1,0
-54.3,11,0,0
-54.3,11,0,0
-54.3,11,0,0
-54.3,11,0,0
-54.3,11,0,0
-54.3,11,0,0
-54.3,11,0,0
-54.3,11,0,0
-54.3,11,0,0
-54.3,11,0,0
-51.585,10,-3,-1
-53.395,12,-1,-4
-51.585,10,-3,-1
-52.49,11,-2,-1
-52.49,11,-2,-1
-54.3,11,0,0
-52.49,11,-2,-1
-52.49,11,-2,-1
-54.3,11,0,0
-52.49,11,-2,-1
-54.3,11,0,0
-54.3,11,0,0
-54.3,11,0,0
-54.3,11,0,-1
-54.3,11,0,-1
-54.3,11,0,0
-54.3,11,0,-1
-54.3,11,0,0
-54.3,11,0,0
-54.3,11,0,0
-54.3,11,0,-1
-54.3,11,0,-2
-54.3,11,0,-2
-54.3,11,0,-2
-54.3,11,0,-2
-54.3,11,0,-3
-54.3,11,0,-1
-54.3,11,0,-2
-54.3,11,0,0
-54.3,11,0,-2
-53.395,11,-1,-1
-53.395,11,-1,-1
-53.395,11,-1,-1
-53.395,11,-1,0
-53.395,11,-1,-1
-53.395,11,-1,0
-53.395,11,-1,0
-53.395,11,-1,0
-53.395,11,-1,0
-53.395,11,-1,-1
-53.395,11,-1,0
-53.395,11,-1,-1
-53.395,11,-1,-1
-53.395,11,-1,-1
-54.3,11,0,0
-53.395,11,-1,-1
-53.395,11,-1,0
-53.395,11,-1,-1
-53.395,11,-1,-1
-53.395,11,-1,-1
-54.3,11,0,0
-54.3,11,0,0
-54.3,11,0,0
-54.3,11,0,0
-54.3,11,0,0
-54.3,11,0,0
-54.3,11,0,0
-54.3,11,0,-2
-54.3,11,0,0
-54.3,11,0,0
-54.3,11,0,-2
-54.3,11,0,0
-54.3,11,0,-2
-54.3,11,0,-2
-54.3,11,0,-1
-53.395,11,-1,-1
-54.3,11,0,-1
-54.3,11,0,-1
-54.3,11,0,-2
-54.3,11,0,-1
-54.3,11,0,-2
-54.3,11,0,-1
-52.49,12,-2,0
-54.3,11,0,-2
-54.3,11,0,-3
-54.3,11,0,-1
-52.49,12,-2,0
-54.3,11,0,-1
-54.3,11,0,-2
-54.3,11,0,-2
-54.3,11,0,0
-52.49,11,-2,-1
-52.49,11,-2,0
-54.3,11,0,-1
-52.49,11,-2,0
-54.3,11,0,-2
-54.3,11,0,0
-54.3,11,0,-2
-54.3,11,0,0
-54.3,11,0,0
-53.395,11,-1,-1
-53.395,11,-1,-1
-54.3,11,0,-2
-54.3,11,0,-1
-53.395,11,-1,-1
-53.395,11,-1,-1
-54.3,11,0,-1
-53.395,11,-1,0
-54.3,11,0,-2
-53.395,11,-1,-1
-52.49,11,-2,0
-52.49,11,-2,0
-52.49,11,-2,0
-52.49,11,-2,0
-52.49,11,-2,0
-52.49,11,-2,0
-52.49,11,-2,0
-52.49,11,-2,0
-53.395,11,-1,-1
-52.49,11,-2,0
-54.3,11,0,0
-54.3,11,0,0
-54.3,11,0,0
-54.3,11,0,0
-53.395,12,-1,-3
-54.3,11,0,0
-54.3,11,0,0
-54.3,11,0,0
-54.3,11,0,0
-54.3,11,0,0
-54.3,11,0,-2
-54.3,11,0,-1
-54.3,11,0,-1
-54.3,11,0,-1
-54.3,11,0,-1
-54.3,11,0,-1
-54.3,11,0,0
-54.3,11,0,-1
-54.3,11,0,-1
-54.3,11,0,-2
-53.395,11,-1,-1
-53.395,11,-1,-1
-53.395,11,-1,-1
-53.395,11,-1,-1
-53.395,11,-1,-1
-53.395,11,-1,-1
-53.395,11,-1,-1
-53.395,11,-1,-1
-52.49,11,-2,-1
-53.395,11,-1,-1
-54.3,11,0,-1
-54.3,11,0,0
-54.3,11,0,0
-54.3,11,0,-1
-54.3,11,0,0
-54.3,11,0,0
-54.3,11,0,0
-54.3,11,0,-2
-54.3,11,0,0
-54.3,11,0,0
-54.3,11,0,-1
-53.395,11,-1,0
-54.3,11,0,-1
-53.395,11,-1,0
-54.3,11,0,-1
-53.395,11,-1,-1
-54.3,11,0,-1
-53.395,11,-1,0
-52.49,11,-2,-2
-53.395,11,-1,0
-54.3,11,0,-2
-54.3,11,0,-1
-54.3,11,0,-2
-53.395,11,-1,0
-54.3,11,0,-2
-54.3,11,0,-2
-53.395,11,-1,0
-54.3,11,0,-1
-54.3,11,0,-2
-53.395,11,-1,0
-52.49,11,-2,0
-54.3,11,0,-1
-52.49,11,-2,0
-52.49,11,-2,0
-52.49,11,-2,0
-54.3,11,0,-1
-52.49,11,-2,0
-54.3,11,0,-1
-54.3,11,0,0
-52.49,11,-2,0
-54.3,11,0,0
-54.3,11,0,0
-53.395,11,-1,0
-53.395,11,-1,-1
-53.395,11,-1,0
-53.395,11,-1,0
-53.395,11,-1,-1
-53.395,11,-1,-1
-53.395,11,-1,-1
-53.395,11,-1,0
-54.3,11,0,-1
-54.3,11,0,-1
-54.3,11,0,-2
-53.395,11,-1,-1
-54.3,11,0,-1
-53.395,11,-1,-1
-54.3,11,0,-1
-54.3,11,0,-1
-53.395,11,-1,-1
-54.3,11,0,-1
-54.3,11,0,0
-54.3,11,0,0
-54.3,11,0,0
-54.3,11,0,0
-53.395,11,-1,0
-54.3,11,0,0
-54.3,11,0,0
-54.3,11,0,0
-54.3,11,0,0
-54.3,11,0,0
-54.3,11,0,-1
-54.3,11,0,-1
-54.3,11,0,-2
-54.3,11,0,-1
-54.3,11,0,-2
-54.3,11,0,-1
-54.3,11,0,-1
-54.3,11,0,-2
-54.3,11,0,0
-54.3,11,0,-1
-54.3,11,0,-1
-54.3,11,0,-1
-54.3,11,0,0
-54.3,11,0,-1
-54.3,11,0,0
-54.3,11,0,0
-54.3,11,0,0
-54.3,11,0,0
-53.395,11,-1,-3
-54.3,11,0,-1
-53.395,11,-1,-1
-54.3,12,0,-1
-53.395,11,-1,-1
-53.395,11,-1,-1
-53.395,11,-1,-1
-53.395,11,-1,0
-53.395,11,-1,-1
-53.395,11,-1,0
-53.395,11,-1,-1
-53.395,11,-1,-1
-54.3,11,0,0
-54.3,11,0,0
-54.3,11,0,-1
-54.3,11,0,-1
-54.3,11,0,-1
-54.3,11,0,-1
-54.3,11,0,0
-54.3,11,0,0
-54.3,11,0,0
-54.3,11,0,-1
-53.395,11,-1,0
-54.3,11,0,0
-54.3,11,0,0
-54.3,11,0,0
-54.3,11,0,0
-53.395,11,-1,0
-54.3,11,0,0
-54.3,11,0,-1
-54.3,11,0,0
-54.3,11,0,-1
-54.3,11,0,0
-54.3,11,0,0
-54.3,11,0,0
-54.3,11,0,0
-54.3,11,0,0
-54.3,11,0,0
-54.3,11,0,0
-54.3,11,0,0
-54.3,11,0,0
-54.3,11,0,0
-52.49,11,-2,-1
-53.395,11,-1,-1
-53.395,11,-1,-2
-53.395,11,-1,-1
-53.395,11,-1,-2
-52.49,11,-2,-1
-53.395,11,-1,-2
-53.395,11,-1,-2
-52.49,11,-2,-1
-52.49,11,-2,-1
-53.395,11,-1,-1
-54.3,11,0,-1
-54.3,11,0,0
-54.3,11,0,-1
-54.3,11,0,0
-54.3,11,0,-1
-53.395,12,-1,-2
-53.395,12,-1,-2
-54.3,11,0,-1
-54.3,11,0,-1
-52.49,11,-2,0
-54.3,11,0,-1
-54.3,11,0,0
-54.3,11,0,0
-54.3,11,0,-1
-54.3,11,0,0
-52.49,11,-2,-1
-52.49,11,-2,0
-52.49,11,-2,-1
-54.3,11,0,-1
-52.49,12,-2,-1
-52.49,12,-2,-1
-52.49,12,-2,-1
-54.3,11,0,-1
-52.49,12,-2,-1
-52.49,12,-2,-1
-52.49,12,-2,-1
-53.395,11,-1,-1
-52.49,12,-2,-1
-52.49,12,-2,-2
-54.3,11,0,0
-53.395,12,-1,-1
-54.3,11,0,0
-54.3,11,0,0
-54.3,11,0,0
-54.3,11,0,0
-54.3,11,0,0
-54.3,11,0,-1
-54.3,11,0,0
-54.3,11,0,0
-54.3,11,0,0
-53.395,12,-1,-1
-54.3,11,0,0
-54.3,11,0,0
-54.3,11,0,-2
-54.3,11,0,0
-54.3,11,0,0
-53.395,12,-1,-1
-54.3,11,0,0
-53.395,12,-1,-1
-53.395,11,-1,0
-52.49,11,-2,-1
-52.49,12,-2,-2
-52.49,11,-2,-1
-53.395,11,-1,0
-52.49,12,-2,-1
-53.395,11,-1,0
-52.49,12,-2,-1
-53.395,11,-1,-1
-52.49,12,-2,0
-54.3,11,0,-1
-54.3,11,0,-2
-54.3,11,0,-2
-53.395,11,-1,-1
-53.395,11,-1,-1
-54.3,11,0,-1
-54.3,11,0,-2
-54.3,11,0,-2
-54.3,11,0,-2
-54.3,11,0,-1
-53.395,11,-1,-1
-53.395,11,-1,-1
-53.395,11,-1,0
-53.395,11,-1,0
-52.49,12,-2,-2
-53.395,11,-1,0
-52.49,12,-2,-1
-54.3,11,0,0
-54.3,11,0,0
-53.395,11,-1,0
-54.3,11,0,0
-54.3,11,0,0
-54.3,11,0,0
-54.3,11,0,0
-54.3,11,0,0
-54.3,11,0,0
-54.3,11,0,0
-54.3,11,0,0
-54.3,11,0,0
-54.3,11,0,0
-53.395,11,-1,0
-53.395,11,-1,-1
-53.395,11,-1,-1
-53.395,11,-1,-1
-54.3,11,0,0
-54.3,11,0,0
-53.395,11,-1,0
-53.395,11,-1,0
-53.395,11,-1,-1
-53.395,11,-1,-1
-54.3,11,0,0
-54.3,11,0,0
-53.395,12,-1,-2
-54.3,11,0,0
-54.3,11,0,0
-54.3,11,0,0
-54.3,11,0,0
-54.3,11,0,0
-54.3,11,0,0
-54.3,11,0,0
-53.395,11,-1,-1
-53.395,11,-1,0
-54.3,11,0,0
-53.395,11,-1,-1
-54.3,11,0,0
-53.395,11,-1,-1
-54.3,11,0,0
-53.395,11,-1,0
-53.395,11,-1,-1
-53.395,11,-1,-1
-54.3,11,0,-2
-54.3,11,0,-1
-54.3,11,0,-1
-53.395,11,-1,0
-54.3,11,0,0
-54.3,11,0,-2
-54.3,11,0,-2
-54.3,11,0,-2
-54.3,11,0,0
-54.3,11,0,-1
-53.395,11,-1,-1
-53.395,11,-1,-1
-53.395,11,-1,-1
-53.395,11,-1,0
-53.395,11,-1,-1
-53.395,11,-1,-1
-53.395,11,-1,-1
-53.395,11,-1,-1
-53.395,11,-1,-1
-53.395,11,-1,-1
-54.3,11,0,0
-54.3,11,0,0
-54.3,11,0,0
-54.3,11,0,0
-54.3,11,0,0
-54.3,11,0,0
-54.3,11,0,0
-54.3,11,0,0
-54.3,11,0,0
-54.3,11,0,0
-53.395,11,-1,-1
-53.395,11,-1,0
-53.395,11,-1,0
-53.395,11,-1,-1
-53.395,11,-1,-1
-53.395,11,-1,0
-54.3,11,0,-2
-53.395,11,-1,0
-53.395,11,-1,-1
-53.395,11,-1,-1
-53.395,11,-1,0
-53.395,11,-1,-1
-53.395,11,-1,-1
-53.395,11,-1,-1
-53.395,11,-1,-1
-53.395,11,-1,-1
-53.395,11,-1,-1
-53.395,11,-1,-1
-53.395,11,-1,-1
-53.395,11,-1,-1
-54.3,11,0,-2
-54.3,11,0,0
-54.3,11,0,0
-54.3,11,0,0
-54.3,11,0,0
-54.3,11,0,-1
-54.3,11,0,0
-53.395,11,-1,0
-54.3,11,0,-2
-54.3,11,0,-1
-54.3,11,0,0
-54.3,11,0,0
-54.3,11,0,0
-54.3,11,0,0
-54.3,11,0,0
-54.3,11,0,0
-54.3,11,0,0
-54.3,11,0,0
-54.3,11,0,0
-54.3,11,0,0
-52.49,11,-2,0
-52.49,11,-2,0
-51.585,11,-3,0
-51.585,12,-3,-2
-53.395,11,-1,-1
-54.3,11,0,0
-52.49,11,-2,0
-52.49,11,-2,0
-53.395,11,-1,-1
-53.395,11,-1,0
-54.3,11,0,0
-54.3,12,0,-1
-54.3,11,0,0
-54.3,11,0,0
-54.3,12,0,-1
-54.3,11,0,0
-54.3,12,0,-1
-54.3,12,0,-1
-54.3,11,0,0
-54.3,12,0,-1
-54.3,11,0,-1
-54.3,11,0,0
-54.3,11,0,-2
-54.3,11,0,-1
-54.3,11,0,0
-53.395,12,-1,-1
-54.3,11,0,0
-54.3,11,0,-2
-54.3,11,0,0
-54.3,11,0,0
-51.585,11,-3,0
-51.585,11,-3,-1
-51.585,11,-3,-1
-51.585,11,-3,0
-54.3,11,0,0
-51.585,11,-3,0
-52.49,11,-2,0
-52.49,11,-2,0
-52.49,11,-2,0
-52.49,11,-2,-1
-54.3,11,0,0
-53.395,11,-1,0
-54.3,11,0,0
-52.49,11,-2,-1
-54.3,11,0,0
-54.3,11,0,0
-52.49,11,-2,-1
-54.3,11,0,0
-54.3,11,0,0
-54.3,11,0,0
-54.3,11,0,-1
-54.3,11,0,-1
-54.3,11,0,-2
-54.3,11,0,-1
-54.3,11,0,-1
-54.3,11,0,-1
-53.395,11,-1,0
-54.3,11,0,-1
-51.585,11,-3,0
-54.3,11,0,-1
-52.49,11,-2,-1
-54.3,12,0,-1
-54.3,12,0,-1
-54.3,12,0,-1
-54.3,12,0,-2
-54.3,12,0,-1
-54.3,12,0,-1
-54.3,12,0,-2
-54.3,12,0,-2
-54.3,12,0,-1
-54.3,11,0,-1
-54.3,11,0,0
-54.3,11,0,0
-54.3,12,0,-2
-54.3,12,0,-1
-54.3,11,0,0
-54.3,11,0,0
-54.3,12,0,-2
-54.3,12,0,-1
-54.3,12,0,-1
-53.395,11,-1,0
-53.395,11,-1,0
-54.3,11,0,-1
-54.3,11,0,-1
-54.3,11,0,-1
-54.3,11,0,-1
-54.3,11,0,-1
-54.3,11,0,-1
-53.395,11,-1,-1
-54.3,11,0,-1
-53.395,11,-1,-1
-53.395,11,-1,-1
-53.395,11,-1,-1
-53.395,11,-1,-1
-53.395,11,-1,-1
-53.395,11,-1,-1
-53.395,11,-1,-1
-53.395,11,-1,-1
-53.395,11,-1,-2
-53.395,11,-1,-1
-51.585,11,-3,-1
-51.585,11,-3,0
-51.585,11,-3,-1
-51.585,11,-3,0
-50.68,10,-4,-1
-54.3,11,0,0
-51.585,11,-3,0
-54.3,11,0,-3
-50.68,10,-4,0
-51.585,11,-3,0
-52.49,12,-2,-1
-53.395,12,-1,-1
-52.49,12,-2,-1
-53.395,12,-1,-1
-52.49,11,-2,-1
-52.49,11,-2,-1
-53.395,12,-1,-1
-52.49,12,-2,-2
-52.49,11,-2,-1
-52.49,12,-2,-2
-54.3,11,0,0
-53.395,11,-1,0
-54.3,11,0,0
-53.395,11,-1,0
-54.3,11,0,0
-54.3,11,0,0
-54.3,11,0,0
-54.3,11,0,0
-53.395,11,-1,0
-53.395,11,-1,0
-53.395,11,-1,0
-54.3,11,0,0
-54.3,11,0,0
-54.3,11,0,0
-53.395,11,-1,0
-53.395,11,-1,0
-53.395,11,-1,0
-54.3,11,0,0
-54.3,11,0,0
-53.395,11,-1,0
-54.3,11,0,0
-54.3,11,0,-1
-54.3,11,0,-1
-54.3,11,0,-1
-54.3,11,0,0
-54.3,11,0,0
-54.3,11,0,-1
-54.3,11,0,-1
-54.3,11,0,-1
-54.3,11,0,-1
-54.3,11,0,0
-54.3,11,0,0
-54.3,11,0,0
-54.3,11,0,0
-54.3,11,0,0
-54.3,11,0,0
-54.3,11,0,0
-54.3,11,0,0
-54.3,11,0,0
-54.3,11,0,0
-54.3,11,0,-3
-54.3,11,0,-2
-54.3,11,0,-1
-54.3,11,0,-1
-54.3,11,0,-1
-54.3,11,0,-1
-54.3,11,0,-3
-54.3,11,0,0
-54.3,11,0,-3
-54.3,11,0,-1
-53.395,11,-1,0
-53.395,11,-1,-1
-53.395,11,-1,0
-53.395,11,-1,-1
-53.395,11,-1,-1
-54.3,11,0,-1
-54.3,11,0,-1
-53.395,11,-1,0
-54.3,11,0,-1
-53.395,11,-1,0
-54.3,11,0,0
-54.3,11,0,0
-54.3,11,0,0
-54.3,11,0,0
-54.3,11,0,0
-54.3,11,0,0
-53.395,11,-1,-1
-54.3,11,0,0
-54.3,11,0,0
-54.3,11,0,0
