-53.395,11,-1,-1
-53.395,11,-1,-2
-51.585,11,-3,-2
-53.395,11,-1,-1
-53.395,11,-1,-2
-51.585,11,-3,0
-53.395,11,-1,-1
-50.68,10,-4,-1
-53.395,11,-1,-2
-51.585,11,-3,0
-52.49,11,-2,-3
-52.49,11,-2,-3
-52.49,11,-2,-3
-52.49,11,-2,-3
-50.68,10,-4,-2
-52.49,11,-2,-3
-52.49,11,-2,-3
-52.49,11,-2,-3
-52.49,11,-2,-3
-52.49,11,-2,-3
-49.775,12,-5,-3
-47.965,11,-7,-2
-48.87,12,-6,-1
-48.87,11,-6,-1
-49.775,11,-5,-2
-48.87,11,-6,-3
-48.87,12,-6,-2
-47.965,12,-7,-4
-48.87,12,-6,-1
-48.87,12,-6,-2
-53.395,12,-1,-3
-53.395,12,-1,-2
-53.395,13,-1,-4
-53.395,12,-1,-2
-54.3,12,0,-4
-54.3,12,0,-4
-53.395,12,-1,-2
-53.395,12,-1,0
-54.3,12,0,-4
-53.395,12,-1,-2
-50.68,12,-4,-2
-51.585,12,-3,-2
-51.585,12,-3,-2
-51.585,12,-3,-2
-50.68,12,-4,-2
-51.585,12,-3,-2
-48.87,12,-6,-1
-51.585,12,-3,-2
-48.87,11,-6,-2
-48.87,11,-6,-3
-41.63,8,-14,-1
-47.06,11,-8,-3
-43.44,10,-12,-2
-47.965,11,-7,-3
-42.535,9,-13,-1
-44.345,10,-11,-2
-47.06,11,-8,-3
-45.25,10,-10,-2
-43.44,9,-12,-3
-40.725,8,-15,-1
-47.965,10,-7,-2
-46.155,10,-9,-1
-47.06,10,-8,-2
-47.06,10,-8,-2
-45.25,11,-10,-1
-47.965,10,-7,-1
-47.965,10,-7,-1
-47.965,10,-7,-2
-47.965,10,-7,-2
-47.965,10,-7,-1
-51.585,12,-3,-2
-54.3,12,0,-3
-52.49,12,-2,-1
-53.395,12,-1,-4
-54.3,13,0,-4
-54.3,12,0,-4
-54.3,12,0,-3
-53.395,12,-1,-4
-53.395,12,-1,-4
-54.3,12,0,-2
-50.68,10,-4,-3
-50.68,11,-4,-4
-50.68,10,-4,-3
-45.25,10,-10,-1
-45.25,9,-10,-1
-50.68,10,-4,-3
-50.68,10,-4,-3
-42.535,10,-13,-3
-50.68,10,-4,-3
-50.68,10,-4,-3
-48.87,11,-6,-3
-48.87,11,-6,-3
-44.345,9,-11,-1
-43.44,9,-12,-2
-44.345,9,-11,-1
-48.87,11,-6,-2
-48.87,11,-6,-2
-45.25,10,-10,-2
-46.155,11,-9,-3
-48.87,11,-6,-3
-42.535,9,-13,-2
-41.63,9,-14,-2
-44.345,10,-11,-3
-43.44,10,-12,-3
-41.63,9,-14,-2
-44.345,10,-11,-3
-44.345,10,-11,-3
-43.44,10,-12,-3
-42.535,9,-13,-2
-43.44,9,-12,-2
-51.585,12,-3,-3
-51.585,12,-3,-3
-49.775,11,-5,-3
-51.585,12,-3,-4
-50.68,12,-4,-3
-53.395,12,-1,-3
-51.585,12,-3,-3
-50.68,12,-4,-3
-51.585,12,-3,-4
-51.585,12,-3,-3
-43.44,11,-12,-2
-45.25,9,-10,-1
-43.44,10,-12,-1
-46.155,9,-9,-1
-45.25,10,-10,-2
-45.25,10,-10,-2
-46.155,9,-9,-1
-46.155,10,-9,-1
-46.155,10,-9,-1
-45.25,9,-10,-1
-51.585,12,-3,-4
-50.68,11,-4,-2
-49.775,11,-5,-2
-50.68,11,-4,-2
-50.68,11,-4,-2
-49.775,11,-5,-2
-50.68,11,-4,-2
-49.775,11,-5,-2
-50.68,11,-4,-2
-53.395,12,-1,-3
-48.87,12,-6,-5
-48.87,12,-6,-5
-51.585,13,-3,-5
-52.49,13,-2,-3
-47.06,12,-8,-5
-48.87,12,-6,-5
-47.965,13,-7,-7
-48.87,12,-6,-5
-48.87,12,-6,-6
-48.87,12,-6,-6
-47.06,10,-8,-2
-47.06,10,-8,-2
-44.345,10,-11,-2
-46.155,10,-9,-3
-45.25,9,-10,-1
-45.25,9,-10,-1
-44.345,9,-11,-1
-45.25,9,-10,-1
-44.345,10,-11,-3
-47.06,10,-8,-2
-47.06,10,-8,-1
-47.965,10,-7,-2
-46.155,11,-9,-2
-47.06,10,-8,-3
-47.965,10,-7,-2
-45.25,10,-10,-2
-48.87,10,-6,-1
-47.06,10,-8,-2
-47.06,10,-8,-1
-48.87,10,-6,-1
-52.49,11,-2,-3
-50.68,11,-4,-4
-48.87,10,-6,-2
-50.68,11,-4,-4
-52.49,11,-2,-3
-51.585,11,-3,-2
-51.585,11,-3,-2
-50.68,11,-4,-4
-47.965,11,-7,-1
-51.585,11,-3,-2
-48.87,12,-6,-3
-49.775,12,-5,-4
-47.965,11,-7,-3
-47.965,11,-7,-3
-48.87,12,-6,-3
-47.965,12,-7,-2
-47.965,11,-7,-3
-48.87,12,-6,-3
-47.06,11,-8,-2
-49.775,12,-5,-4
-51.585,12,-3,-5
-49.775,10,-5,-2
-49.775,10,-5,-2
-49.775,10,-5,-2
-49.775,10,-5,-2
-48.87,11,-6,-3
-49.775,10,-5,-2
-49.775,10,-5,-2
-48.87,11,-6,0
-48.87,10,-6,-2
-52.49,11,-2,-1
-50.68,11,-4,-3
-51.585,11,-3,0
-51.585,11,-3,-1
-52.49,11,-2,-1
-52.49,11,-2,-1
-52.49,11,-2,-1
-52.49,11,-2,-1
-52.49,11,-2,-1
-52.49,11,-2,-1
-44.345,11,-11,-2
-47.06,11,-8,-4
-51.585,12,-3,-4
-47.965,11,-7,-2
-48.87,11,-6,-2
-47.965,11,-7,-2
-49.775,11,-5,-2
-48.87,11,-6,-2
-47.06,10,-8,-1
-45.25,10,-10,0
-47.06,12,-8,-2
-48.87,11,-6,-3
-52.49,12,-2,-3
-48.87,11,-6,-3
-48.87,12,-6,-4
-52.49,12,-2,-2
-52.49,12,-2,-1
-50.68,12,-4,-4
-50.68,12,-4,-2
-53.395,12,-1,-3
-51.585,12,-3,-1
-49.775,12,-5,-2
-51.585,12,-3,-1
-53.395,11,-1,-3
-49.775,12,-5,-2
-52.49,11,-2,-2
-51.585,12,-3,-2
-51.585,12,-3,-2
-51.585,12,-3,-1
-51.585,12,-3,-2
-39.82,8,-16,-2
-38.01,8,-18,-2
-39.82,9,-16,-1
-39.82,8,-16,-3
-39.82,8,-16,-3
-39.82,9,-16,-1
-39.82,8,-16,-3
-41.63,9,-14,-2
-43.44,9,-12,-2
-41.63,9,-14,-2
-49.775,11,-5,-3
-47.965,12,-7,-1
-47.06,11,-8,0
-49.775,11,-5,-3
-49.775,11,-5,-3
-47.965,11,-7,-2
-48.87,12,-6,-3
-49.775,11,-5,-3
-44.345,10,-11,-1
-49.775,11,-5,-3
-46.155,10,-9,-2
-47.965,10,-7,-4
-45.25,10,-10,-2
-47.965,10,-7,-4
-45.25,10,-10,-3
-47.06,10,-8,-2
-45.25,10,-10,-3
-47.06,10,-8,-2
-46.155,10,-9,-2
-46.155,10,-9,-2
-52.49,13,-2,-5
-47.965,12,-7,-4
-53.395,13,-1,-4
-53.395,13,-1,-5
-52.49,12,-2,-3
-44.345,11,-11,-3
-52.49,13,-2,-4
-49.775,13,-5,-4
-53.395,13,-1,-4
-53.395,13,-1,-4
-50.68,11,-4,-3
-50.68,11,-4,-2
-50.68,11,-4,-2
-48.87,11,-6,-3
-50.68,11,-4,-3
-50.68,11,-4,-2
-50.68,11,-4,-3
-47.06,10,-8,0
-50.68,11,-4,-2
-50.68,11,-4,-2
-47.06,11,-8,-4
-49.775,11,-5,-3
-49.775,11,-5,-3
-51.585,12,-3,-4
-44.345,10,-11,-1
-51.585,12,-3,-4
-47.06,11,-8,-4
-47.06,11,-8,-3
-48.87,11,-6,-2
-51.585,12,-3,-4
-47.965,10,-7,-3
-49.775,11,-5,-4
-49.775,11,-5,-4
-52.49,12,-2,-4
-49.775,11,-5,-4
-50.68,11,-4,-3
-47.965,11,-7,-2
-49.775,11,-5,-4
-46.155,10,-9,-3
-49.775,11,-5,-4
-46.155,11,-9,-4
-45.25,10,-10,-4
-46.155,11,-9,-4
-43.44,9,-12,-3
-45.25,10,-10,-3
-47.965,11,-7,-4
-45.25,10,-10,-3
-47.965,11,-7,-4
-47.965,11,-7,-2
-46.155,11,-9,-3
-52.49,11,-2,-2
-51.585,12,-3,-3
-53.395,11,-1,-1
-52.49,11,-2,-2
-52.49,11,-2,-2
-52.49,11,-2,-2
-53.395,11,-1,-1
-53.395,12,-1,-3
-52.49,11,-2,-2
-53.395,11,-1,-1
-52.49,11,-2,-2
-51.585,11,-3,-2
-53.395,11,-1,-3
-54.3,11,0,-2
-54.3,11,0,-2
-50.68,10,-4,-2
-51.585,12,-3,-5
-52.49,11,-2,-2
-51.585,11,-3,-2
-52.49,11,-2,-2
-54.3,11,0,-2
-54.3,11,0,-2
-54.3,11,0,-2
-54.3,11,0,-2
-54.3,11,0,-2
-54.3,11,0,-2
-54.3,11,0,-2
-54.3,11,0,-2
-54.3,11,0,-2
-54.3,11,0,-2
-47.06,10,-8,-3
-49.775,11,-5,-4
-49.775,11,-5,-3
-49.775,11,-5,-4
-49.775,11,-5,-4
-49.775,11,-5,-3
-44.345,10,-11,-3
-45.25,10,-10,-4
-49.775,11,-5,-4
-49.775,12,-5,-4
-51.585,13,-3,-2
-53.395,13,-1,-3
-49.775,12,-5,-3
-50.68,13,-4,-4
-51.585,13,-3,-3
-53.395,13,-1,-5
-50.68,13,-4,-3
-51.585,13,-3,-4
-50.68,12,-4,-2
-52.49,13,-2,-4
-46.155,11,-9,-2
-47.965,12,-7,-3
-47.965,11,-7,-3
-50.68,12,-4,-5
-48.87,12,-6,-3
-47.06,12,-8,-3
-47.965,12,-7,-4
-48.87,12,-6,-2
-52.49,12,-2,-2
-47.965,11,-7,-2
-51.585,11,-3,-3
-53.395,11,-1,-2
-52.49,11,-2,-2
-52.49,11,-2,-2
-51.585,11,-3,-3
-51.585,11,-3,-1
-51.585,11,-3,-2
-52.49,11,-2,-2
-51.585,11,-3,-3
-52.49,11,-2,-1
-46.155,11,-9,-4
-45.25,10,-10,-4
-41.63,9,-14,-2
-41.63,9,-14,-2
-50.68,12,-4,-4
-46.155,10,-9,-4
-50.68,12,-4,-6
-44.345,10,-11,-2
-47.06,12,-8,-4
-46.155,10,-9,-3
-48.87,10,-6,-1
-45.25,10,-10,0
-49.775,10,-5,-1
-46.155,11,-9,-2
-49.775,10,-5,-1
-45.25,10,-10,-2
-48.87,10,-6,-1
-49.775,10,-5,-1
-49.775,10,-5,-1
-46.155,10,-9,-1
-47.965,11,-7,-1
-47.06,10,-8,-1
-49.775,12,-5,-3
-49.775,11,-5,-5
-47.06,10,-8,-1
-45.25,10,-10,-2
-50.68,12,-4,-4
-50.68,12,-4,-4
-47.06,10,-8,-1
-49.775,12,-5,-5
-47.06,10,-8,-2
-46.155,11,-9,-2
-47.06,10,-8,-1
-47.06,10,-8,-1
-47.06,10,-8,-1
-47.965,10,-7,-2
-47.965,10,-7,-2
-47.06,10,-8,-2
-45.25,11,-10,-1
-47.06,10,-8,-1
-48.87,12,-6,-2
-47.965,11,-7,-2
-47.965,11,-7,-2
-49.775,11,-5,-1
-44.345,10,-11,-1
-47.06,11,-8,-1
-42.535,11,-13,-4
-46.155,11,-9,-2
-47.965,11,-7,-3
-47.965,11,-7,-2
-53.395,11,-1,-2
-53.395,11,-1,-2
-53.395,11,-1,-2
-53.395,11,-1,-2
-53.395,11,-1,-2
-53.395,11,-1,-2
-53.395,11,-1,-2
-53.395,11,-1,-2
-53.395,11,-1,-2
-53.395,11,-1,-2
-47.965,12,-7,-3
-42.535,10,-13,-1
-46.155,11,-9,-3
-45.25,10,-10,-2
-47.965,12,-7,-4
-46.155,11,-9,-3
-42.535,11,-13,-2
-47.06,12,-8,-3
-49.775,12,-5,-5
-48.87,13,-6,-6
-46.155,10,-9,-3
-47.06,10,-8,-3
-47.06,10,-8,-2
-47.965,10,-7,-1
-47.965,10,-7,-1
-47.06,11,-8,-2
-47.06,10,-8,-2
-44.345,9,-11,-3
-47.06,10,-8,-2
-47.06,10,-8,-2
-51.585,12,-3,-3
-51.585,12,-3,-2
-48.87,10,-6,-2
-51.585,12,-3,-3
-51.585,12,-3,-3
-47.965,9,-7,-2
-51.585,12,-3,-3
-51.585,12,-3,-3
-51.585,12,-3,-3
-50.68,11,-4,-1
-48.87,10,-6,0
-50.68,11,-4,0
-47.965,10,-7,0
-48.87,10,-6,0
-45.25,9,-10,0
-47.965,10,-7,0
-47.06,10,-8,0
-47.965,10,-7,0
-49.775,10,-5,0
-50.68,11,-4,0
-53.395,11,-1,-1
-52.49,12,-2,-2
-53.395,11,-1,-1
-53.395,11,-1,-1
-52.49,11,-2,0
-53.395,11,-1,-1
-50.68,12,-4,-2
-52.49,11,-2,0
-52.49,12,-2,-3
-52.49,12,-2,-3
-52.49,12,-2,-3
-54.3,12,0,-4
-52.49,12,-2,-2
-52.49,12,-2,-3
-52.49,12,-2,-3
-52.49,12,-2,-3
-52.49,12,-2,-1
-52.49,12,-2,-2
-52.49,12,-2,-2
-54.3,12,0,-4
-48.87,11,-6,-2
-48.87,11,-6,-1
-46.155,9,-9,-2
-48.87,11,-6,-3
-43.44,11,-12,-1
-47.965,11,-7,-3
-51.585,12,-3,-3
-52.49,12,-2,-4
-49.775,11,-5,-1
-47.965,11,-7,-2
-51.585,12,-3,-2
-51.585,12,-3,-2
-51.585,12,-3,-3
-51.585,12,-3,-3
-51.585,12,-3,-1
-51.585,12,-3,-3
-51.585,12,-3,-2
-51.585,12,-3,-1
-51.585,12,-3,-1
-51.585,12,-3,-3
-51.585,11,-3,-4
-47.06,11,-8,-1
-50.68,11,-4,-2
-46.155,10,-9,-1
-46.155,11,-9,-1
-47.06,10,-8,-1
-50.68,11,-4,-2
-50.68,11,-4,-2
-51.585,12,-3,-3
-50.68,11,-4,-2
-52.49,11,-2,-1
-52.49,11,-2,-1
-52.49,11,-2,-1
-50.68,11,-4,-3
-52.49,11,-2,-1
-52.49,11,-2,-1
-52.49,11,-2,-1
-52.49,11,-2,-1
-52.49,11,-2,-1
-52.49,11,-2,-1
-48.87,11,-6,-4
-47.06,10,-8,-2
-47.06,10,-8,-2
-48.87,11,-6,-3
-48.87,11,-6,-4
-48.87,11,-6,-3
-47.965,11,-7,-4
-48.87,11,-6,-4
-48.87,11,-6,-4
-48.87,11,-6,-3
-48.87,10,-6,-2
-48.87,10,-6,-2
-48.87,10,-6,-1
-48.87,10,-6,-1
-49.775,11,-5,-2
-48.87,10,-6,-2
-49.775,11,-5,-2
-48.87,10,-6,-2
-48.87,10,-6,-2
-48.87,10,-6,-2
-51.585,11,-3,-1
-46.155,9,-9,-3
-52.49,11,-2,-3
-52.49,11,-2,-3
-52.49,11,-2,-3
-49.775,10,-5,-3
-48.87,10,-6,-3
-51.585,11,-3,-4
-52.49,11,-2,-3
-52.49,11,-2,-3
-42.535,11,-13,-4
-42.535,11,-13,-4
-41.63,10,-14,-4
-38.915,10,-17,-3
-43.44,11,-12,-4
-45.25,10,-10,-4
-45.25,10,-10,-4
-41.63,10,-14,-4
-41.63,10,-14,-4
-42.535,10,-13,-3
-48.87,11,-6,-2
-49.775,11,-5,-1
-49.775,11,-5,-2
-43.44,10,-12,-1
-46.155,9,-9,-1
-49.775,11,-5,-2
-45.25,10,-10,-1
-46.155,10,-9,-1
-47.06,11,-8,-4
-49.775,11,-5,-2
-47.965,10,-7,-1
-50.68,11,-4,-3
-47.965,10,-7,-2
-45.25,10,-10,-1
-48.87,11,-6,-2
-49.775,10,-5,-2
-48.87,11,-6,-2
-50.68,11,-4,-2
-48.87,11,-6,-2
-47.965,10,-7,-1
-47.965,11,-7,-1
-49.775,11,-5,-1
-49.775,11,-5,-1
-48.87,11,-6,-2
-47.965,10,-7,-2
-45.25,10,-10,-1
-49.775,11,-5,-1
-48.87,11,-6,-4
-49.775,11,-5,-1
-46.155,11,-9,-3
-53.395,11,-1,-1
-53.395,11,-1,-1
-51.585,11,-3,-2
-54.3,11,0,-1
-54.3,11,0,-1
-54.3,12,0,0
-54.3,11,0,-1
-54.3,11,0,-1
-52.49,11,-2,-2
-54.3,12,0,0
-46.155,10,-9,-1
-47.06,10,-8,0
-44.345,9,-11,0
-47.06,10,-8,-1
-48.87,11,-6,-3
-47.06,10,-8,-1
-45.25,9,-10,-2
-46.155,10,-9,-1
-47.965,10,-7,-2
-47.06,10,-8,-2
-52.49,12,-2,-2
-54.3,12,0,-2
-52.49,12,-2,-2
-52.49,12,-2,-2
-52.49,12,-2,-3
-52.49,12,-2,-2
-53.395,12,-1,-2
-47.965,11,-7,-2
-52.49,12,-2,-2
-53.395,12,-1,-2
-49.775,12,-5,-4
-46.155,10,-9,-2
-46.155,10,-9,-2
-47.06,11,-8,-3
-48.87,11,-6,-5
-48.87,11,-6,-3
-46.155,10,-9,-2
-45.25,9,-10,-2
-50.68,12,-4,-4
-51.585,12,-3,-3
-46.155,11,-9,-2
-46.155,10,-9,-1
-47.06,11,-8,-2
-45.25,9,-10,0
-47.965,12,-7,-2
-49.775,11,-5,-4
-49.775,11,-5,-4
-49.775,10,-5,-3
-47.965,10,-7,-2
-50.68,11,-4,-4
-42.535,9,-13,-1
-45.25,10,-10,-2
-47.965,11,-7,-1
-46.155,11,-9,-2
-47.06,11,-8,-2
-46.155,10,-9,-2
-44.345,10,-11,-2
-47.965,11,-7,-3
-47.06,11,-8,-2
-46.155,10,-9,-2
-52.49,12,-2,-3
-52.49,12,-2,-3
-49.775,10,-5,-2
-52.49,12,-2,-3
-48.87,10,-6,-2
-48.87,10,-6,-1
-48.87,10,-6,-1
-52.49,12,-2,-3
-52.49,12,-2,-3
-49.775,10,-5,-1
-54.3,12,0,-2
-53.395,12,-1,-4
-52.49,12,-2,-4
-52.49,12,-2,-3
-53.395,12,-1,-4
-53.395,12,-1,-2
-45.25,9,-10,-1
-53.395,12,-1,-4
-48.87,11,-6,-4
-52.49,12,-2,-4
-38.915,9,-17,0
-43.44,9,-12,-3
-41.63,9,-14,-3
-43.44,9,-12,-3
-47.06,11,-8,-4
-45.25,10,-10,-4
-45.25,10,-10,-4
-38.915,8,-17,-1
-45.25,10,-10,-4
-45.25,10,-10,-4
-47.06,10,-8,-4
-47.06,10,-8,-4
-46.155,10,-9,-2
-45.25,10,-10,-1
-47.965,10,-7,-3
-46.155,10,-9,-3
-47.965,10,-7,-2
-45.25,10,-10,-4
-45.25,10,-10,-4
-46.155,10,-9,-2
-43.44,10,-12,-3
-47.965,11,-7,-2
-48.87,11,-6,-2
-49.775,12,-5,-3
-47.965,11,-7,-2
-43.44,10,-12,-2
-48.87,11,-6,-2
-45.25,10,-10,-3
-44.345,10,-11,-2
-48.87,11,-6,-2
-51.585,11,-3,-2
-47.965,10,-7,-1
-50.68,11,-4,-2
-51.585,12,-3,-2
-51.585,11,-3,-2
-51.585,11,-3,-2
-51.585,12,-3,-2
-51.585,11,-3,-2
-51.585,11,-3,-1
-51.585,11,-3,-2
-49.775,12,-5,-3
-43.44,9,-12,-2
-50.68,12,-4,-4
-49.775,12,-5,-2
-47.965,10,-7,-2
-47.965,10,-7,-3
-49.775,12,-5,-1
-47.965,10,-7,-2
-48.87,12,-6,-5
-47.965,10,-7,-3
-52.49,11,-2,-2
-52.49,11,-2,-2
-48.87,11,-6,-2
-49.775,12,-5,-4
-47.965,11,-7,-3
-49.775,11,-5,-3
-52.49,11,-2,-1
-52.49,11,-2,-1
-52.49,11,-2,-1
-47.965,11,-7,-3
-47.965,10,-7,-1
-47.965,10,-7,-1
-47.06,10,-8,-2
-47.965,10,-7,-1
-47.965,10,-7,-1
-47.965,10,-7,-2
-47.965,10,-7,-1
-47.06,10,-8,-2
-47.965,10,-7,-1
-47.965,10,-7,-1
-51.585,11,-3,0
-50.68,11,-4,0
-52.49,11,-2,-2
-50.68,11,-4,0
-48.87,10,-6,0
-52.49,11,-2,-2
-51.585,11,-3,-2
-52.49,11,-2,-2
-51.585,11,-3,-2
-51.585,11,-3,-2
-44.345,10,-11,-1
-47.06,11,-8,-1
-44.345,11,-11,-4
-44.345,10,-11,-1
-48.87,11,-6,-2
-44.345,10,-11,-1
-44.345,10,-11,-1
-44.345,10,-11,-1
-45.25,11,-10,-1
-44.345,10,-11,-1
-48.87,11,-6,-2
-45.25,11,-10,-3
-48.87,11,-6,-2
-50.68,11,-4,-3
-48.87,11,-6,-3
-47.06,11,-8,-2
-47.06,11,-8,-2
-47.06,11,-8,-2
-48.87,11,-6,-2
-48.87,11,-6,-2
-54.3,12,0,-2
-54.3,12,0,-2
-49.775,11,-5,-3
-49.775,11,-5,-2
-48.87,12,-6,-4
-54.3,12,0,-2
-49.775,11,-5,-3
-54.3,12,0,-2
-54.3,12,0,-2
-49.775,11,-5,-3
-44.345,9,-11,-2
-47.06,10,-8,-3
-45.25,10,-10,-3
-44.345,9,-11,-2
-47.06,10,-8,-3
-47.06,10,-8,-3
-46.155,10,-9,-3
-45.25,10,-10,-3
-40.725,9,-15,-1
-47.06,10,-8,-3
-47.965,11,-7,-4
-47.965,11,-7,-4
-47.06,11,-8,-4
-47.965,11,-7,-2
-46.155,10,-9,-3
-48.87,11,-6,-5
-47.06,11,-8,-2
-48.87,11,-6,-2
-49.775,11,-5,-2
-47.06,11,-8,-3
-45.25,10,-10,-3
-44.345,10,-11,-3
-42.535,10,-13,-2
-42.535,10,-13,-1
-41.63,9,-14,-1
-42.535,10,-13,-2
-43.44,11,-12,-3
-42.535,10,-13,-2
-42.535,10,-13,-1
-44.345,10,-11,-3
-50.68,12,-4,-3
-49.775,12,-5,-1
-50.68,12,-4,-3
-49.775,12,-5,-2
-50.68,12,-4,-2
-49.775,12,-5,-2
-52.49,12,-2,-3
-50.68,12,-4,-2
-49.775,12,-5,-2
-48.87,12,-6,-1
-47.06,10,-8,-1
-43.44,9,-12,-3
-47.965,10,-7,-2
-46.155,9,-9,0
-47.965,10,-7,-1
-46.155,10,-9,-2
-47.06,10,-8,-2
-47.965,10,-7,-3
-46.155,9,-9,-1
-47.965,10,-7,-1
-45.25,10,-10,-3
-44.345,9,-11,-1
-45.25,10,-10,-2
-45.25,10,-10,-2
-45.25,10,-10,-2
-45.25,10,-10,-2
-44.345,9,-11,-1
-46.155,10,-9,-3
-45.25,9,-10,-2
-44.345,9,-11,-1
-45.25,10,-10,-1
-46.155,10,-9,-1
-46.155,10,-9,-1
-45.25,10,-10,-1
-46.155,9,-9,-1
-45.25,10,-10,-2
-46.155,9,-9,-1
-44.345,9,-11,-2
-45.25,10,-10,-2
-46.155,9,-9,-1
-47.06,10,-8,-3
-47.06,12,-8,-5
-47.06,10,-8,-3
-46.155,11,-9,-5
-47.06,12,-8,-4
-47.06,10,-8,-3
-46.155,10,-9,-3
-47.06,10,-8,-3
-48.87,12,-6,-4
-47.06,12,-8,-5
-46.155,10,-9,-1
-47.06,10,-8,-1
-48.87,11,-6,-2
-47.965,11,-7,-2
-46.155,11,-9,-3
-46.155,11,-9,-3
-45.25,10,-10,-2
-47.06,10,-8,-1
-44.345,10,-11,-2
-45.25,10,-10,-2
-47.06,11,-8,-3
-47.06,11,-8,-3
-48.87,11,-6,-4
-47.06,11,-8,-2
-46.155,9,-9,-2
-48.87,11,-6,-5
-47.965,12,-7,-2
-48.87,11,-6,-2
-47.06,11,-8,-1
-47.06,11,-8,-2
-49.775,11,-5,-2
-49.775,11,-5,-2
-51.585,11,-3,-1
-48.87,11,-6,-1
-49.775,11,-5,-3
-48.87,11,-4,-3
-49.775,11,-5,-1
-48.87,11,-6,-3
-48.87,11,-6,-3
-49.775,11,-5,-3
-47.06,10,-8,-2
-47.965,11,-7,-3
-46.155,11,-9,-3
-47.06,11,-8,-1
-47.965,11,-7,-2
-47.965,11,-7,-3
-47.965,11,-7,-2
-47.06,10,-8,-2
-51.585,12,-3,-4
-48.87,11,-6,-2
-40.725,8,-15,-1
-42.535,9,-13,-1
-40.725,8,-15,-1
-41.63,8,-14,-1
-40.725,8,-15,-1
-43.44,10,-12,-3
-40.725,8,-15,-1
-43.44,8,-12,-2
-44.345,10,-11,-2
-40.725,8,-15,-1
-52.49,12,-2,-4
-52.49,12,-2,-1
-47.965,11,-7,-2
-53.395,12,-1,-3
-47.965,11,-7,-2
-53.395,12,-1,-3
-52.49,12,-2,-1
-47.06,10,-8,-2
-52.49,12,-2,-3
-53.395,12,-1,-3
-51.585,12,-3,-2
-52.49,12,-2,-3
-53.395,12,-1,-3
-53.395,11,-1,-1
-53.395,12,-1,-3
-53.395,12,-1,-3
-53.395,12,-1,-3
-53.395,12,-1,-3
-53.395,12,-1,-3
-53.395,12,-1,-3
-44.345,9,-11,-1
-46.155,10,-9,-2
-47.965,11,-7,-3
-49.775,10,-5,-2
-47.965,11,-7,-3
-45.25,10,-10,-1
-49.775,10,-5,-2
-49.775,11,-5,-3
-45.25,10,-10,-1
-45.25,10,-10,-1
-48.87,12,-6,-2
-49.775,11,-5,-2
-49.775,11,-5,-1
-48.87,12,-6,-3
-49.775,11,-5,-2
-49.775,11,-5,-1
-49.775,11,-5,-2
-48.87,12,-6,-3
-49.775,11,-5,-2
-49.775,11,-5,-2
-47.06,10,-8,-2
-47.965,11,-7,-3
-46.155,10,-9,-1
-46.155,10,-9,-2
-46.155,10,-9,-1
-48.87,11,-6,-2
-48.87,11,-6,-4
-48.87,11,-6,-4
-46.155,10,-9,-1
-46.155,10,-9,-1
-48.87,10,-6,-1
-45.25,10,-10,-2
-47.965,10,-7,-2
-48.87,11,-6,-2
-48.87,10,-6,-1
-47.06,10,-8,-3
-48.87,11,-6,-2
-48.87,10,-6,-1
-48.87,10,-6,-1
-47.965,10,-7,-2
