-41.595,10,-1,-2
-42.3,10,0,-2
-42.3,10,0,-2
-42.3,10,0,-2
-42.3,10,0,-3
-42.3,10,0,-3
-42.3,10,0,-3
-42.3,10,0,-3
-41.595,10,-1,-2
-42.3,10,0,-3
-42.3,10,0,-4
-42.3,10,0,-4
-42.3,10,0,-2
-42.3,10,0,-2
-42.3,10,0,-2
-42.3,10,0,-2
-42.3,10,0,-4
-42.3,10,0,-2
-42.3,10,0,-4
-42.3,10,0,-4
-40.89,10,-2,-5
-41.595,11,-1,-4
-42.3,10,0,-4
-42.3,10,0,-4
-41.595,10,-1,-4
-41.595,10,-1,-4
-41.595,10,-1,-4
-42.3,11,0,-4
-41.595,11,-1,-4
-40.89,10,-2,-5
-42.3,10,0,-3
-42.3,10,0,-2
-42.3,10,0,-4
-42.3,10,0,-4
-42.3,10,0,-2
-41.595,10,-1,-1
-42.3,10,0,-4
-42.3,10,0,-2
-41.595,10,-1,-2
-42.3,10,0,-4
-42.3,10,0,-4
-41.595,10,-1,-3
-41.595,10,-1,-2
-42.3,10,0,-4
-42.3,10,0,-4
-42.3,10,0,-4
-42.3,10,0,-4
-42.3,10,0,-3
-42.3,10,0,-2
-41.595,10,-1,-2
-42.3,10,0,-1
-41.595,10,-1,-2
-41.595,10,-1,-2
-42.3,10,0,-2
-42.3,10,0,-2
-42.3,10,0,-3
-41.595,10,-1,-2
-42.3,10,0,-2
-41.595,10,-1,-2
-42.3,10,0,-3
-41.595,10,-1,-2
-41.595,10,-1,-2
-41.595,10,-1,-2
-41.595,10,-1,-4
-41.595,10,-1,-2
-41.595,10,-1,-2
-41.595,10,-1,-4
-42.3,10,0,-2
-42.3,10,0,-3
-41.595,10,-1,-2
-42.3,10,0,-1
-42.3,10,0,0
-42.3,10,0,-1
-42.3,10,0,-1
-42.3,10,0,-1
-42.3,10,0,-1
-42.3,10,0,-1
-42.3,10,0,-1
-42.3,10,0,-1
-42.3,10,0,-1
-41.595,11,-1,-3
-41.595,11,-1,-1
-41.595,11,-1,-3
-41.595,11,-1,-1
-41.595,11,-1,-3
-42.3,11,0,-4
-42.3,11,0,-3
-42.3,11,0,-1
-42.3,11,0,-2
-42.3,11,0,-1
-42.3,10,0,-1
-42.3,10,0,-1
-42.3,10,0,-2
-42.3,10,0,-2
-40.89,10,-2,-2
-42.3,10,0,-2
-42.3,10,0,-2
-42.3,10,0,-1
-42.3,10,0,-2
-42.3,10,0,-2
-42.3,10,0,-2
-42.3,10,0,-2
-42.3,10,0,-2
-42.3,10,0,-2
-42.3,10,0,-2
-42.3,10,0,-2
-42.3,10,0,-2
-42.3,10,0,-2
-41.595,10,-1,-2
-42.3,10,0,-2
-41.595,11,-1,-1
-42.3,10,0,-2
-42.3,10,0,-1
-42.3,10,0,-1
-42.3,10,0,-1
-42.3,10,0,-2
-42.3,10,0,-1
-42.3,10,0,-1
-42.3,10,0,-1
-42.3,10,0,-1
-42.3,10,0,-4
-42.3,10,0,-2
-41.595,10,-1,-2
-40.89,10,-2,-3
-42.3,10,0,-2
-42.3,10,0,-3
-42.3,10,0,-2
-42.3,10,0,-3
-42.3,10,0,-4
-42.3,10,0,-2
-42.3,10,0,0
-42.3,10,0,0
-42.3,10,0,0
-42.3,10,0,0
-40.89,10,-2,-1
-42.3,10,0,-1
-42.3,10,0,0
-42.3,10,0,0
-42.3,10,0,-2
-42.3,10,0,0
-42.3,10,0,-3
-42.3,10,0,0
-42.3,10,0,-3
-42.3,10,0,-3
-42.3,10,0,-1
-41.595,10,-1,0
-41.595,10,-1,0
-42.3,10,0,-3
-42.3,10,0,0
-42.3,10,0,0
-42.3,10,0,-3
-40.89,10,-2,-2
-40.89,10,-2,-1
-41.595,10,-1,-1
-42.3,10,0,-2
-41.595,10,-1,-1
-42.3,10,0,-2
-41.595,10,-1,-1
-42.3,10,0,-1
-42.3,10,0,-3
-42.3,10,0,-1
-42.3,10,0,-2
-42.3,10,0,-2
-42.3,10,0,-2
-42.3,10,0,-2
-42.3,10,0,-2
-42.3,10,0,-2
-42.3,10,0,-2
-42.3,10,0,-2
-42.3,10,0,-2
-42.3,10,0,0
-42.3,10,0,0
-42.3,10,0,0
-41.595,10,-1,-1
-42.3,10,0,0
-42.3,10,0,-1
-42.3,10,0,0
-42.3,10,0,0
-42.3,10,0,-1
-40.89,10,-2,-1
-42.3,10,0,-3
-42.3,10,0,-3
-42.3,10,0,-3
-42.3,10,0,-3
-42.3,10,0,-2
-42.3,10,0,-3
-42.3,10,0,-3
-42.3,10,0,-1
-42.3,10,0,-3
-42.3,10,0,-3
-42.3,10,0,-2
-42.3,10,0,-2
-42.3,10,0,-2
-42.3,10,0,-2
-42.3,10,0,-2
-42.3,10,0,-2
-42.3,10,0,-2
-42.3,10,0,-2
-42.3,10,0,-2
-42.3,10,0,-2
-42.3,10,0,-2
-42.3,10,0,-2
-41.595,10,-1,-2
-42.3,10,0,-2
-42.3,10,0,-2
-42.3,10,0,-2
-42.3,10,0,-2
-42.3,10,0,-2
-40.89,10,-2,-2
-42.3,10,0,-2
-42.3,10,0,-2
-42.3,10,0,-1
-42.3,10,0,-1
-42.3,10,0,-1
-42.3,10,0,-2
-40.89,10,-2,-2
-42.3,10,0,-1
-42.3,10,0,0
-42.3,10,0,-1
-42.3,10,0,-1
-42.3,10,0,-2
-42.3,10,0,-2
-41.595,10,-1,-2
-42.3,10,0,-2
-41.595,10,-1,-2
-41.595,10,-1,-2
-42.3,10,0,-2
-42.3,10,0,-2
-41.595,10,-1,-2
-42.3,10,0,-3
-41.595,11,-1,-2
-40.89,11,-2,-3
-39.48,10,-4,-2
-40.89,11,-2,-4
-40.89,11,-2,-3
-40.89,11,-2,-3
-41.595,11,-1,-1
-40.89,11,-2,-2
-40.89,11,-2,-4
-41.595,11,-1,-1
-42.3,10,0,-3
-42.3,10,0,-3
-42.3,10,0,-3
-42.3,10,0,-5
-42.3,10,0,-3
-41.595,10,-1,-3
-42.3,10,0,-3
-42.3,10,0,-5
-42.3,10,0,-3
-42.3,10,0,-3
-42.3,10,0,-1
-42.3,10,0,-1
-42.3,10,0,-1
-42.3,10,0,-2
-42.3,10,0,-2
-42.3,10,0,-2
-42.3,10,0,-1
-42.3,10,0,-1
-42.3,10,0,-1
-42.3,10,0,-2
-41.595,10,-1,-2
-40.89,10,-2,-3
-41.595,10,-1,-3
-41.595,10,-1,-1
-41.595,10,-1,-3
-41.595,10,-1,-3
-41.595,10,-1,-1
-41.595,10,-1,-1
-41.595,10,-1,-3
-41.595,10,-1,-2
-42.3,10,0,-3
-41.595,10,-1,-2
-41.595,10,-1,-2
-41.595,10,-1,-2
-41.595,10,-1,-2
-41.595,10,-1,-2
-41.595,10,-1,-2
-41.595,10,-1,-2
-41.595,10,-1,-2
-41.595,10,-1,-2
-41.595,10,-1,-1
-42.3,10,0,0
-42.3,10,0,0
-42.3,10,0,0
-42.3,10,0,-1
-41.595,10,-1,-2
-42.3,10,0,-1
-41.595,10,-1,-1
-42.3,10,0,-1
-42.3,10,0,-1
-42.3,10,0,-2
-41.595,10,-1,-2
-42.3,10,0,-1
-42.3,10,0,-4
-42.3,10,0,-1
-42.3,10,0,-1
-42.3,10,0,-1
-41.595,10,-1,-2
-42.3,10,0,-2
-42.3,10,0,-3
-42.3,10,0,-3
-42.3,10,0,-2
-42.3,10,0,-2
-42.3,10,0,-2
-42.3,10,0,-2
-42.3,10,0,-2
-42.3,10,0,-2
-42.3,10,0,-2
-42.3,10,0,-2
-42.3,10,0,-2
-42.3,10,0,-2
-42.3,10,0,-1
-42.3,10,0,-2
-42.3,10,0,-2
-42.3,10,0,-2
-42.3,10,0,-2
-41.595,10,-1,-2
-42.3,10,0,-2
-42.3,10,0,-2
-42.3,10,0,-2
-42.3,10,0,-2
-42.3,10,0,-2
-42.3,10,0,-2
-41.595,10,-1,-1
-42.3,10,0,-2
-41.595,10,-1,-1
-42.3,10,0,-2
-42.3,10,0,-2
-42.3,10,0,-2
-42.3,10,0,-2
-42.3,10,0,-4
-42.3,10,0,-1
-42.3,10,0,-4
-42.3,10,0,-3
-41.595,10,-1,-2
-41.595,11,-1,-2
-42.3,10,0,-4
-42.3,10,0,-4
-41.595,10,-1,-2
-42.3,10,0,-2
-42.3,10,0,-2
-42.3,10,0,-3
-42.3,10,0,-3
-42.3,10,0,-2
-42.3,10,0,-2
-42.3,10,0,-2
-42.3,10,0,-2
-42.3,10,0,-3
-42.3,10,0,-2
-42.3,10,0,-3
-41.595,10,-1,-2
-42.3,10,0,-2
-42.3,10,0,-2
-41.595,10,-1,-2
-42.3,10,0,-2
-41.595,10,-1,-1
-41.595,10,-1,-2
-42.3,10,0,-3
-41.595,10,-1,-1
-42.3,10,0,-1
-42.3,10,0,-1
-41.595,10,-1,0
-40.89,10,-2,0
-42.3,10,0,-1
-42.3,10,0,0
-42.3,10,0,0
-41.595,10,-1,-1
-42.3,10,0,-1
-42.3,10,0,-1
-42.3,10,0,-1
-42.3,10,0,-1
-42.3,10,0,-2
-42.3,10,0,-1
-42.3,10,0,-1
-42.3,10,0,0
-40.89,10,-2,0
-42.3,10,0,-1
-42.3,10,0,-1
-42.3,10,0,-1
-42.3,10,0,-1
-42.3,10,0,-3
-42.3,10,0,-3
-42.3,10,0,-3
-42.3,10,0,-3
-42.3,10,0,-3
-42.3,10,0,-3
-42.3,10,0,-3
-42.3,10,0,-3
-42.3,10,0,-3
-42.3,10,0,-3
-42.3,10,0,-1
-42.3,10,0,-2
-42.3,10,0,-2
-40.89,10,-2,-1
-42.3,10,0,-2
-42.3,10,0,-2
-41.595,10,-1,-1
-42.3,10,0,-1
-42.3,10,0,-2
-42.3,10,0,-2
-42.3,10,0,-1
-42.3,10,0,-2
-42.3,10,0,-1
-42.3,10,0,-2
-41.595,10,-1,0
-42.3,10,0,-2
-41.595,10,-1,-1
-41.595,10,-1,-1
-42.3,10,0,-2
-42.3,10,0,-2
-42.3,10,0,0
-42.3,10,0,0
-41.595,10,-1,0
-42.3,10,0,0
-42.3,10,0,0
-42.3,10,0,0
-41.595,10,-1,0
-42.3,10,0,-1
-40.89,10,-2,0
-42.3,10,0,0
-41.595,10,-1,-2
-41.595,10,-1,-2
-42.3,10,0,-2
-42.3,10,0,-3
-42.3,10,0,-3
-42.3,10,0,-3
-42.3,10,0,-3
-42.3,10,0,-3
-42.3,10,0,-3
-42.3,10,0,-3
-42.3,11,0,-3
-42.3,11,0,-3
-41.595,11,-1,-2
-42.3,11,0,-2
-42.3,11,0,-1
-42.3,11,0,-3
-42.3,11,0,-3
-42.3,11,0,-3
-42.3,11,0,-3
-42.3,11,0,-1
-42.3,10,0,-2
-42.3,10,0,-2
-42.3,10,0,-2
-42.3,10,0,-2
-42.3,10,0,-2
-42.3,10,0,-2
-42.3,10,0,-2
-42.3,10,0,-2
-42.3,10,0,-3
-42.3,10,0,-2
-41.595,10,-1,-1
-40.89,10,-2,-2
-41.595,10,-1,-2
-40.89,10,-2,-3
-41.595,10,-1,-2
-41.595,10,-1,-2
-41.595,10,-1,-2
-42.3,10,0,-2
-41.595,10,-1,-2
-40.89,10,-2,-3
-42.3,10,0,-3
-42.3,10,0,-3
-42.3,10,0,-3
-42.3,10,0,-3
-41.595,10,-1,-2
-42.3,10,0,-3
-42.3,10,0,-2
-42.3,10,0,-3
-42.3,10,0,-3
-42.3,10,0,-3
-42.3,10,0,-1
-42.3,10,0,-3
-42.3,10,0,-2
-41.595,10,-1,-1
-42.3,10,0,-2
-42.3,10,0,-2
-42.3,10,0,-2
-42.3,10,0,-2
-42.3,10,0,-2
-41.595,10,-1,-1
-42.3,10,0,-2
-40.89,10,-2,-2
-42.3,10,0,-3
-42.3,10,0,-1
-42.3,10,0,-2
-42.3,10,0,-2
-42.3,10,0,-2
-42.3,10,0,-1
-42.3,10,0,-3
-42.3,10,0,-1
-42.3,10,0,-3
-42.3,10,0,-3
-42.3,10,0,-2
-42.3,10,0,-3
-42.3,10,0,-3
-42.3,10,0,-3
-41.595,10,-1,-2
-42.3,10,0,-3
-41.595,10,-1,-2
-42.3,10,0,-3
-42.3,10,0,-3
-42.3,10,0,-3
-42.3,10,0,-1
-42.3,10,0,-1
-42.3,10,0,-3
-42.3,10,0,-3
-42.3,10,0,-1
-42.3,10,0,-3
-42.3,10,0,-2
-42.3,10,0,-2
-42.3,10,0,-3
-41.595,10,-1,-2
-42.3,10,0,-3
-42.3,10,0,-3
-42.3,10,0,-2
-42.3,10,0,-3
-42.3,10,0,-3
-42.3,10,0,-3
-42.3,10,0,-2
-42.3,10,0,-3
-42.3,10,0,-3
-42.3,10,0,-3
-42.3,10,0,-3
-42.3,10,0,-3
-42.3,10,0,-3
-42.3,10,0,-4
-42.3,10,0,-3
-42.3,10,0,-3
-42.3,10,0,-3
-42.3,10,0,-3
-40.89,11,-2,-4
-41.595,11,-1,-2
-42.3,11,0,-2
-41.595,10,-1,-1
-41.595,11,-1,-2
-41.595,11,-1,-2
-41.595,10,-1,-2
-40.89,11,-2,-3
-41.595,10,-1,-1
-42.3,11,0,-5
-42.3,10,0,-1
-41.595,10,-1,-2
-42.3,10,0,-2
-42.3,10,0,-2
-42.3,10,0,-2
-42.3,10,0,-2
-42.3,10,0,-1
-41.595,10,-1,-2
-41.595,10,-1,-2
-42.3,10,0,-1
-42.3,10,0,-1
-42.3,10,0,-1
-42.3,10,0,-1
-42.3,10,0,-1
-41.595,10,-1,-1
-42.3,10,0,-1
-42.3,10,0,-1
-42.3,10,0,-1
-42.3,10,0,0
-42.3,10,0,-1
-42.3,10,0,-2
-42.3,10,0,-2
-42.3,10,0,-2
-42.3,10,0,-2
-42.3,10,0,-2
-42.3,10,0,-2
-42.3,10,0,-2
-41.595,11,-1,-3
-42.3,10,0,-3
-42.3,10,0,-2
-42.3,10,0,-1
-42.3,10,0,-2
-41.595,10,-1,-2
-41.595,10,-1,-2
-41.595,10,-1,-2
-41.595,10,-1,-1
-41.595,10,-1,-2
-41.595,10,-1,-2
-42.3,10,0,-1
-42.3,10,0,-2
-42.3,10,0,-2
-42.3,10,0,-2
-41.595,10,-1,-3
-42.3,10,0,-2
-42.3,10,0,-2
-42.3,10,0,-1
-42.3,10,0,-2
-41.595,10,-1,-3
-42.3,10,0,-2
-42.3,10,0,-2
-42.3,10,0,-1
-42.3,10,0,-1
-42.3,10,0,-1
-42.3,10,0,0
-42.3,10,0,0
-42.3,10,0,-1
-42.3,10,0,0
-42.3,10,0,0
-41.595,10,-1,-1
-42.3,10,0,-1
-42.3,10,0,-2
-41.595,10,-1,-1
-42.3,10,0,-2
-41.595,10,-1,-1
-42.3,10,0,-2
-42.3,10,0,-2
-42.3,10,0,-2
-42.3,10,0,-2
-42.3,10,0,-3
-42.3,10,0,-2
-42.3,10,0,-4
-42.3,10,0,-3
-42.3,10,0,-3
-42.3,10,0,-3
-41.595,10,-1,-2
-42.3,10,0,-3
-42.3,10,0,-3
-41.595,10,-1,-2
-42.3,10,0,-3
-42.3,10,0,-5
-42.3,10,0,-2
-42.3,10,0,-2
-42.3,10,0,-2
-42.3,10,0,-2
-42.3,10,0,-2
-42.3,10,0,-2
-42.3,10,0,-2
-42.3,10,0,-3
-42.3,10,0,-2
-42.3,10,0,-2
-42.3,11,0,-3
-42.3,11,0,-3
-42.3,11,0,-3
-42.3,11,0,-2
-42.3,11,0,-2
-42.3,11,0,-3
-42.3,11,0,-3
-42.3,11,0,-3
-42.3,11,0,-3
-42.3,11,0,-3
-42.3,10,0,-2
-42.3,10,0,-2
-42.3,10,0,-2
-42.3,10,0,-2
-42.3,10,0,-2
-42.3,10,0,-1
-42.3,10,0,-2
-42.3,10,0,-2
-42.3,10,0,-2
-41.595,11,-1,-2
-42.3,10,0,-1
-41.595,11,-1,-2
-41.595,11,-1,-1
-42.3,10,0,-1
-41.595,11,-1,-1
-40.89,10,-2,-1
-42.3,10,0,-1
-41.595,11,-1,-2
-42.3,10,0,-1
-41.595,10,-1,-1
-42.3,10,0,-2
-42.3,10,0,-2
-42.3,10,0,-3
-42.3,10,0,-2
-42.3,10,0,-2
-42.3,10,0,-2
-42.3,10,0,-2
-42.3,10,0,-2
-41.595,10,-1,-1
-42.3,10,0,-2
-41.595,10,-1,0
-42.3,10,0,-1
-41.595,10,-1,-1
-42.3,10,0,0
-42.3,10,0,0
-41.595,10,-1,-1
-42.3,10,0,0
-41.595,10,-1,0
-42.3,10,0,0
-42.3,10,0,0
-40.89,10,-2,-3
-42.3,10,0,-3
-42.3,10,0,-3
-42.3,10,0,-3
-42.3,10,0,-3
-42.3,10,0,-2
-42.3,10,0,-3
-42.3,10,0,-3
-42.3,10,0,-3
-42.3,10,0,-3
-41.595,10,-1,-1
-41.595,10,-1,-2
-41.595,10,-1,-1
-41.595,10,-1,-2
-42.3,11,0,-4
-41.595,11,-1,-1
-41.595,10,-1,-2
-42.3,10,0,-2
-41.595,10,-1,-2
-42.3,11,0,-4
-42.3,10,0,-1
-42.3,10,0,-2
-42.3,10,0,-2
-42.3,10,0,-2
-42.3,10,0,-1
-42.3,10,0,-1
-42.3,10,0,-1
-40.89,10,-2,-3
-42.3,10,0,-2
-42.3,10,0,-2
-42.3,10,0,-4
-42.3,10,0,-4
-42.3,10,0,-4
-42.3,10,0,-4
-42.3,10,0,-4
-42.3,10,0,-4
-42.3,10,0,-2
-42.3,10,0,-4
-42.3,10,0,-4
-41.595,10,-1,-3
-42.3,10,0,0
-42.3,10,0,0
-41.595,10,-1,0
-40.89,10,-2,-2
-42.3,10,0,0
-42.3,10,0,0
-41.595,11,-1,-1
-42.3,10,0,0
-41.595,11,-1,-1
-42.3,10,0,0
-42.3,11,0,0
-42.3,11,0,0
-42.3,11,0,-2
-40.89,10,-2,-2
-42.3,11,0,-1
-41.595,11,-1,-1
-42.3,11,0,-2
-41.595,10,-1,0
-41.595,10,-1,0
-41.595,10,-1,0
-42.3,10,0,-2
-42.3,10,0,-1
-42.3,10,0,-2
-42.3,10,0,-2
-42.3,10,0,-2
-42.3,10,0,-2
-42.3,10,0,-2
-42.3,10,0,-2
-41.595,10,-1,-1
-42.3,10,0,-2
-42.3,10,0,-1
-40.89,10,-2,-2
-42.3,10,0,-1
-42.3,10,0,-1
-42.3,10,0,-1
-42.3,10,0,-1
-41.595,10,-1,-3
-41.595,10,-1,-1
-42.3,10,0,-1
-42.3,10,0,-2
-42.3,10,0,-2
-41.595,10,-1,-2
-41.595,10,-1,-2
-41.595,10,-1,-3
-40.89,10,-2,-2
-42.3,10,0,-2
-41.595,10,-1,-2
-42.3,10,0,-2
-41.595,10,-1,-2
-41.595,10,-1,-2
-42.3,10,0,-2
-42.3,10,0,-2
-42.3,10,0,-2
-42.3,10,0,-2
-42.3,10,0,-2
-42.3,10,0,-2
-42.3,10,0,-2
-42.3,10,0,-2
-42.3,10,0,-2
-42.3,10,0,-2
-42.3,10,0,-4
-41.595,10,-1,-2
-42.3,10,0,-2
-41.595,10,-1,-2
-42.3,10,0,-4
-42.3,10,0,-4
-42.3,10,0,-4
-42.3,10,0,-4
-42.3,10,0,-4
-42.3,10,0,-4
-42.3,10,0,-2
-42.3,10,0,-2
-42.3,10,0,-2
-42.3,10,0,-2
-41.595,10,-1,-2
-42.3,10,0,-2
-42.3,10,0,-2
-42.3,10,0,-3
-42.3,10,0,-4
-41.595,10,-1,-2
-41.595,10,-1,-3
-41.595,10,-1,-3
-40.89,10,-2,-3
-41.595,10,-1,-2
-41.595,10,-1,-3
-40.89,10,-2,-3
-40.89,10,-2,-2
-41.595,10,-1,-3
-41.595,10,-1,-2
-41.595,10,-1,-3
-41.595,10,-1,-2
-42.3,11,0,-2
-42.3,11,0,-3
-42.3,11,0,-3
-42.3,11,0,-2
-41.595,10,-1,-1
-42.3,11,0,-2
-42.3,11,0,-3
-42.3,11,0,-3
-42.3,11,0,-2
-42.3,10,0,-1
-41.595,10,-1,-2
-42.3,10,0,-2
-42.3,10,0,-1
-42.3,10,0,-2
-42.3,10,0,-2
-42.3,10,0,-2
-42.3,10,0,-2
-42.3,10,0,-2
-42.3,10,0,-2
-42.3,10,0,-2
-42.3,10,0,-2
-42.3,10,0,-2
-42.3,10,0,-2
-42.3,10,0,-1
-42.3,10,0,-2
-42.3,10,0,-1
-42.3,10,0,-2
-42.3,10,0,-1
-42.3,10,0,0
-42.3,10,0,-3
-42.3,10,0,-3
-40.89,10,-2,-3
-41.595,10,-1,-3
-41.595,10,-1,-3
-42.3,10,0,-4
-41.595,10,-1,-3
-42.3,10,0,-5
-42.3,10,0,-3
-42.3,10,0,-3
-42.3,10,0,-1
-42.3,10,0,0
-42.3,10,0,-1
-42.3,10,0,-1
-42.3,10,0,-1
-41.595,10,-1,0
-42.3,10,0,-1
-42.3,10,0,-1
-42.3,10,0,-1
-42.3,10,0,0
-42.3,10,0,-2
-42.3,10,0,-2
-42.3,10,0,-2
-42.3,10,0,-2
-42.3,10,0,-2
-42.3,10,0,-2
-42.3,10,0,-2
-42.3,10,0,-2
-42.3,10,0,-2
-42.3,10,0,-2
-42.3,10,0,-1
-42.3,10,0,-1
-42.3,10,0,-2
-42.3,10,0,-1
-42.3,10,0,-1
-42.3,10,0,-1
-42.3,10,0,-1
-42.3,10,0,-2
-42.3,10,0,-2
-42.3,10,0,-1
-42.3,10,0,0
-42.3,10,0,0
-42.3,10,0,-2
-42.3,10,0,-2
-42.3,10,0,-2
-42.3,10,0,0
-42.3,10,0,0
-42.3,10,0,-1
-42.3,10,0,-2
-42.3,10,0,-2
-42.3,10,0,-1
-42.3,10,0,-1
-42.3,10,0,-1
-42.3,10,0,-1
-42.3,10,0,-1
-42.3,10,0,0
-42.3,10,0,-1
-42.3,10,0,-1
-42.3,10,0,-1
-42.3,10,0,-1
-42.3,10,0,-2
-42.3,10,0,-2
-42.3,10,0,-2
-40.89,11,-2,-2
-42.3,10,0,-3
-42.3,10,0,-2
-42.3,10,0,-2
-40.89,10,-2,-2
-42.3,10,0,-3
-42.3,10,0,-2
-42.3,10,0,-1
-42.3,10,0,-1
-42.3,10,0,-1
-42.3,10,0,-1
-42.3,10,0,-1
-41.595,10,-1,-2
-42.3,10,0,-1
-42.3,10,0,-1
-42.3,10,0,-2
-42.3,10,0,-1
-42.3,10,0,0
-42.3,10,0,-1
-42.3,10,0,-1
-42.3,10,0,-1
-42.3,10,0,-1
-42.3,10,0,-1
-42.3,10,0,-1
-41.595,10,-1,0
-42.3,10,0,-1
-42.3,10,0,-1
-41.595,10,-1,-2
-42.3,10,0,-3
-42.3,10,0,-3
-42.3,10,0,-2
-41.595,10,-1,-2
-42.3,10,0,-3
-42.3,10,0,-3
-42.3,10,0,-3
-42.3,10,0,-3
-42.3,10,0,-3
-42.3,10,0,0
-42.3,10,0,0
-42.3,10,0,-2
-42.3,10,0,-1
-42.3,10,0,-2
-42.3,10,0,0
-42.3,10,0,0
-42.3,10,0,0
-42.3,10,0,0
-42.3,10,0,0
-41.595,10,-1,-2
-42.3,11,0,-2
-41.595,11,-1,0
-41.595,11,-1,0
-42.3,11,0,0
-40.89,11,-2,0
-42.3,11,0,0
-41.595,10,-1,-3
-41.595,11,-1,-2
-42.3,11,0,0
-42.3,10,0,-2
-42.3,10,0,-2
-42.3,10,0,-2
-42.3,10,0,-2
-42.3,10,0,-2
-42.3,10,0,-2
-42.3,10,0,-2
-42.3,10,0,-2
-42.3,10,0,-2
-41.595,10,-1,-1
-42.3,10,0,-3
-41.595,10,-1,-1
-41.595,10,-1,-3
-42.3,10,0,-3
-42.3,10,0,-3
-42.3,10,0,-3
-42.3,10,0,-3
-42.3,10,0,-3
-42.3,10,0,-3
-42.3,10,0,-3
-42.3,10,0,-1
-42.3,10,0,-1
-42.3,10,0,-1
-42.3,10,0,-1
-42.3,10,0,-1
-42.3,10,0,-1
-42.3,10,0,-1
-42.3,10,0,-1
-41.595,10,-1,0
-41.595,10,-1,0
-41.595,10,-1,-3
-42.3,10,0,-5
-42.3,10,0,-3
-41.595,10,-1,-3
-41.595,10,-1,-3
-41.595,10,-1,-3
-42.3,10,0,-3
-42.3,10,0,-3
-41.595,10,-1,-3
-42.3,10,0,-3
