-92.95,10,-5,-6
-94.64,10,-4,-7
-94.64,10,-4,-8
-94.64,10,-4,-8
-98.02,11,-2,-8
-94.64,10,-4,-7
-98.02,10,-2,-7
-92.95,10,-5,-6
-94.64,10,-4,-8
-96.33,10,-3,-7
-101.4,10,0,-8
-98.02,10,-2,-7
-98.02,10,-2,-7
-98.02,10,-2,-8
-98.02,10,-2,-7
-101.4,10,0,-9
-98.02,10,-2,-7
-98.02,10,-2,-8
-101.4,10,0,-9
-94.64,10,-4,-7
-94.64,11,-4,-7
-94.64,11,-4,-7
-92.95,10,-5,-7
-101.4,10,0,-9
-94.64,11,-4,-7
-101.4,10,0,-9
-101.4,10,0,-9
-101.4,10,0,-9
-94.64,11,-4,-7
-94.64,11,-4,-7
-98.02,11,-2,-8
-94.64,11,-4,-7
-92.95,10,-5,-6
-92.95,10,-5,-7
-94.64,11,-4,-7
-98.02,11,-2,-7
-98.02,11,-2,-8
-94.64,11,-4,-7
-96.33,10,-3,-6
-98.02,11,-2,-8
-94.64,10,-4,-6
-101.4,10,0,-9
-98.02,10,-2,-6
-101.4,10,0,-8
-101.4,10,0,-9
-94.64,10,-4,-6
-101.4,10,0,-8
-91.26,9,-6,-6
-91.26,9,-6,-7
-91.26,9,-6,-6
-94.64,13,-4,-9
-91.26,11,-6,-8
-91.26,11,-6,-8
-91.26,11,-6,-8
-92.95,11,-5,-7
-92.95,11,-5,-7
-91.26,11,-6,-8
-91.26,11,-6,-7
-91.26,11,-6,-8
-89.57,11,-7,-8
-94.64,10,-4,-7
-91.26,10,-6,-7
-92.32,10,-2,-8
-87.88,10,-8,-7
-94.64,11,-4,-8
-87.88,10,-8,-6
-91.26,10,-6,-7
-91.26,10,-6,-7
-92.32,10,-2,-8
-94.64,11,-4,-8
-91.26,9,-6,-6
-91.26,9,-6,-6
-91.26,10,-6,-6
-88.94,10,-4,-6
-91.26,10,-6,-6
-91.26,9,-6,-6
-94.64,10,-4,-6
-94.64,10,-4,-6
-88.94,10,-4,-7
-91.26,9,-6,-6
-98.02,12,-2,-8
-98.02,11,-2,-8
-98.02,11,-2,-8
-98.02,11,-2,-8
-98.02,12,-2,-8
-92.95,11,-5,-8
-99.71,11,-1,-7
-99.71,11,-1,-7
-98.02,11,-2,-8
-98.02,11,-2,-8
-101.4,10,0,-9
-101.4,10,0,-8
-101.4,10,0,-9
-101.4,10,0,-8
-101.4,10,0,-8
-101.4,10,0,-8
-101.4,10,0,-8
-101.4,10,0,-9
-101.4,10,0,-9
-101.4,10,0,-9
-101.4,10,0,-8
-101.4,10,0,-8
-96.33,10,-3,-6
-94.64,10,-4,-7
-101.4,10,0,-7
-101.4,10,0,-8
-101.4,10,0,-8
-101.4,10,0,-8
-101.4,10,0,-8
-101.4,10,0,-8
-98.02,12,-2,-9
-98.02,12,-2,-9
-99.71,11,-1,-8
-98.02,12,-2,-9
-98.02,11,-2,-7
-99.71,11,-1,-8
-98.02,12,-2,-9
-99.71,11,-1,-7
-98.02,11,-2,-7
-98.02,12,-2,-9
-98.02,10,-2,-8
-91.26,10,-6,-7
-101.4,10,0,-8
-98.02,10,-2,-7
-101.4,10,0,-8
-98.02,10,-2,-7
-101.4,10,0,-9
-98.02,10,-2,-7
-98.02,10,-2,-8
-101.4,10,0,-8
-101.4,10,0,-7
-101.4,10,0,-8
-101.4,10,0,-8
-101.4,10,0,-7
-94.64,10,-4,-6
-94.64,10,-4,-7
-101.4,10,0,-8
-101.4,10,0,-8
-101.4,10,0,-7
-101.4,10,0,-7
-94.64,10,-4,-9
-94.64,10,-4,-9
-94.64,10,-4,-9
-94.64,10,-4,-8
-94.64,10,-4,-9
-94.64,10,-4,-9
-94.64,10,-4,-9
-94.64,10,-4,-9
-94.64,10,-4,-9
-94.64,10,-4,-9
-94.64,10,-4,-8
-101.4,10,0,-9
-101.4,10,0,-9
-101.4,10,0,-9
-101.4,10,0,-9
-101.4,10,0,-9
-101.4,10,0,-9
-101.4,10,0,-9
-101.4,10,0,-9
-101.4,10,0,-9
-101.4,10,0,-9
-101.4,10,0,-9
-101.4,10,0,-9
-99.71,10,-1,-8
-101.4,10,0,-9
-101.4,10,0,-9
-99.71,11,-1,-8
-99.71,10,-1,-8
-101.4,10,0,-9
-101.4,10,0,-9
-78.8,10,-10,-7
-74.36,8,-16,-5
-84.5,11,-10,-8
-84.5,11,-10,-8
-74.36,8,-16,-6
-91.26,13,-6,-9
-84.5,11,-10,-7
-78.8,10,-10,-7
-81.12,11,-12,-8
-87.88,11,-8,-8
-87.88,11,-8,-8
-89.57,11,-7,-7
-87.88,11,-8,-8
-87.88,10,-8,-6
-87.88,10,-8,-6
-86.19,10,-9,-7
-89.57,12,-7,-8
-87.88,10,-8,-6
-89.57,11,-7,-8
-92.95,10,-5,-7
-98.02,10,-2,-7
-101.4,10,0,-8
-101.4,10,0,-8
-98.02,10,-2,-7
-98.02,10,-2,-7
-101.4,10,0,-8
-101.4,10,0,-7
-101.4,10,0,-8
-101.4,10,0,-7
-94.64,10,-4,-6
-92.95,11,-5,-9
-84.5,10,-10,-7
-94.64,12,-4,-9
-92.95,11,-5,-9
-92.95,11,-5,-9
-92.95,11,-5,-9
-92.95,11,-5,-8
-85.56,11,-6,-9
-92.95,11,-5,-9
-92.95,11,-5,-9
-101.4,10,0,-8
-101.4,10,0,-8
-101.4,10,0,-8
-101.4,10,0,-8
-101.4,10,0,-8
-101.4,10,0,-8
-101.4,10,0,-8
-98.02,10,-2,-9
-98.02,10,-2,-9
-101.4,10,0,-8
-101.4,10,0,-8
-101.4,10,0,-7
-94.64,10,-4,-7
-98.02,10,-2,-7
-94.64,10,-4,-6
-94.64,10,-4,-6
-101.4,10,0,-7
-101.4,10,0,-7
-98.02,10,-2,-8
-94.64,10,-4,-6
-101.4,10,0,-8
-94.64,10,-4,-8
-91.26,10,-6,-8
-94.64,10,-4,-8
-94.64,10,-4,-8
-91.26,10,-6,-8
-87.88,9,-8,-6
-101.4,10,0,-8
-87.88,9,-8,-6
-94.64,10,-4,-7
-73.73,8,-13,-6
-73.73,8,-13,-6
-77.74,10,-14,-8
-77.74,9,-14,-5
-77.74,10,-14,-8
-79.43,9,-13,-5
-77.74,9,-14,-5
-79.43,9,-13,-6
-77.74,10,-14,-6
-77.74,9,-14,-5
-96.33,10,-3,-6
-89.57,11,-7,-8
-94.64,10,-4,-7
-101.4,10,0,-7
-98.02,10,-2,-8
-98.02,10,-2,-8
-96.33,11,-3,-7
-98.02,10,-2,-8
-98.02,10,-2,-8
-98.02,10,-2,-7
-94.64,10,-4,-6
-94.64,10,-4,-8
-91.26,9,-6,-7
-91.26,9,-6,-7
-96.33,10,-3,-7
-94.64,10,-4,-8
-94.64,10,-4,-6
-94.64,10,-4,-6
-101.4,10,0,-9
-96.33,10,-3,-7
-101.4,10,0,-9
-98.02,10,-2,-7
-92.95,10,-5,-6
-101.4,10,0,-8
-98.02,10,-2,-8
-101.4,10,0,-9
-92.95,10,-5,-7
-98.02,10,-2,-8
-101.4,10,0,-8
-96.33,10,-3,-6
-96.33,11,-3,-8
-87.88,10,-8,-6
-96.33,11,-3,-8
-96.33,11,-3,-8
-91.26,12,-6,-8
-89.57,10,-7,-6
-94.64,10,-4,-6
-94.64,11,-4,-8
-94.64,11,-4,-8
-96.33,11,-3,-7
-101.4,10,0,-9
-94.64,10,-4,-7
-98.02,10,-2,-7
-94.64,10,-4,-7
-94.64,10,-4,-7
-98.02,10,-2,-7
-101.4,10,0,-9
-101.4,10,0,-9
-86.19,9,-9,-5
-94.64,10,-4,-7
-101.4,10,0,-9
-94.64,11,-4,-8
-96.33,10,-3,-6
-96.33,10,-3,-6
-98.02,10,-2,-7
-91.26,10,-6,-7
-101.4,10,0,-9
-91.26,10,-6,-6
-98.02,10,-2,-7
-101.4,10,0,-9
-98.02,12,-2,-9
-101.4,12,0,-9
-101.4,12,0,-10
-101.4,12,0,-10
-101.4,12,0,-9
-101.4,12,0,-10
-101.4,12,0,-9
-101.4,12,0,-10
-101.4,12,0,-10
-101.4,12,0,-10
-88.94,10,-4,-6
-94.64,11,-4,-7
-94.64,10,-4,-7
-94.64,10,-4,-8
-94.64,10,-4,-7
-91.26,10,-6,-7
-87.88,9,-8,-6
-88.94,10,-4,-6
-94.64,10,-4,-8
-91.26,10,-6,-6
-98.02,12,-2,-8
-96.33,12,-3,-8
-96.33,12,-3,-8
-94.64,11,-4,-7
-96.33,12,-3,-8
-98.02,12,-2,-9
-98.02,12,-2,-9
-92.95,12,-5,-8
-87.88,10,-8,-7
-96.33,12,-3,-8
-94.64,11,-4,-9
-86.19,10,-9,-7
-86.19,10,-9,-7
-92.95,10,-5,-8
-86.19,10,-9,-7
-92.95,10,-5,-8
-87.88,10,-8,-8
-87.88,10,-8,-8
-94.64,10,-4,-7
-92.95,10,-5,-8
-69.29,7,-19,-3
-70.98,8,-18,-5
-74.36,9,-16,-6
-72.67,8,-17,-5
-72.67,8,-17,-5
-74.36,9,-16,-6
-74.36,9,-16,-6
-70.98,7,-18,-4
-74.36,9,-16,-6
-74.36,9,-16,-6
-96.33,10,-3,-6
-101.4,10,0,-7
-91.26,9,-6,-6
-89.57,10,-7,-6
-96.33,10,-3,-6
-96.33,10,-3,-6
-96.33,10,-3,-6
-89.57,10,-7,-6
-91.26,9,-6,-6
-101.4,10,0,-7
-84.5,9,-10,-7
-86.19,9,-9,-6
-86.19,9,-9,-6
-84.5,9,-10,-7
-84.5,9,-10,-7
-84.5,9,-10,-7
-84.5,9,-10,-7
-86.19,9,-9,-5
-84.5,9,-10,-7
-84.5,9,-10,-7
-89.57,11,-7,-7
-91.26,11,-6,-8
-91.26,11,-6,-8
-87.88,11,-8,-7
-91.26,11,-6,-9
-84.5,11,-10,-8
-89.57,11,-7,-7
-82.81,11,-11,-7
-89.57,12,-7,-8
-86.19,12,-9,-8
-91.26,9,-6,-5
-98.02,10,-2,-7
-98.02,10,-2,-7
-98.02,10,-2,-7
-98.02,10,-2,-7
-92.32,10,-2,-7
-98.02,10,-2,-7
-98.02,10,-2,-7
-98.02,10,-2,-7
-91.26,9,-6,-6
-96.33,10,-3,-7
-89.57,10,-7,-7
-94.64,10,-4,-7
-87.88,10,-8,-8
-87.88,10,-8,-8
-87.88,9,-8,-7
-87.88,10,-8,-8
-87.88,9,-8,-7
-87.88,10,-8,-8
-87.88,9,-8,-7
-87.88,11,-8,-7
-98.02,12,-2,-9
-98.02,12,-2,-9
-89.57,10,-7,-6
-92.95,12,-5,-8
-98.02,12,-2,-9
-92.95,11,-5,-7
-94.64,12,-4,-8
-92.95,12,-5,-8
-84.5,11,-10,-8
-84.5,9,-10,-6
-81.12,9,-12,-6
-81.12,8,-12,-5
-87.88,9,-8,-5
-81.12,9,-12,-7
-84.5,9,-10,-6
-84.5,9,-10,-6
-87.88,10,-8,-8
-81.12,9,-12,-6
-78.8,9,-10,-5
-91.26,10,-6,-8
-89.57,9,-7,-6
-98.02,10,-2,-7
-92.95,10,-5,-6
-92.95,10,-5,-7
-92.95,10,-5,-7
-92.95,10,-5,-7
-94.64,10,-4,-7
-91.26,9,-6,-7
-94.64,11,-4,-8
-101.4,10,0,-7
-101.4,10,0,-7
-98.02,11,-2,-7
-94.64,10,-4,-7
-101.4,10,0,-7
-101.4,10,0,-7
-94.64,10,-4,-7
-101.4,10,0,-8
-94.64,10,-4,-7
-101.4,10,0,-7
-94.64,12,-4,-9
-96.33,11,-3,-8
-94.64,12,-4,-9
-96.33,12,-3,-9
-94.64,12,-4,-9
-96.33,12,-3,-9
-98.02,11,-2,-8
-92.95,11,-5,-8
-96.33,11,-3,-8
-94.64,12,-4,-9
-94.64,10,-4,-9
-91.26,9,-6,-6
-98.02,10,-2,-6
-94.64,10,-4,-7
-91.26,9,-6,-6
-91.26,9,-6,-5
-94.64,10,-4,-9
-91.26,9,-6,-6
-94.64,10,-4,-9
-94.64,10,-4,-9
-87.88,11,-8,-7
-91.26,11,-6,-7
-87.88,9,-8,-5
-84.5,9,-10,-6
-87.88,10,-8,-7
-87.88,10,-8,-6
-91.26,11,-6,-7
-84.5,9,-10,-5
-87.88,9,-8,-5
-87.88,9,-8,-5
-101.4,10,0,-8
-94.64,10,-4,-7
-98.02,11,-2,-8
-101.4,10,0,-8
-101.4,10,0,-8
-101.4,10,0,-8
-98.02,10,-2,-8
-98.02,10,-2,-8
-98.02,10,-2,-8
-101.4,10,0,-8
-89.57,10,-7,-8
-98.02,10,-2,-6
-98.02,10,-2,-6
-92.95,10,-5,-8
-92.95,11,-5,-9
-89.57,10,-7,-7
-98.02,10,-2,-6
-98.02,10,-2,-6
-91.26,11,-6,-10
-91.26,11,-6,-10
-92.95,12,-5,-9
-87.88,13,-8,-9
-96.33,12,-3,-9
-92.95,12,-5,-9
-87.88,13,-8,-10
-98.02,12,-2,-9
-96.33,12,-3,-9
-96.33,12,-3,-9
-91.26,13,-6,-9
-87.88,13,-8,-10
-89.57,11,-7,-7
-84.5,9,-10,-8
-89.57,11,-7,-7
-98.02,12,-2,-9
-91.26,11,-6,-10
-91.26,11,-6,-10
-98.02,12,-2,-9
-87.88,9,-8,-8
-98.02,12,-2,-9
-87.88,10,-8,-7
-89.57,13,-7,-9
-101.4,12,0,-9
-89.57,13,-7,-9
-98.02,13,-2,-9
-94.64,12,-4,-8
-89.57,13,-7,-9
-98.02,12,-2,-9
-98.02,13,-2,-9
-89.57,13,-7,-9
-98.02,12,-2,-9
-84.5,11,-10,-8
-89.57,11,-7,-8
-86.19,10,-9,-7
-86.19,11,-9,-8
-89.57,11,-7,-8
-84.5,11,-10,-8
-87.88,10,-8,-7
-82.81,10,-11,-7
-89.57,11,-7,-8
-92.95,11,-5,-8
-98.02,11,-2,-8
-89.57,9,-7,-7
-98.02,11,-2,-8
-98.02,11,-2,-8
-86.19,10,-9,-7
-91.26,10,-6,-7
-91.26,10,-6,-7
-91.26,10,-6,-7
-94.64,10,-4,-8
-89.57,10,-7,-7
-84.5,9,-10,-6
-84.5,9,-10,-6
-87.88,9,-8,-6
-87.88,10,-8,-8
-84.5,9,-10,-6
-84.5,9,-10,-6
-84.5,10,-10,-7
-87.88,9,-8,-6
-87.88,9,-8,-6
-84.5,9,-10,-6
-98.02,10,-2,-7
-94.01,10,-1,-6
-98.02,10,-2,-7
-89.57,9,-7,-5
-94.64,10,-4,-8
-91.26,9,-6,-6
-87.88,9,-8,-6
-91.26,9,-6,-6
-92.95,10,-5,-7
-92.95,10,-5,-6
-101.4,10,0,-8
-101.4,10,0,-8
-101.4,10,0,-8
-101.4,10,0,-8
-101.4,10,0,-8
-101.4,10,0,-8
-101.4,10,0,-8
-101.4,10,0,-8
-101.4,10,0,-8
-101.4,10,0,-8
-98.02,10,-2,-8
-98.02,11,-2,-8
-94.64,10,-4,-7
-94.64,11,-4,-8
-98.02,10,-2,-8
-96.33,11,-3,-9
-96.33,11,-3,-8
-98.02,10,-2,-8
-98.02,10,-2,-8
-98.02,10,-2,-8
-98.02,10,-2,-7
-98.02,10,-2,-7
-92.95,10,-5,-6
-98.02,10,-2,-7
-98.02,11,-2,-7
-98.02,10,-2,-7
-94.64,10,-4,-7
-98.02,10,-2,-7
-92.95,10,-5,-6
-92.95,11,-5,-7
-72.67,8,-17,-5
-70.98,8,-18,-6
-67.6,8,-20,-5
-70.98,8,-18,-6
-72.67,8,-17,-5
-70.98,7,-18,-5
-70.98,8,-18,-6
-69.29,8,-19,-6
-65.91,7,-21,-4
-74.36,8,-16,-5
-98.02,11,-2,-8
-91.26,10,-6,-7
-94.64,10,-4,-8
-91.26,9,-6,-7
-94.64,10,-4,-8
-94.64,10,-4,-8
-91.26,10,-6,-7
-98.02,11,-2,-8
-91.26,10,-6,-6
-98.02,11,-2,-8
-91.26,9,-6,-7
-91.26,9,-6,-7
-94.64,10,-4,-8
-91.26,9,-6,-7
-94.64,10,-4,-8
-91.26,9,-6,-7
-101.4,10,0,-8
-101.4,10,0,-8
-91.26,9,-6,-7
-91.26,9,-6,-7
-98.02,10,-2,-7
-101.4,10,0,-9
-101.4,10,0,-9
-101.4,10,0,-9
-87.88,9,-8,-7
-101.4,10,0,-9
-101.4,10,0,-9
-101.4,10,0,-9
-101.4,10,0,-9
-101.4,10,0,-9
-98.02,11,-2,-7
-92.95,10,-5,-7
-98.02,11,-2,-8
-98.02,11,-2,-7
-98.02,11,-2,-8
-96.33,10,-3,-7
-96.33,10,-3,-7
-96.33,10,-3,-6
-98.02,10,-2,-8
-98.02,11,-2,-7
-94.64,10,-4,-8
-94.64,10,-4,-8
-94.64,10,-4,-8
-94.64,10,-4,-8
-94.64,10,-4,-8
-94.64,10,-4,-8
-94.64,10,-4,-8
-87.88,9,-8,-7
-94.64,10,-4,-6
-94.64,10,-4,-8
-94.64,10,-4,-7
-87.88,11,-8,-7
-94.64,10,-4,-7
-94.64,10,-4,-7
-94.64,10,-4,-7
-92.95,12,-5,-9
-94.64,10,-4,-7
-98.02,11,-2,-7
-92.95,11,-5,-7
-92.95,11,-5,-7
-89.57,10,-7,-8
-101.4,10,0,-9
-92.95,10,-5,-7
-94.64,10,-4,-7
-96.33,10,-3,-7
-101.4,10,0,-8
-101.4,10,0,-9
-96.33,10,-3,-7
-101.4,10,0,-9
-101.4,10,0,-9
-96.33,11,-3,-7
-91.26,12,-6,-8
-91.26,12,-6,-8
-81.12,9,-12,-5
-88.94,11,-4,-7
-81.12,9,-12,-5
-81.12,9,-12,-5
-88.94,11,-4,-7
-89.57,10,-7,-6
-81.12,9,-12,-5
-91.26,11,-6,-8
-92.95,11,-5,-8
-88.94,11,-4,-8
-91.26,12,-6,-9
-91.26,11,-6,-8
-94.64,10,-4,-6
-91.26,11,-6,-8
-91.26,12,-6,-9
-92.95,11,-5,-8
-91.26,11,-6,-8
-101.4,10,0,-9
-101.4,10,0,-9
-101.4,10,0,-9
-101.4,10,0,-9
-101.4,10,0,-9
-101.4,10,0,-9
-101.4,10,0,-8
-101.4,10,0,-9
-101.4,10,0,-9
-101.4,10,0,-9
-94.64,11,-4,-8
-99.71,11,-1,-7
-96.33,12,-3,-8
-99.71,11,-1,-7
-96.33,12,-3,-8
-96.33,12,-3,-8
-96.33,12,-3,-8
-96.33,12,-3,-8
-99.71,11,-1,-7
-99.71,11,-1,-7
-91.26,10,-6,-6
-91.26,11,-6,-7
-94.64,11,-4,-8
-87.88,11,-8,-8
-94.64,11,-4,-8
-87.88,10,-8,-6
-91.26,12,-6,-8
-94.64,11,-4,-8
-87.88,11,-8,-8
-94.64,11,-4,-8
-89.57,11,-7,-8
-86.19,9,-9,-5
-89.57,10,-7,-7
-87.88,10,-8,-7
-87.88,11,-8,-7
-86.19,9,-9,-5
-89.57,10,-7,-7
-87.88,11,-8,-7
-89.57,11,-7,-8
-89.57,11,-7,-8
-96.33,14,-3,-11
-91.26,12,-6,-9
-94.64,12,-4,-9
-96.33,13,-3,-10
-92.95,13,-5,-10
-92.95,13,-5,-10
-96.33,14,-3,-11
-91.26,12,-6,-9
-94.64,13,-4,-9
-94.64,12,-4,-9
-96.33,10,-3,-6
-87.88,11,-8,-7
-84.5,11,-10,-7
-98.02,11,-2,-7
-94.64,11,-4,-7
-92.95,10,-5,-6
-94.64,11,-4,-7
-96.33,10,-3,-6
-91.26,10,-6,-6
-92.95,11,-5,-8
-99.71,11,-1,-8
-101.4,10,0,-9
-99.71,11,-1,-8
-101.4,10,0,-9
-98.02,10,-2,-8
-101.4,10,0,-9
-101.4,11,0,-9
-101.4,10,0,-9
-99.71,11,-1,-8
-101.4,11,0,-9
-94.64,11,-4,-7
-94.64,10,-4,-6
-81.12,10,-12,-6
-94.64,10,-4,-6
-92.95,10,-5,-6
-94.64,11,-4,-7
-94.64,11,-4,-7
-94.64,10,-4,-6
-87.88,10,-8,-7
-84.5,9,-10,-6
-94.64,11,-4,-7
-98.02,11,-2,-8
-94.64,11,-4,-7
-94.64,11,-4,-7
-98.02,11,-2,-8
-98.02,11,-2,-8
-98.02,11,-2,-8
-98.02,11,-2,-8
-98.02,11,-2,-8
-98.02,11,-2,-8
-98.02,10,-2,-7
-92.95,10,-5,-7
-92.95,10,-5,-6
-87.88,9,-8,-5
-87.88,9,-8,-5
-81.12,8,-12,-5
-84.5,9,-10,-6
-98.02,10,-2,-7
-92.95,10,-5,-6
-98.02,10,-2,-7
-94.64,10,-4,-8
-94.64,10,-4,-7
-94.64,11,-4,-8
-87.88,10,-8,-7
-92.95,10,-5,-7
-94.64,10,-4,-8
-89.57,11,-7,-8
-84.5,10,-10,-7
-98.02,10,-2,-8
-91.26,10,-6,-8
-91.26,9,-6,-7
-92.95,10,-5,-6
-91.26,9,-6,-7
-86.19,10,-9,-7
-89.57,10,-7,-6
-91.26,9,-6,-7
-87.88,9,-8,-6
-82.81,9,-11,-5
-89.57,10,-7,-6
-86.19,10,-9,-7
-98.02,12,-2,-8
-98.02,12,-2,-8
-98.02,12,-2,-8
-96.33,13,-3,-9
-98.02,12,-2,-8
-98.02,12,-2,-8
-98.02,12,-2,-8
-98.02,12,-2,-8
-94.64,13,-4,-10
-98.02,12,-2,-8
-91.26,12,-6,-8
-84.5,10,-10,-7
-94.64,11,-4,-7
-94.64,11,-4,-8
-84.5,11,-10,-8
-91.26,11,-6,-8
-91.26,11,-6,-8
-94.64,11,-4,-9
-94.64,11,-4,-9
-94.64,11,-4,-9
-94.64,10,-4,-7
-91.26,9,-6,-5
-91.26,10,-6,-6
-87.88,9,-8,-6
-85.56,10,-6,-6
-91.26,10,-6,-7
-87.88,10,-8,-7
-91.26,10,-6,-7
-87.88,10,-8,-6
-85.56,10,-6,-6
-101.4,10,0,-9
-91.26,9,-6,-6
-101.4,10,0,-9
-101.4,10,0,-9
-91.26,9,-6,-6
-101.4,10,0,-9
-101.4,10,0,-9
-101.4,10,0,-9
-101.4,10,0,-9
-91.26,9,-6,-7
-101.4,10,0,-9
-101.4,10,0,-9
-91.26,9,-6,-5
-101.4,10,0,-9
-101.4,10,0,-9
-101.4,10,0,-9
-101.4,10,0,-9
-101.4,10,0,-9
-101.4,10,0,-9
-101.4,10,0,-9
-76.05,11,-15,-7
-76.05,11,-15,-7
-76.05,11,-15,-7
-81.12,11,-12,-8
-76.05,11,-15,-7
-76.05,11,-15,-7
-81.12,11,-12,-8
-76.05,11,-15,-7
-72.67,10,-17,-7
-76.05,11,-15,-7
-91.26,9,-6,-6
-94.64,10,-4,-7
-94.64,10,-4,-7
-94.64,10,-4,-7
-101.4,10,0,-7
-101.4,10,0,-8
-94.64,10,-4,-6
-91.26,10,-6,-7
-91.26,9,-6,-6
-91.26,10,-6,-6
-98.02,11,-2,-8
-98.02,11,-2,-8
-99.71,11,-1,-7
-98.02,11,-2,-8
-98.02,11,-2,-8
-98.02,11,-2,-8
-98.02,11,-2,-8
-98.02,11,-2,-8
-89.57,10,-7,-6
-96.33,11,-3,-7
-92.95,10,-5,-6
-94.64,10,-4,-7
-94.64,10,-4,-7
-89.57,10,-7,-6
-92.95,10,-5,-6
-94.64,10,-4,-7
-92.95,10,-5,-6
-87.88,9,-8,-6
-96.33,10,-3,-6
-91.26,9,-6,-6
-92.32,10,-2,-7
-98.02,10,-2,-7
-91.26,9,-6,-6
-91.26,10,-6,-6
-91.26,10,-6,-6
-92.95,10,-5,-6
-98.02,10,-2,-7
-96.33,10,-3,-6
-98.02,10,-2,-7
-92.95,10,-5,-6
-91.26,9,-6,-6
-98.02,10,-2,-7
-85.56,9,-6,-6
-101.4,10,0,-9
-91.26,9,-6,-6
-101.4,10,0,-9
-94.64,10,-4,-7
-91.26,9,-6,-6
-101.4,10,0,-9
-91.26,9,-6,-6
-91.26,11,-6,-8
-91.26,11,-6,-8
-91.26,10,-6,-7
-91.26,11,-6,-8
-91.26,11,-6,-8
-96.33,10,-3,-6
-96.33,10,-3,-6
-91.26,10,-6,-7
-91.26,10,-6,-7
-91.26,11,-6,-8
-82.81,10,-11,-7
-84.5,10,-10,-6
-81.12,9,-12,-5
-82.81,10,-11,-7
-87.88,10,-8,-7
-86.19,10,-9,-7
-86.19,10,-9,-6
-84.5,10,-10,-6
-87.88,10,-8,-7
-82.81,10,-11,-7
-91.26,12,-6,-8
-87.88,11,-8,-7
-87.88,11,-8,-7
-94.64,11,-4,-7
-87.88,11,-8,-7
-91.26,11,-6,-7
-94.64,11,-4,-7
-91.26,11,-6,-7
-94.64,11,-4,-7
-91.26,12,-6,-9
-101.4,10,0,-9
-101.4,10,0,-9
-101.4,10,0,-9
-94.64,10,-4,-7
-101.4,10,0,-9
-94.64,10,-4,-7
-101.4,10,0,-9
-101.4,10,0,-9
-101.4,10,0,-9
-94.64,10,-4,-7
-92.95,10,-5,-6
-87.88,10,-8,-8
-87.88,9,-8,-7
-92.95,10,-5,-6
-84.5,9,-10,-6
-92.95,10,-5,-6
-87.88,10,-8,-8
-91.26,9,-6,-6
-91.26,9,-6,-6
-92.95,10,-5,-6
-94.64,10,-4,-7
-84.5,9,-10,-5
-91.26,10,-6,-6
-87.88,9,-8,-7
-84.5,9,-10,-6
-87.88,9,-8,-6
-81.12,8,-12,-6
-85.56,9,-6,-5
-87.88,9,-8,-6
-91.26,10,-4,-7
-74.36,9,-16,-7
-74.36,9,-16,-7
-70.98,8,-18,-6
-72.67,8,-17,-6
-70.98,8,-18,-4
-76.05,8,-15,-6
-74.36,8,-16,-6
-70.98,8,-18,-6
-72.67,8,-17,-6
-74.36,8,-16,-5
