-34.39,9,-22,-6
-31.675,8,-25,-4
-30.77,8,-26,-4
-31.675,8,-25,-4
-33.485,10,-23,-6
-33.485,10,-23,-6
-34.39,9,-22,-6
-31.675,8,-25,-4
-33.485,8,-23,-4
-34.39,9,-22,-6
-39.82,9,-16,-4
-39.82,9,-16,-4
-39.82,9,-16,-4
-39.82,9,-16,-4
-39.82,9,-16,-4
-39.82,9,-16,-4
-39.82,9,-16,-4
-39.82,9,-16,-4
-39.82,9,-16,-4
-39.82,9,-16,-4
-43.44,10,-12,-4
-43.44,10,-12,-4
-43.44,10,-12,-4
-43.44,10,-12,-4
-43.44,10,-12,-4
-43.44,10,-12,-4
-43.44,10,-12,-4
-43.44,10,-12,-4
-43.44,10,-12,-4
-43.44,10,-12,-4
-43.44,11,-12,-6
-43.44,11,-12,-6
-43.44,11,-12,-6
-43.44,11,-12,-6
-43.44,11,-12,-6
-43.44,11,-12,-6
-43.44,11,-12,-6
-43.44,11,-12,-6
-43.44,11,-12,-6
-43.44,11,-12,-6
-38.01,9,-18,-6
-38.01,9,-18,-6
-38.01,9,-18,-5
-39.82,9,-16,-4
-38.01,9,-18,-6
-39.82,9,-16,-4
-36.2,9,-20,-6
-38.01,9,-18,-6
-38.01,9,-18,-5
-32.58,8,-24,-5
-34.39,8,-22,-4
-36.2,9,-20,-5
-34.39,8,-22,-5
-34.39,8,-22,-4
-36.2,9,-20,-4
-34.39,8,-22,-4
-38.01,9,-18,-5
-34.39,8,-22,-4
-36.2,9,-20,-5
-36.2,9,-20,-5
-32.58,7,-24,-2
-32.58,7,-24,-2
-34.39,8,-22,-2
-32.58,7,-24,-3
-34.39,7,-22,-3
-34.39,8,-22,-2
-32.58,7,-24,-2
-33.485,8,-23,-4
-32.58,7,-24,-2
-32.58,7,-24,-2
-38.915,10,-17,-5
-38.915,10,-17,-5
-38.915,10,-17,-5
-38.915,10,-17,-5
-38.915,10,-17,-5
-38.915,10,-17,-5
-38.915,10,-17,-5
-38.915,10,-17,-5
-38.915,10,-17,-5
-38.915,10,-17,-5
-49.775,13,-5,-9
-51.585,14,-3,-10
-49.775,13,-5,-9
-49.775,13,-5,-9
-45.25,12,-10,-7
-49.775,13,-5,-9
-49.775,13,-5,-9
-51.585,14,-3,-10
-49.775,13,-5,-9
-49.775,13,-5,-9
-37.105,8,-19,-4
-38.01,9,-18,-5
-37.105,8,-19,-4
-38.01,9,-18,-5
-37.105,8,-19,-4
-38.01,9,-18,-5
-37.105,8,-19,-4
-37.105,8,-19,-4
-38.01,8,-18,-5
-37.105,8,-19,-4
-41.63,11,-14,-8
-39.82,10,-16,-5
-39.82,10,-16,-5
-39.82,9,-16,-3
-39.82,10,-16,-5
-41.63,11,-14,-8
-39.82,10,-16,-6
-41.63,11,-14,-8
-39.82,10,-16,-5
-39.82,10,-16,-5
-32.58,7,-24,-2
-32.58,7,-24,-2
-25.34,5,-32,-2
-28.96,7,-28,-1
-25.34,6,-32,-2
-32.58,7,-24,-2
-32.58,7,-24,-2
-32.58,7,-24,-2
-32.58,7,-24,-2
-32.58,7,-24,-2
-30.77,7,-26,-4
-27.15,5,-30,-2
-27.15,6,-30,-3
-30.77,7,-26,-4
-30.77,7,-26,-4
-27.15,5,-30,-2
-27.15,6,-30,-3
-28.96,6,-28,-3
-21.72,5,-34,-1
-25.34,6,-32,-1
-39.82,9,-16,-4
-38.915,9,-17,-4
-38.915,9,-17,-4
-43.44,10,-12,-6
-44.345,10,-11,-5
-38.915,9,-17,-4
-38.915,9,-17,-4
-44.345,10,-11,-5
-38.915,9,-17,-4
-34.39,7,-22,-3
-47.965,12,-7,-7
-47.965,12,-7,-7
-47.965,12,-7,-7
-47.965,12,-7,-7
-47.06,12,-8,-6
-47.965,12,-7,-7
-47.965,12,-7,-7
-47.965,12,-7,-7
-46.155,13,-9,-8
-47.965,12,-7,-7
-42.535,12,-13,-7
-43.44,12,-12,-7
-42.535,12,-13,-7
-43.44,12,-12,-7
-43.44,12,-12,-7
-35.295,9,-21,-4
-38.01,10,-18,-6
-36.2,10,-20,-6
-37.105,10,-19,-6
-32.58,10,-24,-5
-39.82,10,-16,-5
-39.82,10,-16,-5
-39.82,10,-16,-5
-39.82,10,-16,-5
-38.915,9,-17,-5
-39.82,10,-16,-5
-39.82,10,-16,-5
-39.82,10,-16,-5
-39.82,10,-16,-5
-39.82,10,-16,-5
-30.77,6,-26,-3
-30.77,8,-26,-4
-30.77,7,-26,-3
-29.865,8,-27,-4
-30.77,6,-26,-3
-28.96,6,-28,-4
-32.58,8,-24,-4
-28.055,7,-29,-3
-28.055,6,-29,-2
-30.77,8,-26,-4
-40.725,9,-15,-3
-39.82,10,-16,-5
-40.725,9,-15,-3
-39.82,10,-16,-5
-40.725,9,-15,-3
-40.725,9,-15,-3
-40.725,9,-15,-3
-40.725,9,-15,-3
-40.725,9,-15,-3
-40.725,9,-15,-3
-34.39,7,-22,-3
-34.39,7,-22,-3
-36.2,7,-20,-3
-34.39,7,-22,-3
-36.2,7,-20,-3
-36.2,7,-20,-3
-36.2,7,-20,-3
-36.2,7,-20,-3
-36.2,7,-20,-3
-36.2,7,-20,-3
-36.2,9,-20,-5
-36.2,9,-20,-6
-39.82,11,-16,-6
-36.2,9,-20,-5
-36.2,9,-20,-5
-36.2,9,-20,-5
-39.82,11,-16,-6
-36.2,9,-20,-4
-36.2,9,-20,-5
-36.2,9,-20,-5
-28.96,7,-28,-2
-31.675,7,-25,-2
-30.77,7,-26,-2
-30.77,7,-26,-2
-29.865,7,-27,-3
-30.77,7,-26,-2
-30.77,7,-26,-2
-27.15,6,-30,-2
-30.77,7,-26,-2
-30.77,7,-26,-2
-40.725,10,-15,-5
-41.63,11,-14,-6
-40.725,10,-15,-5
-43.44,10,-12,-4
-43.44,10,-12,-4
-40.725,10,-15,-5
-41.63,11,-14,-6
-42.535,10,-13,-4
-40.725,10,-15,-5
-40.725,10,-15,-5
-33.485,8,-23,-4
-34.39,8,-22,-4
-33.485,8,-23,-4
-33.485,8,-23,-4
-33.485,8,-23,-4
-34.39,8,-22,-4
-33.485,8,-23,-4
-33.485,8,-23,-4
-32.58,10,-24,-5
-34.39,8,-22,-4
-44.345,10,-11,-5
-44.345,10,-11,-5
-44.345,10,-11,-5
-44.345,10,-11,-5
-44.345,10,-11,-5
-44.345,10,-11,-5
-44.345,10,-11,-5
-44.345,10,-11,-5
-44.345,10,-11,-5
-44.345,10,-11,-5
-39.82,8,-16,-4
-39.82,8,-16,-4
-37.105,8,-19,-3
-39.82,8,-16,-4
-35.295,8,-21,-4
-39.82,8,-16,-4
-37.105,8,-19,-3
-37.105,8,-19,-3
-37.105,8,-19,-3
-35.295,8,-21,-4
-37.105,10,-19,-5
-41.63,11,-14,-7
-41.63,11,-14,-7
-41.63,11,-14,-7
-37.105,10,-19,-5
-41.63,12,-14,-8
-37.105,10,-19,-5
-41.63,11,-14,-7
-41.63,11,-14,-7
-41.63,11,-14,-7
-37.105,8,-19,-3
-37.105,9,-19,-4
-37.105,8,-19,-3
-37.105,9,-19,-4
-37.105,9,-19,-4
-37.105,8,-19,-3
-37.105,8,-19,-3
-37.105,9,-19,-4
-37.105,8,-19,-3
-37.105,8,-19,-3
-34.39,7,-22,-3
-34.39,7,-22,-3
-34.39,7,-22,-3
-34.39,7,-22,-3
-34.39,7,-22,-3
-34.39,7,-22,-3
-34.39,7,-22,-3
-34.39,7,-22,-3
-34.39,7,-22,-3
-34.39,7,-22,-3
-41.63,9,-14,-4
-41.63,9,-14,-4
-39.82,8,-16,-5
-41.63,9,-14,-4
-41.63,9,-14,-4
-41.63,9,-14,-4
-41.63,9,-14,-4
-41.63,9,-14,-4
-39.82,8,-16,-5
-39.82,8,-16,-5
-28.96,6,-28,-2
-32.58,7,-24,-3
-32.58,7,-24,-3
-28.96,6,-28,-2
-32.58,7,-24,-3
-32.58,7,-24,-3
-32.58,7,-24,-3
-32.58,7,-24,-3
-28.96,6,-28,-2
-28.96,6,-28,-2
-40.725,10,-15,-5
-40.725,10,-15,-5
-40.725,10,-15,-5
-40.725,10,-15,-5
-40.725,10,-15,-5
-40.725,10,-15,-5
-40.725,10,-15,-5
-40.725,10,-15,-5
-40.725,10,-15,-5
-40.725,10,-15,-5
-45.25,10,-10,-5
-45.25,10,-10,-5
-45.25,10,-10,-5
-45.25,10,-10,-5
-45.25,10,-10,-5
-45.25,10,-10,-5
-45.25,10,-10,-5
-45.25,10,-10,-5
-45.25,10,-10,-5
-45.25,10,-10,-5
-39.82,9,-16,-5
-29.865,7,-27,-2
-39.82,9,-16,-4
-39.82,9,-16,-5
-39.82,9,-16,-4
-36.2,9,-20,-5
-37.105,9,-19,-5
-38.915,9,-17,-4
-38.915,9,-17,-4
-37.105,8,-19,-3
-41.63,9,-14,-5
-41.63,9,-14,-5
-41.63,9,-14,-5
-47.06,10,-8,-6
-41.63,9,-14,-5
-41.63,9,-14,-5
-47.06,10,-8,-6
-47.06,10,-8,-6
-41.63,9,-14,-5
-41.63,9,-14,-5
-25.34,5,-32,-1
-25.34,5,-32,-3
-23.53,6,-34,-2
-21.72,5,-36,-3
-25.34,5,-32,-1
-27.15,5,-30,-1
-25.34,5,-32,-1
-25.34,5,-32,-1
-25.34,5,-32,-1
-23.53,6,-34,-2
-36.2,8,-20,-3
-36.2,8,-20,-3
-28.055,7,-29,-3
-36.2,8,-20,-3
-36.2,8,-20,-3
-36.2,8,-20,-3
-36.2,8,-20,-3
-29.865,8,-27,-4
-36.2,8,-20,-3
-36.2,8,-20,-3
-37.105,9,-19,-4
-38.01,8,-18,-4
-38.01,8,-18,-4
-38.01,8,-18,-4
-38.01,8,-18,-4
-39.82,11,-16,-5
-39.82,11,-16,-5
-39.82,11,-16,-5
-39.82,11,-16,-5
-39.82,11,-16,-5
-39.82,11,-16,-6
-38.915,10,-17,-5
-38.915,10,-17,-5
-39.82,11,-16,-6
-38.915,11,-17,-7
-38.915,10,-17,-5
-38.915,11,-17,-7
-38.915,10,-17,-5
-39.82,11,-16,-6
-36.2,9,-20,-5
-34.39,8,-22,-3
-39.82,9,-16,-4
-34.39,8,-22,-2
-38.01,8,-18,-2
-38.01,8,-18,-2
-38.01,8,-18,-2
-38.01,8,-18,-2
-34.39,8,-22,-3
-38.01,8,-18,-2
-38.01,8,-18,-2
-44.345,12,-11,-8
-44.345,12,-11,-8
-41.63,11,-14,-6
-44.345,12,-11,-8
-41.63,11,-14,-6
-44.345,12,-11,-8
-44.345,12,-11,-8
-44.345,12,-11,-8
-41.63,11,-14,-6
-44.345,12,-11,-8
-37.105,9,-19,-5
-39.82,10,-16,-5
-33.485,9,-23,-5
-38.915,10,-17,-6
-39.82,10,-16,-5
-39.82,10,-16,-5
-39.82,10,-16,-5
-33.485,9,-23,-5
-39.82,10,-16,-5
-33.485,9,-23,-5
-47.06,14,-8,-9
-47.06,14,-8,-9
-47.06,14,-8,-9
-47.06,14,-8,-9
-46.155,13,-9,-7
-46.155,13,-9,-7
-47.06,14,-8,-9
-46.155,13,-9,-8
-45.25,14,-10,-8
-47.06,14,-8,-9
-32.58,7,-24,-2
-34.39,7,-22,-2
-30.77,6,-26,-2
-34.39,7,-22,-2
-34.39,7,-22,-2
-32.58,7,-24,-3
-34.39,7,-22,-2
-34.39,7,-22,-2
-34.39,7,-22,-2
-34.39,7,-22,-2
-38.915,10,-17,-6
-38.915,10,-17,-6
-39.82,10,-16,-7
-37.105,9,-19,-5
-39.82,10,-16,-7
-36.2,9,-20,-4
-37.105,9,-19,-5
-38.915,10,-17,-6
-38.915,10,-17,-6
-38.915,10,-17,-6
-38.915,12,-17,-9
-38.915,12,-17,-9
-38.915,12,-17,-9
-38.915,12,-17,-9
-38.915,12,-17,-9
-38.915,12,-17,-9
-38.915,12,-17,-9
-38.915,12,-17,-9
-38.915,12,-17,-9
-38.915,12,-17,-9
-28.96,6,-28,-1
-32.58,7,-24,-3
-23.53,5,-34,-2
-32.58,7,-24,-3
-32.58,7,-24,-3
-28.96,6,-28,-1
-23.53,5,-34,-2
-23.53,5,-34,-2
-28.96,6,-28,-1
-25.34,6,-32,-2
-35.295,8,-21,-3
-35.295,8,-21,-5
-39.82,9,-16,-4
-36.2,9,-20,-5
-39.82,9,-16,-3
-35.295,8,-21,-5
-39.82,9,-16,-3
-39.82,9,-16,-3
-39.82,9,-16,-3
-39.82,9,-16,-3
-47.965,13,-7,-8
-47.965,13,-7,-8
-47.965,13,-7,-8
-47.965,13,-7,-8
-48.87,13,-6,-8
-47.965,13,-7,-8
-47.965,13,-7,-8
-46.155,13,-9,-8
-48.87,13,-6,-8
-47.965,13,-7,-8
-40.725,11,-15,-6
-38.915,11,-17,-6
-38.915,11,-17,-6
-38.915,11,-17,-6
-38.915,11,-17,-6
-38.915,11,-17,-6
-38.915,11,-17,-6
-38.915,11,-17,-6
-38.915,11,-17,-6
-38.915,11,-17,-6
-30.77,9,-26,-4
-33.485,8,-23,-4
-33.485,8,-23,-4
-33.485,8,-23,-4
-33.485,8,-23,-4
-33.485,8,-23,-4
-30.77,9,-26,-4
-33.485,8,-23,-4
-30.77,9,-26,-4
-30.77,9,-26,-4
-38.01,8,-18,-4
-38.01,8,-18,-4
-38.01,8,-18,-4
-38.01,8,-18,-4
-38.01,8,-18,-4
-38.01,8,-18,-4
-38.01,8,-18,-4
-38.01,8,-18,-4
-38.01,8,-18,-4
-38.01,8,-18,-4
-44.345,13,-11,-7
-42.535,13,-13,-8
-42.535,13,-13,-8
-42.535,13,-13,-8
-44.345,13,-11,-7
-42.535,13,-13,-8
-42.535,13,-13,-8
-42.535,13,-13,-8
-42.535,13,-13,-8
-42.535,13,-13,-8
-32.58,8,-24,-4
-27.15,6,-30,-2
-27.15,6,-30,-2
-27.15,6,-30,-2
-32.58,8,-24,-4
-27.15,6,-30,-3
-31.675,7,-25,-4
-27.15,6,-30,-2
-27.15,6,-30,-2
-27.15,6,-30,-2
-38.01,9,-18,-5
-38.01,9,-18,-4
-38.01,9,-18,-5
-38.01,9,-18,-5
-36.2,9,-20,-4
-36.2,9,-20,-4
-35.295,9,-21,-4
-36.2,9,-20,-4
-38.915,9,-17,-4
-35.295,9,-21,-4
-39.82,10,-16,-5
-36.2,9,-20,-3
-36.2,9,-20,-3
-36.2,9,-20,-4
-39.82,11,-16,-6
-36.2,9,-20,-4
-36.2,10,-20,-4
-39.82,10,-16,-5
-36.2,10,-20,-4
-36.2,9,-20,-4
-44.345,10,-11,-5
-44.345,10,-11,-5
-44.345,10,-11,-5
-44.345,10,-11,-5
-44.345,10,-11,-5
-44.345,10,-11,-5
-45.25,11,-10,-5
-45.25,11,-10,-5
-44.345,10,-11,-5
-44.345,10,-11,-5
-29.865,7,-27,-3
-30.77,7,-26,-3
-29.865,7,-27,-3
-30.77,7,-26,-3
-29.865,7,-27,-3
-29.865,7,-27,-3
-30.77,7,-26,-3
-29.865,7,-27,-3
-29.865,7,-27,-3
-29.865,7,-27,-3
-30.77,6,-26,-3
-30.77,6,-26,-3
-32.58,6,-24,-2
-30.77,6,-26,-3
-32.58,6,-24,-2
-32.58,6,-24,-2
-28.96,6,-28,-2
-32.58,6,-24,-2
-32.58,6,-24,-2
-30.77,6,-26,-3
-36.2,7,-20,-3
-36.2,7,-20,-3
-36.2,7,-20,-3
-36.2,7,-20,-3
-36.2,7,-20,-3
-36.2,7,-20,-3
-36.2,7,-20,-3
-38.01,8,-18,-3
-36.2,8,-20,-3
-36.2,7,-20,-3
-40.725,9,-15,-5
-40.725,9,-15,-5
-40.725,9,-15,-5
-40.725,9,-15,-5
-40.725,9,-15,-5
-40.725,9,-15,-5
-40.725,9,-15,-5
-40.725,9,-15,-5
-40.725,9,-15,-5
-40.725,9,-15,-5
-42.535,10,-13,-5
-42.535,10,-13,-5
-37.105,9,-19,-3
-42.535,10,-13,-5
-42.535,10,-13,-5
-42.535,10,-13,-5
-42.535,10,-13,-5
-42.535,10,-13,-5
-42.535,10,-13,-5
-37.105,9,-19,-3
-30.77,7,-26,-4
-30.77,6,-26,-3
-32.58,7,-24,-5
-32.58,7,-24,-5
-32.58,7,-24,-5
-30.77,7,-26,-4
-35.295,8,-21,-4
-32.58,7,-24,-5
-35.295,7,-21,-4
-34.39,8,-22,-5
-37.105,8,-19,-5
-37.105,8,-19,-5
-37.105,8,-19,-5
-36.2,8,-20,-5
-37.105,8,-19,-5
-37.105,8,-19,-5
-37.105,8,-19,-5
-37.105,8,-19,-5
-36.2,8,-20,-5
-37.105,8,-19,-5
-31.675,7,-25,-2
-31.675,7,-25,-2
-31.675,7,-25,-2
-31.675,7,-25,-2
-31.675,7,-25,-2
-29.865,7,-27,-3
-29.865,7,-27,-3
-30.77,6,-26,-2
-28.055,6,-29,-2
-31.675,7,-25,-2
-38.01,8,-18,-3
-38.01,8,-18,-3
-38.01,8,-18,-3
-38.01,8,-18,-3
-38.01,8,-18,-3
-37.105,9,-19,-4
-38.01,8,-18,-3
-38.01,8,-18,-3
-38.01,8,-18,-3
-38.01,8,-18,-3
-39.82,9,-16,-5
-39.82,9,-16,-5
-39.82,9,-16,-5
-39.82,9,-16,-5
-39.82,9,-16,-5
-36.2,9,-20,-5
-39.82,9,-16,-5
-39.82,9,-16,-5
-39.82,9,-16,-5
-39.82,9,-16,-5
-36.2,8,-20,-4
-36.2,8,-20,-4
-36.2,8,-20,-4
-36.2,8,-20,-3
-36.2,8,-20,-4
-36.2,8,-20,-4
-36.2,8,-20,-4
-36.2,8,-20,-3
-36.2,8,-20,-3
-36.2,8,-20,-4
-36.2,8,-20,-3
-36.2,8,-20,-4
-36.2,8,-20,-3
-36.2,8,-20,-3
-36.2,9,-20,-5
-36.2,8,-20,-3
-36.2,9,-20,-5
-36.2,8,-20,-3
-36.2,9,-20,-5
-36.2,8,-20,-3
-38.915,9,-17,-4
-38.915,9,-17,-4
-38.915,9,-17,-4
-38.915,9,-17,-4
-38.915,9,-17,-4
-38.915,9,-17,-4
-38.915,9,-17,-4
-38.915,9,-17,-4
-38.915,9,-17,-4
-38.915,9,-17,-4
-41.63,10,-14,-6
-41.63,10,-14,-6
-41.63,10,-14,-6
-41.63,10,-14,-6
-41.63,10,-14,-6
-41.63,10,-14,-6
-41.63,10,-14,-6
-41.63,10,-14,-6
-41.63,10,-14,-6
-41.63,10,-14,-6
-32.58,7,-24,-3
-30.77,6,-26,-3
-30.77,6,-26,-3
-32.58,7,-24,-3
-28.96,6,-28,-4
-30.77,6,-26,-3
-30.77,6,-26,-3
-30.77,6,-26,-3
-30.77,6,-26,-3
-30.77,6,-26,-3
-32.58,7,-24,-4
-32.58,8,-24,-4
-34.39,8,-22,-3
-32.58,8,-24,-4
-32.58,8,-24,-4
-33.485,9,-23,-3
-33.485,8,-23,-4
-33.485,9,-23,-3
-32.58,8,-24,-4
-33.485,9,-23,-4
-28.96,7,-28,-3
-29.865,7,-27,-4
-29.865,6,-27,-3
-29.865,7,-27,-4
-29.865,7,-27,-4
-31.675,7,-25,-2
-28.055,7,-29,-4
-28.055,7,-29,-4
-28.055,7,-29,-4
-28.055,6,-29,-3
-44.345,10,-11,-5
-44.345,10,-11,-5
-44.345,10,-11,-5
-44.345,10,-11,-5
-44.345,10,-11,-5
-44.345,10,-11,-5
-44.345,10,-11,-5
-44.345,10,-11,-5
-44.345,10,-11,-5
-44.345,10,-11,-5
-42.535,9,-13,-6
-42.535,9,-13,-6
-45.25,10,-10,-5
-42.535,9,-13,-6
-45.25,10,-10,-5
-42.535,9,-13,-6
-42.535,9,-13,-6
-42.535,9,-13,-6
-42.535,9,-13,-6
-42.535,9,-13,-6
-42.535,11,-13,-6
-42.535,11,-13,-6
-38.915,10,-17,-5
-42.535,11,-13,-6
-42.535,11,-13,-6
-38.915,10,-17,-5
-42.535,11,-13,-6
-42.535,11,-13,-6
-38.915,10,-17,-5
-43.44,12,-12,-7
-36.2,10,-20,-6
-32.58,7,-24,-3
-32.58,7,-24,-3
-32.58,7,-24,-3
-32.58,7,-24,-3
-32.58,7,-24,-3
-32.58,7,-24,-3
-32.58,7,-24,-3
-32.58,7,-24,-3
-32.58,7,-24,-3
-39.82,10,-16,-6
-39.82,10,-16,-6
-36.2,9,-20,-5
-39.82,10,-16,-6
-39.82,10,-16,-6
-36.2,9,-20,-5
-36.2,9,-20,-5
-36.2,9,-20,-5
-36.2,9,-20,-5
-39.82,10,-16,-6
-35.295,7,-21,-3
-34.39,8,-22,-3
-34.39,8,-22,-3
-35.295,8,-21,-5
-34.39,8,-22,-4
-34.39,8,-22,-3
-38.01,8,-18,-4
-34.39,8,-22,-3
-34.39,8,-22,-3
-34.39,8,-22,-3
-26.245,6,-31,-1
-28.96,7,-28,-2
-28.96,7,-28,-2
-34.39,7,-22,-3
-33.485,7,-23,-3
-28.055,6,-29,-2
-30.77,6,-26,-3
-28.96,7,-28,-2
-28.96,7,-28,-2
-28.055,6,-29,-2
-28.055,7,-29,-3
-27.15,7,-30,-4
-28.055,7,-29,-3
-28.055,7,-29,-3
-28.055,7,-29,-3
-28.055,7,-29,-3
-28.055,7,-29,-3
-28.055,7,-29,-3
-28.055,7,-29,-3
-28.055,7,-29,-3
-35.295,8,-21,-4
-33.485,8,-23,-5
-33.485,8,-23,-5
-34.39,7,-22,-2
-32.58,7,-24,-3
-34.39,7,-22,-2
-35.295,8,-21,-4
-35.295,8,-21,-4
-35.295,8,-21,-4
-34.39,7,-22,-2
-44.345,12,-11,-8
-44.345,11,-11,-6
-44.345,11,-11,-6
-44.345,11,-11,-6
-44.345,11,-11,-6
-44.345,11,-11,-6
-44.345,11,-11,-6
-44.345,11,-11,-6
-44.345,11,-11,-6
-44.345,11,-11,-6
-48.87,12,-6,-7
-48.87,12,-6,-7
-48.87,12,-6,-7
-40.725,10,-15,-5
-48.87,12,-6,-7
-48.87,12,-6,-7
-48.87,12,-6,-7
-48.87,12,-6,-7
-48.87,12,-6,-7
-48.87,12,-6,-7
-47.965,13,-7,-8
-44.345,11,-11,-6
-47.965,13,-7,-8
-47.965,13,-7,-8
-44.345,11,-11,-6
-47.965,13,-7,-8
-47.965,13,-7,-8
-47.965,13,-7,-8
-47.965,13,-7,-8
-44.345,11,-11,-6
-34.39,8,-22,-3
-34.39,8,-22,-3
-34.39,8,-22,-3
-34.39,8,-22,-3
-34.39,8,-22,-3
-34.39,8,-22,-3
-34.39,8,-22,-3
-34.39,8,-22,-3
-33.485,8,-23,-4
-34.39,8,-22,-3
-32.58,6,-24,-2
-32.58,6,-24,-2
-32.58,6,-24,-2
-32.58,6,-24,-2
-32.58,6,-24,-2
-32.58,6,-24,-2
-32.58,6,-24,-2
-32.58,6,-24,-2
-32.58,6,-24,-2
-32.58,6,-24,-2
-47.965,11,-7,-5
-46.155,11,-9,-6
-47.965,11,-7,-5
-46.155,11,-9,-6
-46.155,11,-9,-6
-47.965,11,-7,-5
-45.25,10,-10,-5
-46.155,11,-9,-6
-47.965,11,-7,-5
-46.155,11,-9,-6
-37.105,9,-19,-4
-35.295,8,-21,-3
-35.295,9,-21,-3
-32.58,8,-24,-2
-35.295,8,-21,-3
-32.58,8,-24,-2
-35.295,8,-21,-3
-32.58,8,-24,-2
-35.295,8,-21,-3
-34.39,8,-22,-2
-36.2,9,-20,-4
-36.2,9,-20,-4
-35.295,8,-21,-3
-36.2,9,-20,-4
-36.2,9,-20,-4
-36.2,9,-20,-4
-35.295,8,-21,-3
-35.295,8,-21,-3
-36.2,9,-20,-4
-36.2,9,-20,-4
-33.485,7,-23,-3
-33.485,7,-23,-3
-33.485,7,-23,-3
-33.485,7,-23,-3
-33.485,7,-23,-3
-33.485,7,-23,-3
-33.485,7,-23,-3
-33.485,7,-23,-3
-33.485,7,-23,-3
-33.485,7,-23,-3
-38.915,11,-17,-7
-38.915,11,-17,-6
-38.915,11,-17,-7
-46.155,13,-9,-7
-38.915,11,-17,-6
-44.345,13,-11,-8
-47.06,14,-8,-8
-36.2,10,-20,-6
-44.345,13,-11,-7
-47.06,15,-8,-9
-39.82,10,-16,-7
-39.82,10,-16,-7
-39.82,10,-16,-7
-39.82,10,-16,-7
-39.82,10,-16,-7
-39.82,10,-16,-7
-39.82,10,-16,-7
-39.82,10,-16,-7
-39.82,10,-16,-7
-39.82,10,-16,-7
-33.485,11,-23,-8
-33.485,10,-23,-7
-45.25,13,-10,-9
-34.39,9,-22,-5
-45.25,13,-10,-9
-34.39,9,-22,-5
-45.25,13,-10,-9
-45.25,13,-10,-9
-45.25,13,-10,-9
-34.39,9,-22,-5
-40.725,12,-15,-7
-38.01,10,-18,-6
-38.01,10,-18,-6
-38.01,10,-18,-6
-40.725,12,-15,-7
-37.105,10,-19,-6
-40.725,12,-15,-7
-38.01,11,-18,-6
-40.725,12,-15,-7
-39.82,11,-16,-7
-39.82,9,-16,-5
-39.82,9,-16,-5
-39.82,9,-16,-5
-39.82,9,-16,-5
-39.82,9,-16,-5
-39.82,9,-16,-5
-39.82,9,-16,-5
-39.82,9,-16,-5
-36.2,8,-20,-3
-39.82,9,-16,-5
-38.915,9,-17,-5
-41.63,11,-14,-7
-39.82,10,-16,-6
-38.915,9,-17,-5
-38.915,9,-17,-5
-39.82,10,-16,-6
-38.915,9,-17,-5
-39.82,10,-16,-6
-38.915,9,-17,-5
-38.915,9,-17,-5
-41.63,9,-14,-4
-41.63,9,-14,-4
-41.63,9,-14,-4
-41.63,9,-14,-4
-41.63,9,-14,-4
-41.63,9,-14,-4
-41.63,9,-14,-4
-41.63,9,-14,-4
-41.63,9,-14,-4
-43.44,10,-12,-4
-47.965,11,-7,-6
-47.965,11,-7,-6
-47.965,11,-7,-6
-47.965,11,-7,-6
-47.965,11,-7,-6
-47.965,11,-7,-6
-47.965,11,-7,-6
-47.965,11,-7,-6
-47.965,11,-7,-6
-47.965,11,-7,-6
