-28.055,6,-29,-3
-33.485,8,-23,-4
-30.77,8,-26,-4
-35.295,9,-21,-5
-32.58,8,-24,-5
-31.675,8,-25,-5
-33.485,8,-23,-4
-31.675,7,-25,-4
-31.675,8,-25,-4
-31.675,8,-25,-4
-39.82,9,-16,-4
-39.82,9,-16,-4
-39.82,9,-16,-4
-39.82,9,-16,-4
-40.725,10,-15,-6
-39.82,9,-16,-4
-38.915,8,-17,-3
-39.82,9,-16,-4
-38.915,8,-17,-3
-39.82,9,-16,-4
-43.44,10,-12,-4
-47.06,11,-8,-5
-47.06,11,-8,-6
-47.06,11,-8,-6
-47.06,11,-8,-6
-43.44,10,-12,-4
-43.44,10,-12,-4
-43.44,10,-12,-4
-47.06,11,-8,-5
-43.44,10,-12,-4
-44.345,11,-11,-7
-43.44,11,-12,-6
-43.44,11,-12,-6
-43.44,11,-12,-6
-43.44,11,-12,-6
-43.44,11,-12,-7
-42.535,10,-13,-6
-43.44,11,-12,-6
-43.44,11,-12,-6
-43.44,11,-12,-6
-36.2,8,-20,-5
-41.63,10,-14,-7
-39.82,9,-16,-5
-39.82,9,-16,-5
-38.01,8,-18,-3
-36.2,8,-20,-5
-38.01,9,-18,-4
-38.01,9,-18,-6
-36.2,8,-20,-5
-41.63,10,-14,-6
-36.2,9,-20,-5
-36.2,9,-20,-5
-36.2,9,-20,-5
-37.105,9,-19,-4
-34.39,8,-22,-4
-35.295,8,-21,-2
-34.39,8,-22,-4
-36.2,9,-20,-5
-34.39,8,-22,-4
-34.39,8,-22,-5
-34.39,8,-22,-3
-32.58,7,-24,-2
-33.485,7,-23,-2
-32.58,8,-24,-2
-35.295,8,-21,-2
-34.39,7,-22,-3
-32.58,7,-24,-2
-34.39,8,-22,-2
-34.39,8,-22,-2
-33.485,8,-23,-4
-42.535,10,-13,-5
-38.915,10,-17,-5
-38.915,10,-17,-5
-42.535,10,-13,-5
-38.915,10,-17,-5
-38.915,10,-17,-5
-38.915,10,-17,-5
-38.915,10,-17,-5
-42.535,10,-13,-5
-38.915,10,-17,-6
-48.87,13,-6,-9
-44.345,11,-11,-6
-48.87,13,-6,-9
-49.775,13,-5,-9
-42.535,10,-13,-6
-49.775,13,-5,-9
-49.775,13,-5,-9
-49.775,13,-5,-9
-53.395,14,-1,-9
-42.535,10,-13,-6
-37.105,8,-19,-4
-38.01,9,-18,-5
-37.105,8,-19,-4
-38.01,9,-18,-5
-37.105,8,-19,-4
-38.01,9,-18,-5
-37.105,8,-19,-4
-37.105,8,-19,-4
-35.295,8,-21,-4
-37.105,8,-19,-4
-41.63,11,-14,-8
-41.63,11,-14,-8
-41.63,11,-14,-8
-39.82,10,-16,-7
-41.63,11,-14,-8
-39.82,11,-16,-7
-41.63,11,-14,-8
-39.82,10,-16,-5
-41.63,11,-14,-8
-39.82,10,-16,-5
-32.58,7,-24,-2
-25.34,5,-32,-2
-32.58,7,-24,-2
-28.96,6,-28,-2
-28.96,6,-28,-2
-23.53,5,-34,-2
-28.96,6,-28,-2
-30.77,7,-26,-2
-25.34,5,-32,-2
-27.15,7,-30,-1
-30.77,7,-26,-4
-28.96,6,-28,-2
-30.77,7,-26,-4
-30.77,7,-26,-4
-30.77,7,-26,-4
-30.77,7,-26,-4
-28.96,6,-28,-3
-25.34,6,-32,-1
-27.15,6,-30,-3
-30.77,7,-26,-4
-42.535,10,-13,-6
-44.345,10,-11,-5
-38.915,9,-17,-4
-40.725,9,-15,-4
-38.01,9,-18,-5
-42.535,10,-13,-6
-41.63,9,-14,-4
-38.915,9,-17,-4
-43.44,10,-12,-5
-42.535,10,-13,-6
-47.06,12,-8,-6
-46.155,12,-9,-6
-46.155,12,-9,-6
-47.06,12,-8,-6
-47.06,12,-8,-6
-47.06,13,-8,-8
-47.965,12,-7,-7
-47.06,12,-8,-6
-47.06,12,-8,-6
-47.965,12,-7,-7
-35.295,9,-21,-4
-39.82,11,-16,-6
-34.39,8,-22,-3
-32.58,9,-24,-4
-33.485,10,-23,-5
-36.2,9,-20,-4
-43.44,12,-12,-7
-32.58,9,-24,-4
-36.2,9,-20,-4
-35.295,9,-21,-4
-40.725,9,-15,-4
-34.39,9,-22,-4
-37.105,8,-19,-4
-38.915,9,-17,-5
-38.915,9,-17,-5
-38.915,9,-17,-5
-38.915,9,-17,-5
-33.485,9,-23,-4
-36.2,9,-20,-4
-38.915,9,-17,-5
-30.77,6,-26,-3
-28.055,6,-29,-2
-30.77,6,-26,-3
-30.77,6,-26,-3
-30.77,8,-26,-4
-32.58,8,-24,-4
-32.58,8,-24,-4
-30.77,6,-26,-3
-30.77,7,-26,-3
-30.77,6,-26,-2
-39.82,10,-16,-5
-40.725,9,-15,-3
-39.82,10,-16,-5
-39.82,9,-16,-4
-39.82,10,-16,-5
-40.725,9,-15,-3
-39.82,9,-16,-4
-39.82,10,-16,-5
-39.82,10,-16,-5
-40.725,9,-15,-3
-34.39,7,-22,-3
-36.2,7,-20,-3
-36.2,7,-20,-3
-32.58,7,-24,-2
-34.39,7,-22,-3
-36.2,7,-20,-3
-32.58,7,-24,-2
-36.2,7,-20,-3
-36.2,7,-20,-3
-36.2,7,-20,-3
-38.915,10,-17,-5
-36.2,9,-20,-5
-36.2,9,-20,-4
-36.2,9,-20,-5
-42.535,12,-13,-8
-36.2,9,-20,-5
-36.2,10,-20,-5
-42.535,12,-13,-8
-36.2,9,-20,-4
-40.725,12,-15,-8
-31.675,7,-25,-2
-31.675,8,-25,-2
-30.77,7,-26,-2
-30.77,7,-26,-2
-31.675,7,-25,-2
-30.77,7,-26,-2
-31.675,7,-25,-2
-31.675,8,-25,-2
-28.96,7,-28,-2
-31.675,8,-25,-2
-42.535,11,-13,-6
-39.82,10,-16,-5
-41.63,11,-14,-6
-40.725,10,-15,-5
-41.63,11,-14,-7
-44.345,11,-11,-6
-40.725,10,-15,-6
-40.725,10,-15,-5
-41.63,11,-14,-7
-40.725,10,-15,-5
-33.485,8,-23,-4
-32.58,9,-24,-4
-34.39,8,-22,-4
-34.39,8,-22,-4
-33.485,8,-23,-4
-31.675,8,-25,-4
-31.675,9,-25,-4
-33.485,8,-23,-4
-31.675,9,-25,-4
-34.39,10,-22,-6
-44.345,10,-11,-5
-43.44,10,-12,-5
-45.25,10,-10,-5
-45.25,10,-10,-5
-42.535,10,-13,-5
-43.44,11,-12,-6
-45.25,10,-10,-5
-45.25,10,-10,-5
-45.25,10,-10,-5
-45.25,10,-10,-5
-39.82,8,-16,-4
-39.82,8,-16,-4
-39.82,8,-16,-4
-39.82,8,-16,-4
-37.105,8,-19,-3
-36.2,7,-20,-3
-35.295,8,-21,-4
-35.295,8,-21,-4
-30.77,7,-26,-3
-35.295,8,-21,-4
-36.2,9,-20,-5
-38.915,10,-17,-6
-41.63,11,-14,-7
-41.63,11,-14,-7
-41.63,11,-14,-7
-37.105,10,-19,-5
-37.105,10,-19,-5
-41.63,11,-14,-7
-41.63,12,-14,-8
-41.63,11,-14,-7
-32.58,8,-24,-4
-37.105,9,-19,-4
-37.105,8,-19,-3
-37.105,8,-19,-3
-36.2,8,-20,-3
-30.77,6,-26,-3
-36.2,8,-20,-4
-37.105,8,-19,-3
-37.105,8,-19,-3
-36.2,8,-20,-3
-33.485,7,-23,-3
-34.39,7,-22,-3
-34.39,7,-22,-3
-33.485,7,-23,-3
-34.39,7,-22,-3
-34.39,7,-22,-3
-34.39,7,-22,-3
-33.485,7,-23,-3
-34.39,7,-22,-3
-34.39,7,-22,-3
-41.63,9,-14,-4
-41.63,9,-14,-4
-41.63,9,-14,-4
-41.63,9,-14,-4
-41.63,9,-14,-4
-41.63,9,-14,-4
-39.82,8,-16,-5
-41.63,9,-14,-5
-41.63,9,-14,-4
-41.63,9,-14,-3
-28.96,6,-28,-2
-32.58,7,-24,-3
-28.96,6,-28,-2
-28.96,6,-28,-2
-32.58,7,-24,-3
-32.58,7,-24,-3
-28.96,6,-28,-2
-28.96,6,-28,-2
-28.96,6,-28,-2
-32.58,7,-24,-3
-40.725,10,-15,-5
-40.725,10,-15,-5
-40.725,10,-15,-5
-40.725,10,-15,-5
-40.725,10,-15,-5
-40.725,10,-15,-5
-40.725,10,-15,-5
-39.82,9,-16,-4
-40.725,10,-15,-5
-40.725,10,-15,-5
-43.44,10,-12,-4
-42.535,10,-13,-4
-42.535,9,-13,-3
-43.44,11,-12,-5
-45.25,10,-10,-5
-44.345,9,-11,-4
-45.25,10,-10,-5
-45.25,10,-10,-5
-43.44,10,-12,-4
-45.25,10,-10,-5
-39.82,9,-16,-5
-35.295,8,-21,-3
-35.295,8,-21,-3
-39.82,9,-16,-5
-32.58,9,-24,-6
-39.82,9,-16,-5
-36.2,9,-20,-4
-36.2,9,-20,-3
-39.82,9,-16,-4
-39.82,9,-16,-4
-41.63,9,-14,-5
-46.155,10,-9,-6
-39.82,9,-16,-4
-46.155,10,-9,-6
-45.25,10,-10,-5
-38.915,8,-17,-4
-46.155,10,-9,-6
-41.63,9,-14,-5
-41.63,9,-14,-5
-47.06,10,-8,-6
-19.91,4,-38,-1
-23.53,5,-34,-1
-23.53,6,-34,-2
-25.34,5,-32,0
-23.53,6,-34,-2
-21.72,6,-36,-1
-25.34,5,-32,-1
-23.53,6,-34,-2
-21.72,5,-36,-3
-19.91,4,-38,-1
-35.295,8,-21,-4
-36.2,8,-20,-3
-36.2,8,-20,-3
-36.2,9,-20,-4
-36.2,8,-20,-3
-36.2,9,-20,-4
-36.2,8,-20,-3
-36.2,8,-20,-3
-30.77,8,-26,-3
-36.2,8,-20,-2
-38.01,8,-18,-4
-38.915,10,-17,-4
-38.01,8,-18,-4
-38.01,8,-18,-4
-37.105,9,-19,-4
-38.915,10,-17,-4
-38.01,9,-18,-3
-38.01,8,-18,-4
-40.725,10,-15,-4
-38.01,8,-18,-4
-39.82,10,-16,-5
-37.105,9,-19,-4
-37.105,10,-19,-5
-38.915,10,-17,-6
-36.2,9,-20,-4
-39.82,10,-16,-5
-37.105,10,-19,-5
-38.915,10,-17,-6
-37.105,9,-19,-4
-33.485,7,-23,-2
-33.485,8,-23,-4
-38.01,8,-18,-2
-38.01,8,-18,-2
-38.01,8,-18,-2
-37.105,8,-19,-3
-38.01,8,-18,-2
-38.01,8,-18,-2
-39.82,9,-16,-4
-38.01,8,-18,-2
-38.01,8,-18,-2
-45.25,12,-10,-6
-40.725,10,-15,-5
-44.345,11,-11,-6
-45.25,12,-10,-7
-44.345,12,-11,-8
-45.25,12,-10,-7
-44.345,12,-11,-7
-45.25,12,-10,-7
-44.345,12,-11,-6
-44.345,12,-11,-6
-38.915,9,-17,-4
-38.915,9,-17,-3
-39.82,9,-16,-4
-37.105,9,-19,-5
-39.82,9,-16,-4
-39.82,9,-16,-4
-36.2,9,-20,-4
-40.725,10,-15,-5
-38.915,10,-17,-5
-40.725,10,-15,-5
-46.155,13,-9,-8
-46.155,13,-9,-8
-49.775,13,-5,-8
-45.25,12,-10,-6
-47.06,14,-8,-9
-47.965,14,-7,-8
-46.155,13,-9,-7
-46.155,13,-9,-8
-50.68,14,-4,-9
-44.345,13,-11,-8
-30.77,6,-26,-1
-34.39,8,-22,-3
-34.39,7,-22,-2
-23.53,5,-34,-2
-34.39,7,-22,-2
-32.58,8,-24,-3
-32.58,8,-24,-3
-34.39,7,-22,-2
-32.58,6,-24,-2
-34.39,7,-22,-2
-38.915,9,-17,-5
-37.105,10,-19,-5
-38.915,10,-17,-6
-36.2,9,-20,-4
-36.2,9,-20,-5
-36.2,9,-20,-4
-36.2,8,-20,-5
-36.2,8,-20,-5
-36.2,9,-20,-4
-36.2,9,-20,-5
-38.915,12,-17,-9
-35.295,10,-21,-7
-39.82,11,-16,-8
-38.01,11,-18,-8
-38.01,11,-18,-8
-38.01,11,-18,-8
-38.915,12,-17,-9
-38.01,11,-18,-8
-39.82,11,-16,-8
-38.915,12,-17,-9
-25.34,6,-32,-1
-28.96,6,-28,-2
-28.96,6,-28,-1
-32.58,7,-24,-3
-28.96,6,-28,-1
-28.96,6,-28,-2
-21.72,4,-36,-1
-28.96,6,-28,-1
-25.34,6,-32,-1
-32.58,7,-24,-3
-33.485,8,-23,-5
-37.105,8,-19,-2
-36.2,9,-20,-4
-36.2,9,-20,-3
-38.01,9,-18,-5
-35.295,8,-21,-3
-38.01,9,-18,-4
-39.82,9,-16,-3
-38.01,9,-18,-3
-33.485,8,-23,-4
-47.965,13,-7,-8
-47.06,13,-8,-8
-47.965,12,-7,-6
-47.06,13,-8,-8
-46.155,12,-9,-7
-47.965,13,-7,-8
-48.87,13,-6,-7
-47.965,12,-7,-6
-47.965,13,-7,-8
-48.87,13,-6,-8
-40.725,11,-15,-6
-38.915,11,-17,-6
-38.01,10,-18,-5
-40.725,11,-15,-6
-38.01,10,-18,-5
-38.915,11,-17,-6
-38.915,11,-17,-6
-38.01,10,-18,-5
-38.915,11,-17,-6
-38.915,11,-17,-6
-33.485,8,-23,-4
-33.485,8,-23,-4
-30.77,7,-26,-3
-33.485,8,-23,-4
-33.485,8,-23,-4
-33.485,8,-23,-4
-31.675,8,-25,-3
-32.58,8,-24,-4
-32.58,7,-24,-4
-30.77,9,-26,-4
-34.39,7,-22,-3
-38.01,8,-18,-4
-36.2,8,-20,-4
-34.39,7,-22,-3
-38.01,8,-18,-4
-38.01,8,-18,-4
-38.01,8,-18,-4
-38.01,8,-18,-4
-38.01,8,-18,-4
-38.01,8,-18,-4
-43.44,12,-12,-6
-41.63,12,-14,-7
-42.535,13,-13,-8
-39.82,11,-16,-6
-42.535,13,-13,-8
-42.535,13,-13,-8
-41.63,12,-14,-7
-42.535,13,-13,-8
-41.63,11,-14,-7
-42.535,13,-13,-8
-31.675,7,-25,-4
-32.58,8,-24,-4
-32.58,8,-24,-4
-29.865,7,-27,-2
-29.865,7,-27,-2
-29.865,7,-27,-2
-32.58,8,-24,-4
-29.865,7,-27,-3
-31.675,7,-25,-3
-30.77,6,-26,-3
-35.295,8,-21,-3
-34.39,8,-22,-3
-38.01,9,-18,-4
-33.485,8,-23,-5
-36.2,9,-20,-4
-38.01,9,-18,-5
-35.295,9,-21,-4
-35.295,8,-21,-3
-33.485,8,-23,-5
-35.295,9,-21,-4
-39.82,10,-16,-5
-38.01,10,-18,-6
-39.82,11,-16,-6
-36.2,9,-20,-3
-39.82,10,-16,-6
-36.2,10,-20,-4
-41.63,11,-14,-6
-36.2,9,-20,-3
-36.2,10,-20,-5
-36.2,9,-20,-5
-44.345,10,-11,-5
-44.345,10,-11,-5
-46.155,11,-9,-5
-44.345,10,-11,-5
-44.345,10,-11,-5
-44.345,10,-11,-5
-44.345,10,-11,-5
-44.345,10,-11,-5
-44.345,10,-11,-5
-47.965,12,-7,-6
-29.865,7,-27,-3
-29.865,7,-27,-3
-30.77,7,-26,-3
-29.865,7,-27,-3
-31.675,7,-25,-3
-29.865,7,-27,-3
-31.675,8,-25,-3
-29.865,7,-27,-3
-30.77,7,-26,-2
-30.77,7,-26,-3
-32.58,6,-24,-2
-32.58,7,-24,-3
-27.15,6,-30,-2
-32.58,6,-24,-2
-32.58,6,-24,-2
-32.58,6,-24,-2
-30.77,6,-26,-3
-30.77,6,-26,-2
-32.58,6,-24,-2
-32.58,6,-24,-2
-36.2,7,-20,-2
-36.2,7,-20,-3
-36.2,7,-20,-3
-38.01,8,-18,-3
-36.2,7,-20,-3
-36.2,8,-20,-3
-38.01,8,-18,-4
-39.82,8,-16,-3
-38.01,8,-18,-3
-38.01,8,-18,-3
-40.725,9,-15,-3
-40.725,9,-15,-5
-40.725,9,-15,-3
-40.725,9,-15,-5
-38.915,8,-17,-4
-40.725,9,-15,-5
-38.915,8,-17,-3
-36.2,8,-20,-4
-40.725,9,-15,-5
-40.725,9,-15,-5
-42.535,10,-13,-5
-32.58,9,-24,-4
-38.915,9,-17,-3
-33.485,8,-23,-2
-36.2,10,-20,-6
-42.535,10,-13,-5
-42.535,10,-13,-5
-39.82,9,-16,-4
-42.535,10,-13,-5
-40.725,9,-15,-4
-34.39,7,-22,-5
-30.77,7,-26,-4
-30.77,6,-26,-3
-35.295,7,-21,-4
-32.58,8,-24,-3
-33.485,7,-23,-4
-30.77,6,-26,-3
-34.39,7,-22,-5
-35.295,7,-21,-4
-32.58,7,-24,-5
-33.485,8,-23,-4
-34.39,8,-22,-4
-36.2,9,-20,-5
-34.39,9,-22,-6
-36.2,8,-20,-4
-37.105,8,-19,-5
-34.39,9,-22,-6
-35.295,9,-21,-5
-35.295,9,-21,-6
-33.485,8,-23,-4
-31.675,7,-25,-2
-31.675,7,-25,-2
-30.77,6,-26,-2
-31.675,7,-25,-2
-30.77,6,-26,-2
-28.055,6,-29,-2
-31.675,7,-25,-2
-29.865,7,-27,-1
-28.96,6,-28,-2
-31.675,7,-25,-2
-38.01,8,-18,-3
-38.01,8,-18,-3
-36.2,7,-20,-2
-37.105,7,-19,-3
-35.295,8,-21,-3
-38.01,8,-18,-3
-37.105,8,-19,-3
-38.01,8,-18,-3
-36.2,8,-20,-4
-36.2,7,-20,-2
-38.01,8,-18,-4
-39.82,9,-16,-5
-38.01,8,-18,-4
-38.01,9,-18,-5
-38.915,9,-17,-5
-38.01,8,-18,-4
-39.82,9,-16,-5
-34.39,7,-22,-3
-39.82,9,-16,-5
-38.915,9,-17,-5
-35.295,7,-21,-2
-35.295,7,-21,-3
-35.295,7,-21,-2
-36.2,8,-20,-3
-35.295,7,-21,-3
-36.2,8,-20,-4
-36.2,8,-20,-3
-32.58,7,-24,-3
-32.58,7,-24,-3
-36.2,8,-20,-3
-36.2,8,-20,-3
-36.2,9,-20,-5
-34.39,8,-22,-3
-36.2,9,-20,-5
-36.2,8,-20,-3
-36.2,8,-20,-3
-36.2,8,-20,-3
-36.2,8,-20,-3
-36.2,8,-20,-3
-36.2,8,-20,-3
-38.915,9,-17,-4
-38.915,9,-17,-4
-38.915,9,-17,-4
-38.915,9,-17,-4
-37.105,8,-19,-4
-38.915,9,-17,-4
-38.915,9,-17,-4
-38.915,9,-17,-4
-38.915,9,-17,-4
-38.915,9,-17,-4
-41.63,10,-14,-5
-40.725,9,-15,-5
-37.105,9,-19,-4
-41.63,10,-14,-6
-41.63,10,-14,-6
-37.105,9,-19,-3
-40.725,9,-15,-5
-41.63,10,-14,-6
-40.725,11,-15,-6
-41.63,10,-14,-6
-28.96,7,-28,-4
-30.77,6,-26,-3
-30.77,6,-26,-3
-32.58,7,-24,-2
-27.15,6,-30,-3
-27.15,6,-30,-3
-25.34,5,-32,-3
-30.77,6,-26,-3
-30.77,6,-26,-3
-27.15,6,-30,-4
-32.58,7,-24,-4
-33.485,8,-23,-4
-32.58,7,-24,-4
-31.675,7,-25,-3
-33.485,9,-23,-3
-34.39,8,-22,-3
-32.58,8,-24,-4
-37.105,9,-19,-4
-37.105,9,-19,-4
-32.58,8,-24,-4
-28.96,6,-28,-2
-29.865,6,-27,-3
-29.865,7,-27,-4
-28.055,7,-29,-4
-29.865,7,-27,-4
-30.77,7,-26,-2
-28.96,7,-28,-3
-24.435,5,-33,-1
-29.865,7,-27,-4
-29.865,7,-27,-4
-44.345,10,-11,-5
-42.535,10,-13,-5
-43.44,9,-12,-4
-44.345,10,-11,-5
-43.44,9,-12,-4
-43.44,9,-12,-4
-43.44,9,-12,-4
-43.44,9,-12,-4
-44.345,10,-11,-5
-44.345,10,-11,-5
-37.105,9,-19,-5
-37.105,9,-19,-5
-45.25,10,-10,-5
-42.535,9,-13,-6
-42.535,9,-13,-6
-40.725,9,-15,-6
-42.535,9,-13,-6
-45.25,10,-10,-5
-38.915,9,-17,-4
-42.535,9,-13,-6
-37.105,9,-19,-4
-38.915,10,-17,-5
-42.535,11,-13,-6
-42.535,11,-13,-6
-42.535,11,-13,-6
-42.535,11,-13,-6
-43.44,12,-12,-7
-42.535,11,-13,-6
-42.535,11,-13,-6
-42.535,11,-13,-6
-32.58,7,-24,-3
-32.58,7,-24,-3
-32.58,7,-24,-3
-32.58,7,-24,-3
-32.58,7,-24,-3
-33.485,9,-23,-5
-32.58,7,-24,-3
-34.39,8,-22,-4
-35.295,9,-21,-4
-32.58,7,-24,-3
-39.82,10,-16,-7
-38.01,9,-18,-5
-39.82,10,-16,-6
-38.01,10,-18,-6
-38.01,9,-18,-5
-34.39,9,-22,-5
-32.58,7,-24,-2
-41.63,10,-14,-7
-41.63,10,-14,-7
-32.58,8,-24,-4
-38.01,8,-18,-4
-34.39,8,-22,-3
-34.39,8,-22,-3
-38.01,8,-18,-3
-34.39,8,-22,-3
-38.01,8,-18,-4
-38.01,8,-18,-4
-32.58,7,-24,-2
-34.39,8,-22,-3
-38.01,8,-18,-4
-29.865,6,-27,-2
-26.245,6,-31,-1
-34.39,7,-22,-3
-28.96,7,-28,-2
-30.77,7,-26,-2
-28.055,6,-29,0
-34.39,7,-22,-3
-30.77,6,-26,-3
-29.865,7,-27,-3
-32.58,8,-24,-3
-28.96,7,-28,-3
-28.96,7,-28,-3
-27.15,7,-30,-4
-28.055,7,-29,-3
-26.245,7,-31,-3
-28.055,7,-29,-3
-28.96,7,-28,-3
-28.96,7,-28,-3
-28.055,6,-29,-2
-28.96,7,-28,-3
-32.58,7,-24,-4
-34.39,7,-22,-2
-33.485,8,-23,-5
-33.485,8,-23,-5
-32.58,7,-24,-3
-35.295,8,-21,-4
-34.39,7,-22,-2
-34.39,7,-22,-2
-35.295,8,-21,-4
-32.58,7,-24,-4
-44.345,11,-11,-6
-44.345,11,-11,-6
-44.345,11,-11,-6
-44.345,12,-11,-8
-44.345,11,-11,-6
-44.345,11,-11,-6
-44.345,11,-11,-6
-44.345,11,-11,-6
-44.345,11,-11,-6
-44.345,11,-11,-6
-48.87,12,-6,-7
-45.25,11,-10,-7
-48.87,12,-6,-7
-39.82,9,-16,-4
-48.87,12,-6,-7
-48.87,12,-6,-7
-43.44,10,-12,-5
-39.82,9,-16,-4
-48.87,12,-6,-7
-47.965,12,-7,-7
-45.25,12,-10,-8
-47.965,12,-7,-7
-42.535,11,-13,-7
-40.725,10,-15,-5
-43.44,11,-12,-7
-47.965,13,-7,-8
-39.82,9,-16,-4
-47.965,13,-7,-8
-47.965,13,-7,-8
-37.105,9,-19,-5
-33.485,8,-23,-4
-33.485,8,-23,-4
-33.485,7,-23,-3
-33.485,7,-23,-3
-34.39,8,-22,-3
-33.485,7,-23,-3
-34.39,8,-22,-3
-34.39,8,-22,-3
-33.485,7,-23,-3
-34.39,8,-22,-3
-32.58,6,-24,-2
-30.77,6,-26,-2
-34.39,7,-22,-2
-32.58,6,-24,-2
-27.15,6,-30,-3
-34.39,7,-22,-2
-30.77,6,-26,-2
-34.39,7,-22,-2
-30.77,6,-26,-3
-32.58,6,-24,-2
-46.155,11,-9,-6
-47.06,11,-8,-5
-47.965,11,-7,-5
-45.25,10,-10,-5
-45.25,10,-10,-5
-47.965,11,-7,-5
-47.06,11,-8,-5
-47.965,11,-7,-5
-47.06,11,-8,-6
-45.25,11,-10,-6
-35.295,8,-21,-2
-35.295,9,-21,-3
-34.39,7,-22,-3
-35.295,8,-21,-3
-35.295,8,-21,-3
-36.2,9,-20,-4
-35.295,8,-21,-3
-32.58,8,-24,-2
-35.295,8,-21,-3
-34.39,8,-22,-2
-32.58,7,-24,-3
-36.2,9,-20,-4
-35.295,8,-21,-3
-35.295,8,-21,-3
-35.295,8,-21,-3
-35.295,8,-21,-3
-35.295,8,-21,-3
-35.295,8,-21,-3
-35.295,8,-21,-3
-35.295,8,-21,-3
-32.58,7,-24,-3
-33.485,7,-23,-3
-33.485,7,-23,-3
-33.485,7,-23,-3
-33.485,7,-23,-3
-33.485,7,-23,-3
-32.58,6,-24,-3
-33.485,7,-23,-3
-33.485,7,-23,-3
-33.485,7,-23,-3
-45.25,13,-10,-7
-36.2,10,-20,-6
-39.82,12,-16,-8
-38.01,10,-18,-6
-39.82,12,-16,-7
-38.915,11,-17,-7
-38.01,12,-18,-8
-43.44,12,-12,-6
-38.915,11,-17,-7
-42.535,12,-13,-6
-39.82,10,-16,-7
-39.82,10,-16,-7
-39.82,10,-16,-7
-38.01,9,-18,-6
-39.82,10,-16,-7
-39.82,10,-16,-7
-39.82,10,-16,-7
-39.82,10,-16,-7
-34.39,8,-22,-5
-39.82,10,-16,-7
-32.58,9,-24,-6
-39.82,13,-16,-8
-42.535,12,-13,-8
-34.39,9,-22,-5
-32.58,9,-24,-6
-39.82,12,-16,-8
-39.82,11,-16,-7
-33.485,10,-23,-7
-42.535,12,-13,-8
-33.485,10,-23,-7
-38.01,10,-18,-6
-38.915,10,-17,-5
-38.915,11,-17,-6
-38.915,10,-17,-6
-38.915,11,-17,-7
-38.915,11,-17,-6
-39.82,12,-16,-7
-38.915,11,-17,-7
-38.01,10,-18,-6
-39.82,11,-16,-6
-39.82,9,-16,-5
-39.82,9,-16,-5
-34.39,7,-22,-3
-39.82,9,-16,-5
-39.82,9,-16,-5
-39.82,9,-16,-5
-39.82,9,-16,-5
-42.535,9,-13,-5
-36.2,8,-20,-3
-39.82,9,-16,-5
-38.915,10,-17,-6
-36.2,9,-20,-6
-34.39,9,-22,-6
-38.915,9,-17,-5
-38.915,9,-17,-5
-38.915,9,-17,-5
-38.915,9,-17,-5
-35.295,8,-21,-5
-40.725,12,-15,-7
-38.915,9,-17,-5
-43.44,10,-12,-4
-39.82,9,-16,-3
-43.44,10,-12,-5
-43.44,10,-12,-4
-45.25,11,-10,-5
-43.44,10,-12,-4
-43.44,10,-12,-4
-43.44,10,-12,-4
-41.63,9,-14,-3
-45.25,11,-10,-5
-47.965,11,-7,-6
-47.965,11,-7,-6
-47.06,11,-8,-6
-47.965,11,-7,-6
-47.965,11,-7,-6
-47.965,11,-7,-6
-47.06,12,-8,-7
-47.965,11,-7,-6
-44.345,10,-11,-5
-48.87,12,-6,-7
