-74.36,8,-16,-7
-77.74,9,-14,-8
-81.12,8,-12,-7
-77.74,9,-14,-8
-81.12,8,-12,-7
-81.12,8,-12,-7
-77.74,8,-14,-7
-74.36,8,-16,-7
-74.36,8,-16,-7
-74.36,8,-16,-7
-101.4,12,0,-11
-101.4,12,0,-11
-98.02,12,-2,-11
-94.64,12,-4,-11
-98.02,12,-2,-11
-101.4,12,0,-11
-98.02,12,-2,-11
-98.02,12,-2,-11
-101.4,12,0,-11
-101.4,12,0,-11
-65.91,9,-21,-8
-67.6,10,-20,-9
-64.22,8,-22,-7
-64.22,8,-22,-7
-62.53,9,-23,-8
-65.91,9,-21,-8
-67.6,8,-20,-7
-64.22,8,-22,-7
-59.15,9,-25,-8
-64.22,10,-22,-9
-70.98,7,-18,-6
-81.12,8,-12,-7
-74.36,8,-16,-7
-74.36,9,-16,-8
-74.36,8,-16,-7
-81.12,8,-12,-7
-77.74,8,-14,-7
-77.74,8,-14,-7
-70.98,8,-18,-7
-81.12,8,-12,-7
-101.4,15,0,-14
-101.4,15,0,-14
-101.4,15,0,-14
-101.4,15,0,-14
-101.4,15,0,-14
-101.4,15,0,-14
-101.4,15,0,-14
-101.4,15,0,-14
-101.4,15,0,-14
-101.4,15,0,-14
-67.6,8,-20,-7
-70.98,7,-18,-6
-70.98,7,-18,-6
-70.98,7,-18,-6
-70.98,7,-18,-6
-64.22,7,-22,-6
-67.6,7,-20,-6
-70.98,7,-18,-6
-70.98,7,-18,-6
-60.84,6,-24,-5
-89.57,11,-7,-10
-84.5,10,-10,-9
-86.19,11,-9,-10
-86.19,11,-9,-10
-89.57,11,-7,-10
-77.74,10,-14,-9
-81.12,10,-12,-9
-91.26,12,-6,-11
-87.88,12,-8,-11
-86.19,11,-9,-10
-72.67,9,-17,-8
-70.98,10,-18,-9
-72.67,9,-17,-8
-72.67,9,-17,-8
-72.67,9,-17,-8
-76.05,11,-15,-10
-72.67,9,-17,-8
-72.67,9,-17,-8
-72.67,9,-17,-8
-72.67,9,-17,-8
-74.36,8,-16,-7
-70.98,7,-18,-6
-74.36,8,-16,-7
-70.98,7,-18,-6
-67.6,7,-20,-6
-74.36,8,-16,-7
-67.6,8,-20,-7
-70.98,7,-18,-6
-74.36,8,-16,-7
-70.98,7,-18,-6
-70.98,10,-18,-9
-70.98,10,-18,-9
-77.74,10,-14,-9
-72.67,11,-17,-10
-69.29,11,-19,-10
-70.98,10,-18,-9
-74.36,10,-16,-9
-70.98,10,-18,-9
-70.98,10,-18,-9
-67.6,10,-20,-9
-87.88,10,-8,-9
-91.26,9,-6,-8
-84.5,9,-10,-8
-84.5,9,-10,-8
-91.26,9,-6,-8
-91.26,9,-6,-8
-87.88,10,-8,-9
-87.88,9,-8,-8
-98.02,10,-2,-9
-91.26,9,-6,-8
-54.08,6,-28,-5
-50.7,7,-30,-6
-50.7,5,-30,-4
-54.08,6,-28,-5
-54.08,6,-28,-5
-50.7,5,-30,-4
-50.7,6,-30,-5
-54.08,6,-28,-5
-54.08,6,-28,-5
-47.32,6,-32,-5
-81.12,9,-12,-8
-84.5,10,-10,-9
-81.12,10,-12,-9
-84.5,10,-10,-9
-91.26,9,-6,-8
-87.88,10,-8,-9
-84.5,9,-10,-8
-84.5,9,-10,-8
-87.88,10,-8,-9
-91.26,9,-6,-8
-94.64,10,-4,-9
-84.5,9,-10,-8
-87.88,9,-8,-8
-91.26,9,-6,-8
-87.88,9,-8,-8
-84.5,9,-10,-8
-87.88,10,-8,-9
-91.26,10,-6,-9
-87.88,9,-8,-8
-87.88,10,-8,-9
-91.26,11,-6,-10
-91.26,11,-6,-10
-84.5,9,-10,-8
-84.5,9,-10,-8
-87.88,9,-8,-8
-84.5,9,-10,-8
-84.5,9,-10,-8
-87.88,10,-8,-9
-84.5,9,-10,-8
-78.8,9,-10,-8
-74.36,10,-16,-9
-72.67,9,-17,-8
-72.67,9,-17,-8
-69.29,9,-19,-8
-69.29,9,-19,-8
-70.98,10,-18,-9
-69.29,9,-19,-8
-72.67,9,-17,-8
-70.98,10,-18,-9
-69.29,9,-19,-8
-87.88,13,-8,-12
-87.88,14,-8,-13
-94.64,16,-4,-15
-94.64,16,-4,-15
-87.88,14,-8,-13
-94.64,16,-4,-15
-87.88,14,-8,-13
-87.88,14,-8,-13
-87.88,14,-8,-13
-84.5,13,-10,-12
-67.6,7,-20,-6
-67.6,7,-20,-6
-70.98,7,-18,-6
-67.6,7,-20,-6
-70.98,8,-18,-7
-67.6,7,-20,-6
-67.6,7,-20,-6
-67.6,7,-20,-6
-67.6,7,-20,-6
-70.98,7,-18,-6
-77.74,8,-14,-7
-74.36,8,-16,-7
-74.36,8,-16,-7
-81.12,8,-12,-7
-77.74,8,-14,-7
-81.12,9,-12,-8
-77.74,9,-14,-8
-77.74,8,-14,-7
-81.12,8,-12,-7
-77.74,9,-14,-8
-65.91,9,-21,-8
-72.67,11,-17,-10
-72.67,11,-17,-10
-70.98,10,-18,-9
-67.6,10,-20,-9
-69.29,11,-19,-10
-76.05,11,-15,-10
-70.98,10,-18,-9
-76.05,11,-15,-10
-76.05,11,-15,-10
-89.57,11,-7,-10
-84.5,10,-10,-9
-87.88,12,-8,-11
-86.19,11,-9,-10
-86.19,11,-9,-10
-91.26,12,-6,-11
-86.19,11,-9,-10
-89.57,11,-7,-10
-89.57,13,-7,-12
-86.19,11,-9,-10
-98.02,20,-2,-19
-101.4,20,0,-19
-98.02,20,-2,-19
-94.64,20,-4,-19
-98.02,20,-2,-19
-94.64,20,-4,-19
-101.4,20,0,-19
-96.33,19,-3,-18
-98.02,20,-2,-19
-101.4,20,0,-19
-101.4,20,0,-19
-101.4,20,0,-19
-101.4,20,0,-19
-101.4,20,0,-19
-98.02,20,-2,-19
-98.02,20,-2,-19
-92.95,21,-5,-20
-94.64,20,-4,-19
-94.64,20,-4,-19
-98.02,20,-2,-19
-70.98,7,-18,-6
-67.6,8,-20,-7
-70.98,7,-18,-6
-70.98,7,-18,-6
-70.98,8,-18,-7
-67.6,7,-20,-6
-64.22,7,-22,-6
-64.22,7,-22,-6
-64.22,7,-22,-6
-64.22,7,-22,-6
-74.36,8,-16,-7
-70.98,7,-18,-6
-81.12,8,-12,-7
-74.36,8,-16,-7
-74.36,8,-16,-7
-81.12,8,-12,-7
-70.98,7,-18,-6
-74.36,8,-16,-7
-72.04,8,-14,-7
-81.12,8,-12,-7
-94.64,10,-4,-9
-94.64,10,-4,-9
-94.64,10,-4,-9
-94.64,10,-4,-9
-94.64,10,-4,-9
-94.64,10,-4,-9
-94.64,10,-4,-9
-87.88,9,-8,-8
-94.64,10,-4,-9
-87.88,9,-8,-8
-94.64,16,-4,-15
-87.88,14,-8,-13
-87.88,14,-8,-13
-84.5,13,-10,-12
-94.64,16,-4,-15
-91.26,15,-6,-14
-87.88,14,-8,-13
-94.64,16,-4,-15
-91.26,15,-6,-14
-94.64,16,-4,-15
-101.4,10,0,-9
-101.4,10,0,-9
-101.4,10,0,-9
-101.4,10,0,-9
-101.4,10,0,-9
-101.4,10,0,-9
-101.4,10,0,-9
-101.4,10,0,-9
-101.4,10,0,-9
-101.4,10,0,-9
-84.5,9,-10,-8
-84.5,9,-10,-8
-84.5,9,-10,-8
-84.5,9,-10,-8
-87.88,10,-8,-9
-84.5,9,-10,-8
-77.74,9,-14,-8
-87.88,9,-8,-8
-87.88,10,-8,-9
-84.5,9,-10,-8
-84.5,9,-10,-8
-87.88,10,-8,-9
-84.5,9,-10,-8
-91.26,11,-6,-10
-81.12,8,-12,-7
-87.88,10,-8,-9
-87.88,10,-8,-9
-84.5,9,-10,-8
-87.88,9,-8,-8
-91.26,11,-6,-10
-67.6,8,-20,-7
-67.6,7,-20,-6
-74.36,9,-16,-8
-64.22,7,-22,-6
-77.74,8,-14,-7
-74.36,9,-16,-8
-77.74,8,-14,-7
-74.36,9,-16,-8
-67.6,8,-20,-7
-67.6,7,-20,-6
-74.36,8,-16,-7
-61.9,7,-20,-6
-74.36,8,-16,-7
-64.22,7,-22,-6
-64.22,7,-22,-6
-67.6,7,-20,-6
-74.36,8,-16,-7
-74.36,8,-16,-7
-74.36,8,-16,-7
-62.96,8,-16,-7
-88.94,10,-4,-9
-91.26,9,-6,-8
-85.56,9,-6,-8
-85.56,9,-6,-8
-88.94,10,-4,-9
-85.56,9,-6,-8
-87.88,9,-8,-8
-77.74,8,-14,-7
-84.5,9,-10,-8
-81.12,9,-12,-8
-91.26,9,-6,-8
-87.88,9,-8,-8
-87.88,9,-8,-8
-87.88,9,-8,-8
-87.88,9,-8,-8
-91.26,10,-6,-9
-91.26,9,-6,-8
-91.26,9,-6,-8
-91.26,10,-6,-9
-91.26,10,-6,-9
-68.66,9,-16,-8
-70.98,7,-18,-6
-64.22,7,-22,-6
-70.98,7,-18,-6
-67.6,7,-20,-6
-67.6,7,-20,-6
-64.22,7,-22,-6
-65.28,8,-18,-7
-70.98,7,-18,-6
-70.98,7,-18,-6
-77.74,9,-14,-8
-77.74,9,-14,-8
-77.74,9,-14,-8
-77.74,8,-14,-7
-84.5,9,-10,-8
-77.74,9,-14,-8
-72.04,8,-14,-7
-70.98,8,-18,-7
-81.12,9,-12,-8
-77.74,8,-14,-7
-94.64,14,-4,-13
-94.64,14,-4,-13
-94.64,14,-4,-13
-94.64,14,-4,-13
-94.64,15,-4,-14
-94.64,14,-4,-13
-94.64,14,-4,-13
-94.64,14,-4,-13
-94.64,14,-4,-13
-94.64,14,-4,-13
-70.98,7,-18,-6
-67.6,7,-20,-6
-61.9,7,-20,-6
-67.6,7,-20,-6
-70.98,7,-18,-6
-60.84,6,-24,-5
-70.98,7,-18,-6
-70.98,7,-18,-6
-70.98,7,-18,-6
-67.6,8,-20,-7
-70.98,8,-18,-7
-67.6,7,-20,-6
-70.98,8,-18,-7
-74.36,8,-16,-7
-69.72,9,-12,-8
-70.98,8,-18,-7
-70.98,7,-18,-6
-74.36,8,-16,-7
-70.98,7,-18,-6
-70.98,8,-18,-7
-64.22,7,-22,-6
-70.98,8,-18,-7
-70.98,9,-18,-8
-67.6,7,-20,-6
-64.22,7,-22,-6
-67.6,7,-20,-6
-64.22,7,-22,-6
-70.98,8,-18,-7
-70.98,8,-18,-7
-67.6,7,-20,-6
-78.8,10,-10,-9
-86.19,11,-9,-10
-86.19,11,-9,-10
-86.19,11,-9,-10
-82.81,11,-11,-10
-84.5,10,-10,-9
-87.88,12,-8,-11
-86.19,11,-9,-10
-84.5,10,-10,-9
-79.43,11,-13,-10
-81.12,8,-12,-7
-67.6,7,-20,-6
-64.22,7,-22,-6
-81.12,8,-12,-7
-67.6,7,-20,-6
-81.12,8,-12,-7
-74.36,8,-16,-7
-74.36,8,-16,-7
-81.12,8,-12,-7
-74.36,8,-16,-7
-101.4,15,0,-14
-101.4,15,0,-14
-101.4,15,0,-14
-101.4,15,0,-14
-101.4,15,0,-14
-101.4,15,0,-14
-101.4,15,0,-14
-101.4,15,0,-14
-101.4,15,0,-14
-101.4,15,0,-14
-64.22,7,-22,-6
-67.6,8,-20,-7
-70.98,7,-18,-6
-70.98,8,-18,-7
-67.6,8,-20,-7
-70.98,7,-18,-6
-64.22,7,-22,-6
-68.66,9,-16,-8
-67.6,8,-20,-7
-67.6,7,-20,-6
-88.94,10,-4,-9
-85.56,9,-6,-8
-81.12,9,-12,-8
-85.56,9,-6,-8
-85.56,9,-6,-8
-87.88,9,-8,-8
-84.5,9,-10,-8
-84.5,9,-10,-8
-85.56,9,-6,-8
-87.88,10,-8,-9
-70.98,7,-18,-6
-67.6,7,-20,-6
-70.98,7,-18,-6
-67.6,7,-20,-6
-67.6,7,-20,-6
-67.6,7,-20,-6
-67.6,7,-20,-6
-70.98,7,-18,-6
-70.98,7,-18,-6
-67.6,7,-20,-6
-50.7,5,-30,-4
-47.32,6,-32,-5
-54.08,6,-28,-5
-54.08,6,-28,-5
-47.32,5,-32,-4
-50.7,6,-30,-5
-50.7,5,-30,-4
-54.08,6,-28,-5
-54.08,6,-28,-5
-54.08,6,-28,-5
-84.5,10,-10,-9
-84.5,10,-10,-9
-89.57,11,-7,-10
-86.19,11,-9,-10
-87.88,12,-8,-11
-84.5,12,-10,-11
-86.19,11,-9,-10
-86.19,11,-9,-10
-89.57,11,-7,-10
-82.81,11,-11,-10
-65.28,8,-18,-7
-67.6,8,-20,-7
-67.6,8,-20,-7
-67.6,7,-20,-6
-64.22,7,-22,-6
-70.98,8,-18,-7
-70.98,8,-18,-7
-70.98,8,-18,-7
-67.6,8,-20,-7
-61.9,7,-20,-6
-74.36,8,-16,-7
-74.36,8,-16,-7
-74.36,8,-16,-7
-67.6,7,-20,-6
-70.98,9,-18,-8
-67.6,8,-20,-7
-65.28,8,-18,-7
-64.22,7,-22,-6
-67.6,7,-20,-6
-67.6,8,-20,-7
-70.98,8,-18,-7
-70.98,8,-18,-7
-70.98,7,-18,-6
-67.6,8,-20,-7
-70.98,8,-18,-7
-64.22,7,-22,-6
-67.6,7,-20,-6
-67.6,7,-20,-6
-67.6,7,-20,-6
-67.6,7,-20,-6
-77.74,8,-14,-7
-74.36,8,-16,-7
-74.36,8,-16,-7
-81.12,8,-12,-7
-74.36,8,-16,-7
-74.36,8,-16,-7
-74.36,8,-16,-7
-74.36,8,-16,-7
-81.12,8,-12,-7
-81.12,8,-12,-7
-65.91,9,-21,-8
-69.29,9,-19,-8
-65.91,9,-21,-8
-65.91,9,-21,-8
-65.91,9,-21,-8
-69.29,9,-19,-8
-65.91,9,-21,-8
-65.91,9,-21,-8
-67.6,8,-20,-7
-64.22,8,-22,-7
-67.6,7,-20,-6
-70.98,8,-18,-7
-70.98,8,-18,-7
-60.84,7,-24,-6
-67.6,8,-20,-7
-67.6,7,-20,-6
-64.22,7,-22,-6
-70.98,8,-18,-7
-67.6,8,-20,-7
-64.22,7,-22,-6
-84.5,9,-10,-8
-84.5,9,-10,-8
-84.5,9,-10,-8
-84.5,9,-10,-8
-84.5,9,-10,-8
-84.5,9,-10,-8
-87.88,10,-8,-9
-84.5,9,-10,-8
-81.12,8,-12,-7
-84.5,9,-10,-8
-67.6,10,-20,-9
-65.91,9,-21,-8
-65.91,9,-21,-8
-65.91,9,-21,-8
-64.22,10,-22,-9
-64.22,10,-22,-9
-64.22,10,-22,-9
-69.29,9,-19,-8
-65.91,9,-21,-8
-62.53,9,-23,-8
-87.88,10,-8,-9
-87.88,10,-8,-9
-87.88,9,-8,-8
-87.88,10,-8,-9
-87.88,9,-8,-8
-81.12,8,-12,-7
-84.5,9,-10,-8
-84.5,9,-10,-8
-84.5,9,-10,-8
-84.5,9,-10,-8
-81.12,8,-12,-7
-81.12,8,-12,-7
-88.94,10,-4,-9
-81.12,8,-12,-7
-82.18,9,-8,-8
-84.5,9,-10,-8
-81.12,9,-12,-8
-87.88,9,-8,-8
-82.18,9,-8,-8
-85.56,9,-6,-8
-72.67,9,-17,-8
-72.67,9,-17,-8
-72.67,9,-17,-8
-70.98,10,-18,-9
-72.67,9,-17,-8
-74.36,10,-16,-9
-70.98,10,-18,-9
-69.29,9,-19,-8
-72.67,9,-17,-8
-74.36,10,-16,-9
-98.02,10,-2,-9
-98.02,10,-2,-9
-98.02,10,-2,-9
-101.4,10,0,-9
-101.4,10,0,-9
-98.02,10,-2,-9
-94.64,10,-4,-9
-94.64,10,-4,-9
-101.4,10,0,-9
-94.64,10,-4,-9
-94.64,14,-4,-13
-94.64,14,-4,-13
-94.64,14,-4,-13
-98.02,15,-2,-14
-94.64,14,-4,-13
-91.26,14,-6,-13
-98.02,15,-2,-14
-94.64,14,-4,-13
-94.64,14,-4,-13
-98.02,15,-2,-14
-81.12,8,-12,-7
-75.42,9,-12,-8
-81.12,8,-12,-7
-81.12,8,-12,-7
-77.74,8,-14,-7
-77.74,9,-14,-8
-81.12,8,-12,-7
-81.12,8,-12,-7
-81.12,8,-12,-7
-81.12,8,-12,-7
-84.5,10,-10,-9
-87.88,12,-8,-11
-84.5,10,-10,-9
-89.57,11,-7,-10
-87.88,12,-8,-11
-86.19,11,-9,-10
-82.81,11,-11,-10
-86.19,11,-9,-10
-87.88,12,-8,-11
-86.19,11,-9,-10
-101.4,10,0,-9
-101.4,10,0,-9
-101.4,10,0,-9
-91.26,10,-6,-9
-101.4,10,0,-9
-101.4,10,0,-9
-101.4,10,0,-9
-101.4,10,0,-9
-101.4,10,0,-9
-101.4,10,0,-9
-84.5,9,-10,-8
-87.88,9,-8,-8
-91.26,11,-6,-10
-91.26,11,-6,-10
-87.88,9,-8,-8
-87.88,9,-8,-8
-91.26,11,-6,-10
-84.5,9,-10,-8
-81.12,9,-12,-8
-87.88,10,-8,-9
-98.02,15,-2,-14
-94.64,14,-4,-13
-94.64,14,-4,-13
-94.64,15,-4,-14
-94.64,14,-4,-13
-98.02,15,-2,-14
-94.64,15,-4,-14
-94.64,14,-4,-13
-98.02,15,-2,-14
-91.26,14,-6,-13
-60.84,6,-24,-5
-64.22,7,-22,-6
-60.84,6,-24,-5
-64.22,7,-22,-6
-55.14,6,-24,-5
-60.84,7,-24,-6
-60.84,6,-24,-5
-60.84,6,-24,-5
-57.46,6,-26,-5
-64.22,7,-22,-6
-98.02,12,-2,-11
-101.4,12,0,-11
-94.64,12,-4,-11
-101.4,12,0,-11
-98.02,12,-2,-11
-98.02,12,-2,-11
-101.4,12,0,-11
-98.02,12,-2,-11
-98.02,12,-2,-11
-101.4,12,0,-11
-81.12,8,-12,-7
-81.12,8,-12,-7
-74.36,8,-16,-7
-77.74,8,-14,-7
-81.12,8,-12,-7
-84.5,9,-10,-8
-81.12,8,-12,-7
-77.74,9,-14,-8
-81.12,9,-12,-8
-84.5,9,-10,-8
-101.4,10,0,-9
-84.5,9,-10,-8
-101.4,10,0,-9
-94.64,10,-4,-9
-101.4,10,0,-9
-84.5,9,-10,-8
-87.88,9,-8,-8
-87.88,10,-8,-9
-87.88,10,-8,-9
-87.88,9,-8,-8
-77.74,8,-14,-7
-77.74,8,-14,-7
-84.5,9,-10,-8
-87.88,9,-8,-8
-70.98,7,-18,-6
-74.36,8,-16,-7
-84.5,9,-10,-8
-77.74,8,-14,-7
-77.74,8,-14,-7
-84.5,9,-10,-8
-94.64,20,-4,-19
-91.26,20,-6,-19
-98.02,20,-2,-19
-94.64,20,-4,-19
-92.95,19,-5,-18
-101.4,20,0,-19
-89.57,19,-7,-18
-87.88,18,-8,-17
-92.95,19,-5,-18
-92.95,21,-5,-20
-64.22,7,-22,-6
-70.98,7,-18,-6
-70.98,7,-18,-6
-60.84,7,-24,-6
-60.84,7,-24,-6
-60.84,7,-24,-6
-70.98,7,-18,-6
-64.22,7,-22,-6
-64.22,7,-22,-6
-64.22,7,-22,-6
-84.5,9,-10,-8
-87.88,10,-8,-9
-84.5,9,-10,-8
-81.12,8,-12,-7
-88.94,10,-4,-9
-82.18,9,-8,-8
-87.88,10,-8,-9
-84.5,9,-10,-8
-85.56,9,-6,-8
-91.26,9,-6,-8
-98.02,15,-2,-14
-98.02,15,-2,-14
-98.02,15,-2,-14
-94.64,14,-4,-13
-94.64,14,-4,-13
-98.02,15,-2,-14
-94.64,15,-4,-14
-98.02,15,-2,-14
-91.26,14,-6,-13
-98.02,15,-2,-14
-74.36,10,-16,-9
-72.67,9,-17,-8
-72.67,9,-17,-8
-72.67,9,-17,-8
-67.6,8,-20,-7
-72.67,9,-17,-8
-72.67,9,-17,-8
-72.67,9,-17,-8
-72.67,9,-17,-8
-72.67,9,-17,-8
-94.64,14,-4,-13
-94.64,15,-4,-14
-94.64,14,-4,-13
-94.64,14,-4,-13
-94.64,14,-4,-13
-98.02,15,-2,-14
-98.02,15,-2,-14
-98.02,15,-2,-14
-98.02,15,-2,-14
-98.02,15,-2,-14
-89.57,11,-7,-10
-89.57,11,-7,-10
-89.57,11,-7,-10
-89.57,11,-7,-10
-86.19,11,-9,-10
-89.57,11,-7,-10
-86.19,11,-9,-10
-87.88,12,-8,-11
-87.88,12,-8,-11
-87.88,12,-8,-11
-101.4,15,0,-14
-101.4,15,0,-14
-101.4,15,0,-14
-101.4,15,0,-14
-101.4,15,0,-14
-101.4,15,0,-14
-101.4,15,0,-14
-101.4,15,0,-14
-101.4,15,0,-14
-101.4,15,0,-14
-98.02,10,-2,-9
-101.4,10,0,-9
-101.4,10,0,-9
-101.4,10,0,-9
-101.4,10,0,-9
-101.4,10,0,-9
-101.4,10,0,-9
-101.4,10,0,-9
-101.4,10,0,-9
-101.4,10,0,-9
-77.74,10,-14,-9
-70.98,10,-18,-9
-77.74,10,-14,-9
-74.36,10,-16,-9
-76.05,11,-15,-10
-74.36,10,-16,-9
-76.05,11,-15,-10
-76.05,11,-15,-10
-73.73,11,-13,-10
-76.05,11,-15,-10
-60.84,6,-24,-5
-70.98,7,-18,-6
-64.22,7,-22,-6
-70.98,8,-18,-7
-64.22,7,-22,-6
-67.6,7,-20,-6
-70.98,7,-18,-6
-60.84,6,-24,-5
-60.84,6,-24,-5
-70.98,7,-18,-6
-74.36,8,-16,-7
-74.36,8,-16,-7
-67.6,7,-20,-6
-70.98,7,-18,-6
-74.36,8,-16,-7
-70.98,7,-18,-6
-67.6,7,-20,-6
-67.6,7,-20,-6
-65.28,7,-18,-6
-70.98,8,-18,-7
-84.5,9,-10,-8
-84.5,9,-10,-8
-84.5,9,-10,-8
-84.5,9,-10,-8
-81.12,9,-12,-8
-87.88,10,-8,-9
-87.88,10,-8,-9
-84.5,9,-10,-8
-87.88,10,-8,-9
-81.12,8,-12,-7
-101.4,10,0,-9
-101.4,10,0,-9
-101.4,10,0,-9
-101.4,10,0,-9
-101.4,10,0,-9
-91.26,9,-6,-8
-101.4,10,0,-9
-101.4,10,0,-9
-91.26,9,-6,-8
-101.4,10,0,-9
-85.56,9,-6,-8
-84.5,9,-10,-8
-81.12,8,-12,-7
-85.56,9,-6,-8
-81.12,8,-12,-7
-85.56,9,-6,-8
-87.88,9,-8,-8
-88.94,10,-4,-9
-87.88,10,-8,-9
-88.94,10,-4,-9
-77.74,10,-14,-9
-84.5,10,-10,-9
-81.12,10,-12,-9
-77.74,10,-14,-9
-81.12,12,-12,-11
-81.12,10,-12,-9
-81.12,12,-12,-11
-81.12,10,-12,-9
-77.74,10,-14,-9
-81.12,10,-12,-9
-81.12,9,-12,-8
-84.5,9,-10,-8
-84.5,9,-10,-8
-81.12,9,-12,-8
-87.88,10,-8,-9
-84.5,9,-10,-8
-81.12,9,-12,-8
-84.5,9,-10,-8
-81.12,9,-12,-8
-87.88,10,-8,-9
-101.4,10,0,-9
-91.26,9,-6,-8
-87.88,9,-8,-8
-101.4,10,0,-9
-101.4,10,0,-9
-94.64,10,-4,-9
-101.4,10,0,-9
-101.4,10,0,-9
-91.26,9,-6,-8
-94.64,10,-4,-9
-67.6,10,-20,-9
-72.67,9,-17,-8
-74.36,10,-16,-9
-67.6,8,-20,-7
-72.67,9,-17,-8
-69.29,9,-19,-8
-72.67,9,-17,-8
-72.67,9,-17,-8
-72.67,9,-17,-8
-72.67,9,-17,-8
-72.67,9,-17,-8
-72.67,9,-17,-8
-69.29,9,-19,-8
-72.67,9,-17,-8
-67.6,8,-20,-7
-69.29,9,-19,-8
-69.29,9,-19,-8
-72.67,9,-17,-8
-70.98,10,-18,-9
-72.67,9,-17,-8
-69.29,9,-19,-8
-70.98,10,-18,-9
-72.67,9,-17,-8
-70.98,10,-18,-9
-69.29,9,-19,-8
-69.29,9,-19,-8
-74.36,10,-16,-9
-74.36,10,-16,-9
-72.67,9,-17,-8
-74.36,10,-16,-9
-70.98,7,-18,-6
-67.6,8,-20,-7
-70.98,7,-18,-6
-67.6,8,-20,-7
-64.22,7,-22,-6
-70.98,8,-18,-7
-67.6,8,-20,-7
-67.6,8,-20,-7
-70.98,7,-18,-6
-64.22,7,-22,-6
-70.98,8,-18,-7
-67.6,7,-20,-6
-67.6,8,-20,-7
-67.6,7,-20,-6
-67.6,7,-20,-6
-67.6,7,-20,-6
-70.98,7,-18,-6
-67.6,7,-20,-6
-70.98,7,-18,-6
-70.98,7,-18,-6
-81.12,8,-12,-7
-84.5,9,-10,-8
-84.5,9,-10,-8
-84.5,9,-10,-8
-81.12,8,-12,-7
-77.74,8,-14,-7
-81.12,8,-12,-7
-75.42,9,-12,-8
-81.12,8,-12,-7
-74.36,8,-16,-7
-101.4,15,0,-14
-101.4,15,0,-14
-101.4,15,0,-14
-101.4,15,0,-14
-101.4,15,0,-14
-101.4,15,0,-14
-101.4,15,0,-14
-101.4,15,0,-14
-101.4,15,0,-14
-101.4,15,0,-14
-64.22,7,-22,-6
-67.6,7,-20,-6
-70.98,8,-18,-7
-70.98,8,-18,-7
-74.36,8,-16,-7
-67.6,7,-20,-6
-70.98,7,-18,-6
-67.6,7,-20,-6
-64.22,7,-22,-6
-74.36,8,-16,-7
-94.64,12,-4,-11
-94.64,12,-4,-11
-101.4,12,0,-11
-89.57,13,-7,-12
-98.02,12,-2,-11
-94.64,12,-4,-11
-94.64,12,-4,-11
-101.4,12,0,-11
-98.02,12,-2,-11
-94.64,12,-4,-11
-81.12,8,-12,-7
-81.12,8,-12,-7
-81.12,8,-12,-7
-74.36,8,-16,-7
-81.12,8,-12,-7
-81.12,8,-12,-7
-81.12,8,-12,-7
-81.12,8,-12,-7
-81.12,8,-12,-7
-81.12,8,-12,-7
-81.12,9,-12,-8
-77.74,9,-14,-8
-74.36,8,-16,-7
-77.74,8,-14,-7
-74.36,8,-16,-7
-77.74,9,-14,-8
-77.74,8,-14,-7
-81.12,9,-12,-8
-77.74,8,-14,-7
-81.12,10,-12,-9
