-47.965,11,-7,-2
-48.87,11,-6,-4
-47.965,11,-7,-3
-48.87,11,-6,-3
-47.965,11,-7,-4
-47.965,11,-7,-3
-47.965,11,-7,-3
-49.775,11,-5,-1
-47.06,11,-8,-4
-48.87,11,-6,-3
-43.44,9,-12,-4
-39.82,8,-16,-2
-39.82,8,-16,-1
-39.82,8,-16,-2
-39.82,8,-16,-2
-38.915,8,-17,0
-39.82,9,-16,-3
-39.82,8,-16,-2
-37.105,9,-19,-2
-39.82,8,-16,-2
-44.345,11,-11,-2
-44.345,11,-11,-2
-46.155,12,-9,-3
-44.345,11,-11,-2
-46.155,12,-9,-3
-47.06,11,-8,-4
-44.345,11,-11,-3
-44.345,11,-11,-4
-44.345,12,-11,-4
-44.345,11,-11,-3
-43.44,10,-12,-1
-43.44,10,-12,-2
-43.44,10,-12,-1
-43.44,10,-12,-2
-43.44,10,-12,-2
-43.44,10,-12,-2
-43.44,10,-12,-2
-43.44,10,-12,-1
-43.44,10,-12,-2
-43.44,10,-12,-2
-51.585,12,-3,-4
-51.585,12,-3,-3
-51.585,12,-3,-3
-51.585,12,-3,-4
-51.585,12,-3,-4
-51.585,12,-3,-3
-51.585,12,-3,-4
-51.585,12,-3,-3
-51.585,12,-3,-3
-51.585,12,-3,-4
-52.49,12,-2,-5
-51.585,13,-3,-5
-52.49,12,-2,-5
-51.585,13,-3,-5
-51.585,13,-3,-6
-52.49,12,-2,-5
-51.585,13,-3,-6
-51.585,13,-3,-5
-52.49,12,-2,-5
-52.49,12,-2,-5
-46.155,12,-9,-5
-48.87,14,-6,-4
-48.87,14,-6,-5
-48.87,14,-6,-5
-47.965,14,-7,-5
-48.87,14,-6,-5
-43.44,12,-12,-5
-49.775,14,-5,-6
-47.965,14,-7,-5
-48.87,14,-6,-4
-48.87,10,-6,-2
-48.87,10,-6,-2
-48.87,10,-6,-2
-48.87,10,-6,-2
-43.44,9,-12,-2
-48.87,10,-6,-2
-48.87,10,-6,-2
-48.87,10,-6,-2
-48.87,10,-6,-2
-48.87,10,-6,-2
-44.345,10,-11,-3
-44.345,10,-11,-2
-44.345,10,-11,-3
-44.345,10,-11,-3
-44.345,10,-11,-2
-44.345,10,-11,-2
-44.345,10,-11,-3
-44.345,10,-11,-3
-44.345,10,-11,-2
-44.345,10,-11,-2
-45.25,10,-10,-4
-45.25,10,-10,-4
-45.25,10,-10,-4
-45.25,10,-10,-4
-51.585,12,-3,-6
-51.585,12,-3,-3
-45.25,10,-10,-4
-48.87,11,-6,-4
-45.25,10,-10,-4
-45.25,10,-10,-4
-49.775,11,-5,-4
-50.68,12,-4,-5
-50.68,12,-4,-5
-50.68,12,-4,-5
-50.68,12,-4,-5
-43.44,10,-12,-5
-49.775,11,-5,-4
-50.68,12,-4,-5
-50.68,12,-4,-5
-47.965,12,-7,-5
-48.87,11,-6,-3
-42.535,10,-13,-3
-48.87,11,-6,-2
-42.535,10,-13,-4
-42.535,10,-13,-4
-42.535,10,-13,-3
-42.535,10,-13,-4
-42.535,10,-13,-4
-48.87,11,-6,-3
-43.44,9,-12,-2
-51.585,11,-3,-2
-52.49,12,-2,-3
-52.49,12,-2,-3
-53.395,13,-1,-4
-51.585,11,-3,-2
-51.585,12,-3,-4
-51.585,11,-3,-2
-52.49,12,-2,-3
-52.49,12,-2,-2
-51.585,11,-3,-2
-43.44,13,-12,-5
-47.06,12,-8,-4
-47.965,14,-7,-7
-47.06,12,-8,-5
-48.87,13,-6,-8
-47.06,12,-8,-6
-47.965,13,-7,-6
-48.87,12,-6,-5
-47.06,12,-8,-5
-46.155,12,-9,-5
-51.585,13,-3,-5
-48.87,12,-6,-3
-48.87,12,-6,-3
-52.49,13,-2,-6
-53.395,13,-1,-5
-48.87,12,-6,-3
-47.06,12,-8,-3
-47.965,11,-7,-2
-51.585,13,-3,-5
-51.585,13,-3,-5
-50.68,12,-4,-4
-47.06,11,-8,-5
-50.68,12,-4,-4
-50.68,12,-4,-4
-50.68,12,-4,-5
-46.155,11,-9,-4
-47.06,11,-8,-4
-42.535,10,-13,-4
-50.68,12,-4,-4
-47.06,11,-8,-5
-44.345,11,-11,-3
-51.585,12,-3,-6
-43.44,10,-12,-1
-46.155,11,-9,-4
-49.775,12,-5,-5
-44.345,11,-11,-3
-45.25,11,-10,-3
-52.49,12,-2,-5
-51.585,12,-3,-6
-50.68,11,-4,-4
-41.63,10,-14,-2
-43.44,11,-12,-4
-42.535,10,-13,-3
-41.63,11,-14,-5
-40.725,9,-15,0
-43.44,11,-12,-4
-41.63,10,-14,-2
-43.44,11,-12,-4
-43.44,11,-12,-4
-43.44,11,-12,-4
-42.535,10,-13,-3
-45.25,10,-10,-4
-42.535,10,-13,-3
-45.25,10,-10,-5
-37.105,10,-19,-2
-45.25,10,-10,-5
-45.25,10,-10,-4
-37.105,10,-19,-2
-44.345,10,-11,-5
-45.25,10,-10,-5
-46.155,10,-9,-1
-39.82,8,-16,-1
-39.82,8,-16,-1
-39.82,8,-16,-1
-39.82,8,-16,-1
-39.82,8,-16,-1
-40.725,8,-15,-3
-44.345,9,-11,-1
-44.345,9,-11,-1
-39.82,8,-16,-1
-43.44,10,-12,-1
-43.44,10,-12,-2
-43.44,10,-12,-2
-43.44,10,-12,-2
-43.44,10,-12,-2
-43.44,10,-12,-2
-43.44,10,-12,-2
-43.44,10,-12,-1
-45.25,10,-10,-3
-43.44,10,-12,-2
-40.725,12,-15,-5
-41.63,12,-14,-6
-40.725,12,-15,-5
-39.82,11,-16,-4
-40.725,12,-15,-5
-40.725,12,-15,-5
-41.63,11,-14,-3
-42.535,10,-13,-5
-42.535,11,-13,-5
-42.535,10,-13,-5
-47.06,10,-8,-2
-47.06,10,-8,-2
-47.965,10,-7,-3
-47.06,10,-8,-3
-47.06,10,-8,-2
-47.06,10,-8,-2
-47.06,10,-8,-2
-45.25,10,-10,-3
-47.06,10,-8,-2
-47.06,11,-8,-3
-43.44,10,-12,-4
-42.535,9,-13,-3
-42.535,9,-13,-3
-43.44,10,-12,-4
-43.44,10,-12,-4
-42.535,9,-13,-3
-44.345,10,-11,-3
-42.535,9,-13,-3
-43.44,10,-12,-4
-43.44,10,-12,-4
-44.345,11,-11,-5
-42.535,10,-13,-3
-42.535,10,-13,-4
-44.345,11,-11,-5
-42.535,10,-13,-4
-40.725,9,-15,-4
-44.345,11,-11,-5
-43.44,11,-12,-4
-44.345,11,-11,-5
-42.535,10,-13,-4
-44.345,10,-11,-3
-50.68,12,-4,-5
-46.155,10,-9,-3
-50.68,12,-4,-5
-44.345,10,-11,-2
-45.25,11,-10,-2
-51.585,12,-3,-4
-48.87,11,-6,-2
-51.585,12,-3,-4
-43.44,10,-12,-4
-48.87,11,-6,-2
-48.87,11,-6,-2
-48.87,11,-6,-2
-52.49,12,-2,-3
-48.87,11,-6,-2
-48.87,11,-6,-2
-48.87,11,-6,-2
-48.87,11,-6,-2
-47.965,10,-7,-2
-48.87,11,-6,-2
-49.775,11,-5,-3
-49.775,11,-5,-3
-49.775,11,-5,-3
-49.775,11,-5,-3
-49.775,11,-5,-3
-41.63,10,-14,-5
-40.725,9,-15,-3
-49.775,11,-5,-3
-41.63,10,-14,-5
-49.775,11,-5,-3
-51.585,11,-3,-3
-51.585,11,-3,-3
-48.87,11,-6,-2
-48.87,11,-6,-2
-47.965,10,-7,-2
-47.965,10,-7,-2
-47.965,10,-7,-2
-47.965,10,-7,-2
-51.585,11,-3,-3
-48.87,11,-6,-2
-45.25,9,-10,-2
-45.25,9,-10,-2
-45.25,9,-10,-2
-47.965,11,-7,-1
-45.25,9,-10,-2
-45.25,9,-10,-2
-45.25,9,-10,-2
-45.25,9,-10,-2
-45.25,9,-10,-2
-45.25,9,-10,-2
-47.06,10,-8,-2
-53.395,11,-1,-2
-51.585,11,-3,-1
-53.395,11,-1,-2
-51.585,11,-3,-1
-51.585,11,-3,-1
-51.585,11,-3,-1
-53.395,11,-1,-2
-53.395,11,-1,-2
-53.395,11,-1,-2
-48.87,11,-6,-2
-48.87,11,-6,-2
-47.965,11,-7,-3
-47.965,10,-7,-2
-47.965,10,-7,-2
-47.965,10,-7,-1
-47.965,10,-7,-1
-47.965,10,-7,-1
-47.965,10,-7,-1
-47.965,10,-7,-2
-49.775,12,-5,-5
-47.06,12,-8,-5
-50.68,13,-4,-4
-47.06,12,-8,-5
-47.06,12,-8,-5
-50.68,13,-4,-5
-50.68,13,-4,-4
-47.06,12,-8,-5
-50.68,13,-4,-5
-47.06,12,-8,-5
-38.915,8,-17,-2
-38.915,8,-17,-2
-38.915,8,-17,-2
-38.01,8,-18,-1
-38.915,8,-17,-2
-38.915,8,-17,-2
-32.58,7,-24,-1
-38.915,8,-17,-2
-38.915,8,-17,-2
-36.2,8,-20,-1
-41.63,9,-14,-1
-42.535,9,-13,-1
-41.63,9,-14,0
-38.915,8,-17,-1
-43.44,10,-12,-2
-38.915,8,-17,-1
-38.915,8,-17,-1
-41.63,9,-14,-2
-38.915,8,-17,-1
-38.915,8,-17,-1
-47.06,12,-8,-5
-45.25,11,-10,-2
-43.44,11,-12,-4
-43.44,11,-12,-4
-43.44,10,-12,-3
-46.155,11,-9,-4
-47.06,12,-8,-5
-44.345,10,-11,-3
-42.535,10,-13,-1
-45.25,11,-10,-2
-47.965,11,-7,-4
-47.965,11,-7,-4
-47.965,11,-7,-4
-48.87,12,-6,-3
-47.965,12,-7,-2
-48.87,12,-6,-3
-47.965,12,-7,-3
-38.915,9,-17,-1
-47.965,11,-7,-4
-47.965,12,-7,-2
-44.345,11,-11,-4
-46.155,11,-9,-5
-45.25,11,-10,-4
-47.965,10,-7,-3
-47.965,10,-7,-3
-47.965,10,-7,-3
-47.965,10,-7,-3
-47.965,10,-7,-3
-47.965,10,-7,-3
-47.965,10,-7,-3
-48.87,11,-6,-5
-52.49,12,-2,-4
-48.87,11,-6,-5
-48.87,11,-6,-5
-49.775,12,-5,-4
-49.775,12,-5,-4
-48.87,11,-6,-5
-48.87,11,-6,-5
-51.585,12,-3,-4
-48.87,11,-6,-5
-43.44,10,-12,-2
-43.44,9,-12,-4
-43.44,9,-12,-4
-47.965,11,-7,-2
-47.965,11,-7,-3
-45.25,9,-10,-3
-47.965,11,-7,-2
-47.965,11,-7,-2
-43.44,9,-12,-4
-47.965,11,-7,-2
-47.06,10,-8,-2
-47.06,10,-8,-2
-46.155,11,-9,-3
-46.155,9,-9,-2
-47.06,10,-8,-2
-47.06,10,-8,-2
-47.06,10,-8,-2
-46.155,11,-9,-3
-47.06,10,-8,-2
-47.06,10,-8,-2
-44.345,9,-11,-1
-47.965,10,-7,-3
-47.965,11,-7,-3
-46.155,11,-9,-5
-47.06,10,-8,-3
-47.965,11,-7,-3
-47.965,11,-7,-3
-47.06,10,-8,-3
-47.06,10,-8,-3
-48.87,10,-6,-2
-45.25,11,-10,-2
-47.06,11,-8,-4
-45.25,11,-10,-3
-47.06,11,-8,-3
-47.06,11,-8,-4
-45.25,11,-10,-2
-47.06,11,-8,-3
-45.25,11,-10,-2
-47.06,11,-8,-4
-47.06,11,-8,-4
-42.535,11,-13,-3
-43.44,9,-12,-3
-45.25,10,-10,-1
-42.535,11,-13,-2
-44.345,10,-11,-4
-45.25,10,-10,-1
-44.345,11,-11,-2
-45.25,10,-10,-1
-43.44,11,-12,-2
-43.44,11,-12,-2
-50.68,12,-4,-6
-50.68,12,-4,-5
-48.87,12,-6,-5
-48.87,12,-6,-5
-50.68,12,-4,-5
-45.25,11,-10,-6
-48.87,12,-6,-5
-50.68,12,-4,-5
-50.68,12,-4,-5
-51.585,12,-3,-4
-47.06,11,-8,-2
-47.06,12,-8,-4
-47.06,12,-8,-5
-43.44,10,-12,-2
-48.87,12,-6,-4
-43.44,10,-12,-2
-48.87,12,-6,-4
-48.87,12,-6,-4
-47.06,11,-8,-2
-48.87,12,-6,-4
-40.725,9,-15,-4
-35.295,8,-21,-2
-40.725,9,-15,-3
-42.535,10,-13,-2
-40.725,9,-15,-3
-40.725,9,-15,-3
-40.725,9,-15,-4
-40.725,9,-15,-3
-40.725,9,-15,-3
-40.725,9,-15,-3
-44.345,10,-11,-3
-41.63,9,-14,-2
-47.965,11,-7,-4
-47.965,11,-7,-4
-40.725,9,-15,-2
-47.965,11,-7,-4
-47.965,11,-7,-4
-47.965,11,-7,-4
-47.965,11,-7,-4
-47.965,11,-7,-4
-47.06,11,-8,-2
-44.345,11,-11,-2
-46.155,11,-9,-1
-46.155,11,-9,-1
-47.965,10,-7,-3
-45.25,10,-10,0
-47.06,11,-8,-2
-45.25,10,-10,0
-45.25,10,-10,0
-46.155,11,-9,-1
-50.68,13,-4,-6
-46.155,11,-9,-5
-47.965,11,-7,-5
-46.155,11,-9,-5
-50.68,13,-4,-6
-50.68,13,-4,-6
-50.68,13,-4,-6
-50.68,13,-4,-6
-47.965,11,-7,-5
-50.68,13,-4,-6
-38.915,8,-17,-2
-42.535,10,-13,-3
-42.535,10,-13,-4
-42.535,11,-11,-4
-42.535,10,-13,-3
-38.915,8,-17,0
-42.535,10,-13,-3
-46.155,10,-9,-4
-46.155,10,-9,-4
-41.63,9,-14,-3
-50.68,11,-4,-6
-50.68,11,-4,-6
-50.68,11,-4,-6
-50.68,11,-4,-6
-48.87,11,-6,-5
-50.68,11,-4,-6
-49.775,11,-5,-4
-50.68,11,-4,-6
-49.775,14,-5,-7
-50.68,11,-4,-6
-47.965,11,-7,-3
-47.965,11,-7,-3
-47.965,11,-7,-3
-47.965,11,-7,-3
-48.87,11,-6,-4
-40.725,10,-15,-2
-46.155,10,-9,-2
-47.965,11,-7,-3
-47.965,11,-7,-3
-46.155,10,-9,-2
-49.775,11,-5,-3
-49.775,11,-5,-3
-49.775,11,-5,-3
-49.775,11,-5,-3
-51.585,12,-3,-5
-49.775,11,-5,-3
-49.775,11,-5,-3
-51.585,12,-3,-5
-49.775,11,-5,-3
-51.585,12,-3,-5
-48.87,11,-6,-3
-45.25,11,-10,-5
-47.06,11,-8,-6
-48.87,11,-6,-3
-47.06,11,-8,-6
-43.44,10,-12,-4
-48.87,11,-6,-3
-48.87,11,-6,-3
-48.87,11,-6,-3
-48.87,11,-6,-4
-51.585,12,-3,-4
-51.585,12,-3,-4
-51.585,12,-3,-4
-51.585,12,-3,-5
-51.585,12,-3,-4
-51.585,12,-3,-5
-51.585,12,-3,-5
-51.585,12,-3,-5
-51.585,12,-3,-5
-47.06,11,-8,-2
-47.06,12,-8,-6
-45.25,11,-10,-4
-46.155,10,-9,-5
-46.155,10,-9,-5
-46.155,10,-9,-5
-44.345,11,-11,-4
-46.155,10,-9,-5
-46.155,10,-9,-5
-46.155,10,-9,-5
-46.155,11,-9,-5
-45.25,11,-10,-2
-45.25,11,-10,-2
-45.25,11,-10,-3
-45.25,11,-10,-3
-45.25,11,-10,-2
-45.25,11,-10,-3
-45.25,11,-10,-3
-45.25,11,-10,-2
-45.25,11,-10,-3
-45.25,11,-10,-3
-42.535,9,-13,-3
-42.535,9,-13,-3
-42.535,9,-13,-3
-42.535,9,-13,-3
-37.105,8,-19,-2
-38.915,9,-17,-3
-42.535,9,-13,-3
-43.44,10,-12,-3
-42.535,9,-13,-3
-38.01,8,-18,-1
-43.44,9,-12,-2
-43.44,9,-12,-2
-43.44,9,-12,-2
-44.345,10,-11,-2
-47.06,10,-8,-1
-43.44,9,-12,-2
-43.44,9,-12,-2
-47.06,10,-8,-1
-43.44,10,-12,-4
-42.535,9,-13,-2
-42.535,10,-11,-2
-45.25,11,-10,-3
-42.535,10,-11,-2
-45.25,11,-10,-3
-42.535,10,-11,-2
-50.68,12,-4,-4
-50.68,12,-4,-4
-42.535,10,-11,-2
-50.68,12,-4,-4
-39.82,9,-14,-2
-44.345,12,-11,-4
-43.44,12,-12,-3
-43.44,12,-12,-5
-46.155,11,-9,-4
-43.44,12,-12,-5
-43.44,12,-12,-4
-45.25,11,-10,-4
-43.44,12,-12,-5
-43.44,12,-12,-4
-43.44,12,-12,-5
-47.06,10,-8,-2
-47.06,10,-8,-2
-47.06,10,-8,-2
-47.06,10,-8,-2
-47.06,10,-8,-2
-47.06,10,-8,-2
-42.535,9,-13,-1
-45.25,10,-10,-1
-47.06,10,-8,-2
-47.06,10,-8,-2
-43.44,10,-12,-1
-44.345,11,-11,-2
-44.345,12,-11,-4
-42.535,11,-13,-4
-44.345,11,-11,-2
-42.535,11,-13,-4
-44.345,11,-11,-2
-42.535,11,-13,-4
-44.345,11,-11,-2
-42.535,11,-13,-4
-48.87,11,-6,-4
-47.965,11,-7,-3
-48.87,11,-6,-5
-47.06,10,-8,-4
-47.06,10,-8,-4
-42.535,9,-13,-2
-48.87,11,-6,-5
-43.44,9,-12,-5
-47.06,10,-8,-3
-48.87,11,-6,-5
-45.25,10,-10,-2
-48.87,11,-6,-3
-45.25,10,-10,-2
-45.25,10,-10,-2
-45.25,10,-10,-2
-48.87,11,-6,-3
-45.25,10,-10,-2
-48.87,11,-6,-3
-48.87,11,-6,-4
-48.87,11,-6,-3
-47.965,10,-7,-2
-44.345,10,-11,-3
-47.965,10,-7,-2
-47.965,10,-7,-2
-47.965,10,-7,-2
-47.965,10,-7,-2
-47.965,10,-7,-2
-44.345,9,-11,-1
-42.535,10,-13,-2
-47.965,10,-7,-2
-50.68,13,-4,-4
-52.49,13,-2,-4
-51.585,13,-3,-3
-49.775,12,-5,-3
-50.68,13,-4,-4
-51.585,14,-3,-6
-51.585,13,-3,-3
-51.585,13,-3,-3
-51.585,13,-3,-3
-50.68,13,-4,-4
-43.44,10,-12,-3
-40.725,9,-15,-4
-41.63,9,-14,-4
-40.725,9,-15,-3
-40.725,9,-15,-3
-40.725,9,-15,-3
-43.44,10,-12,-3
-43.44,10,-12,-4
-42.535,10,-13,-2
-43.44,10,-12,-3
-36.2,8,-20,-1
-43.44,9,-12,-1
-44.345,9,-11,-2
-43.44,9,-12,-1
-43.44,10,-12,-2
-43.44,10,-12,-1
-44.345,9,-11,-2
-44.345,9,-11,-2
-43.44,9,-12,-1
-43.44,9,-12,-1
-42.535,10,-13,-2
-42.535,9,-13,-2
-42.535,9,-13,-2
-42.535,10,-13,-3
-42.535,9,-13,-2
-42.535,10,-13,-3
-42.535,10,-13,-2
-42.535,10,-13,-3
-42.535,9,-13,-2
-42.535,10,-13,-3
-43.44,10,-12,-2
-48.87,11,-6,-3
-47.06,11,-8,-2
-47.06,11,-8,-2
-47.06,11,-8,-2
-43.44,10,-12,-2
-43.44,10,-12,-3
-47.06,11,-8,-2
-47.06,11,-8,-2
-45.25,11,-10,-2
-47.06,13,-8,-8
-44.345,10,-11,-3
-47.965,12,-7,-6
-47.965,12,-7,-6
-47.965,12,-7,-6
-47.965,12,-7,-6
-45.25,11,-10,-5
-47.965,12,-7,-6
-47.965,12,-7,-6
-47.06,11,-8,-5
-48.87,11,-6,-4
-43.44,10,-10,-3
-44.345,10,-11,-3
-47.06,11,-8,-3
-46.155,12,-7,-6
-44.345,10,-11,-3
-46.155,12,-7,-6
-45.25,10,-10,-3
-43.44,10,-12,-2
-48.87,11,-6,-3
-44.345,12,-11,-6
-43.44,11,-12,-5
-44.345,10,-11,-4
-44.345,10,-11,-4
-44.345,10,-11,-4
-44.345,10,-11,-4
-42.535,9,-13,-3
-42.535,11,-13,-4
-43.44,10,-12,-6
-43.44,10,-12,-6
-45.25,10,-10,-4
-45.25,10,-10,-2
-45.25,10,-10,-3
-45.25,10,-10,-2
-45.25,10,-10,-4
-45.25,10,-10,-2
-45.25,10,-10,-3
-45.25,10,-10,-2
-39.82,9,-16,-1
-45.25,10,-10,-2
-36.2,8,-20,-1
-39.82,10,-16,-4
-38.915,9,-17,-3
-38.915,9,-17,-3
-36.2,10,-20,-3
-38.915,9,-17,-3
-39.82,10,-16,-4
-38.915,9,-17,-4
-39.82,10,-16,-4
-39.82,10,-16,-4
-42.535,9,-13,-2
-43.44,10,-12,-2
-42.535,9,-13,-2
-42.535,9,-13,-2
-41.63,8,-14,-2
-42.535,9,-13,-2
-43.44,10,-12,-4
-43.44,10,-12,-3
-42.535,9,-13,-2
-44.345,10,-11,-4
-47.965,12,-7,-4
-47.965,12,-7,-4
-48.87,11,-6,-3
-47.965,12,-7,-4
-48.87,11,-6,-3
-48.87,11,-6,-3
-48.87,11,-6,-3
-48.87,11,-6,-3
-48.87,11,-6,-3
-47.965,12,-7,-4
-45.25,9,-10,-2
-43.44,10,-12,-2
-45.25,9,-10,-2
-45.25,9,-10,-2
-43.44,10,-12,-2
-45.25,9,-10,-2
-43.44,10,-12,-2
-43.44,10,-12,-2
-45.25,9,-10,-2
-43.44,10,-12,-2
-46.155,10,-9,-1
-49.775,11,-5,-3
-47.06,10,-8,-2
-47.965,10,-7,-2
-47.06,10,-8,-2
-48.87,10,-6,-2
-48.87,10,-6,-3
-45.25,10,-10,-2
-47.06,11,-8,-1
-45.25,9,-10,-2
-53.395,11,-1,-1
-53.395,11,-1,-1
-53.395,11,-1,-1
-53.395,11,-1,-1
-46.155,10,-9,-1
-49.775,11,-5,-2
-45.25,10,-10,-3
-53.395,11,-1,-1
-44.345,9,-11,-1
-53.395,11,-1,-1
-45.25,12,-10,-4
-47.965,12,-7,-4
-45.25,12,-10,-4
-45.25,12,-10,-4
-45.25,11,-10,-2
-45.25,12,-10,-4
-45.25,12,-10,-4
-45.25,12,-10,-4
-44.345,11,-11,-4
-46.155,11,-9,-4
-50.68,13,-4,-5
-50.68,13,-4,-5
-50.68,13,-4,-5
-50.68,13,-4,-5
-50.68,13,-4,-5
-50.68,13,-4,-5
-50.68,13,-4,-5
-50.68,13,-4,-5
-50.68,13,-4,-5
-50.68,13,-4,-5
-41.63,10,-14,-5
-39.82,9,-16,-5
-42.535,11,-13,-3
-40.725,10,-15,-2
-45.25,11,-10,-3
-43.44,10,-12,-2
-41.63,9,-14,-1
-39.82,10,-16,-4
-42.535,11,-13,-3
-40.725,10,-15,-2
-49.775,12,-5,-2
-49.775,11,-5,-2
-51.585,12,-3,-3
-51.585,12,-3,-3
-51.585,12,-3,-2
-50.68,12,-4,-2
-50.68,12,-4,-2
-51.585,12,-3,-2
-48.87,12,-6,-2
-51.585,12,-3,-2
-42.535,10,-13,0
-42.535,10,-13,-1
-42.535,10,-13,0
-42.535,10,-13,0
-42.535,10,-13,0
-42.535,9,-13,-1
-40.725,9,-15,-1
-42.535,10,-13,0
-42.535,10,-13,-2
-42.535,10,-13,0
-47.06,11,-8,-3
-47.06,11,-8,-3
-50.68,12,-4,-5
-50.68,12,-4,-5
-47.06,11,-8,-3
-50.68,12,-4,-5
-47.06,11,-8,-4
-47.965,11,-7,-3
-47.06,11,-8,-4
-47.06,11,-8,-3
-47.06,11,-8,-3
-43.44,10,-12,-2
-40.725,10,-15,-4
-44.345,10,-11,-3
-43.44,10,-12,-2
-44.345,10,-11,-3
-46.155,11,-9,-3
-43.44,10,-12,-2
-43.44,11,-12,-4
-40.725,10,-15,-4
-51.585,12,-3,-4
-51.585,12,-3,-4
-52.49,12,-2,-4
-51.585,12,-3,-4
-51.585,12,-3,-4
-51.585,12,-3,-4
-52.49,12,-2,-4
-51.585,12,-3,-4
-51.585,12,-3,-4
-52.49,12,-2,-4
-44.345,10,-11,-2
-48.87,11,-6,-3
-43.44,9,-12,-1
-47.965,10,-7,-3
-47.06,10,-8,-2
-48.87,11,-6,-3
-47.965,11,-7,-3
-43.44,9,-12,-1
-48.87,11,-6,-3
-48.87,11,-6,-3
-44.345,10,-11,-2
-47.965,11,-7,-3
-47.965,11,-7,-3
-47.965,11,-7,-3
-47.965,11,-7,-3
-47.965,11,-7,-3
-47.965,11,-7,-3
-47.965,11,-7,-3
-47.965,11,-7,-3
-47.965,11,-7,-3
-48.87,11,-6,-2
-48.87,11,-6,-2
-48.87,11,-6,-2
-48.87,11,-6,-2
-48.87,11,-6,-2
-48.87,12,-6,-4
-48.87,11,-6,-2
-48.87,11,-6,-2
-48.87,12,-6,-4
-48.87,11,-6,-2
-51.585,12,-3,-5
-52.49,13,-2,-6
-52.49,13,-2,-6
-52.49,13,-2,-6
-51.585,12,-3,-5
-52.49,13,-2,-6
-52.49,13,-2,-5
-52.49,13,-2,-6
-49.775,12,-5,-3
-51.585,12,-3,-5
-48.87,11,-6,-4
-47.06,11,-8,-4
-48.87,11,-6,-3
-48.87,11,-6,-3
-48.87,11,-6,-4
-48.87,11,-6,-4
-48.87,11,-6,-3
-54.3,12,0,-3
-47.06,11,-8,-4
-53.395,12,-1,-5
-54.3,13,0,-6
-54.3,13,0,-6
-54.3,13,0,-6
-54.3,13,0,-6
-43.44,10,-12,-4
-49.775,13,-5,-5
-54.3,13,0,-6
-48.87,12,-6,-4
-42.535,9,-13,-2
-42.535,9,-13,-2
-46.155,11,-9,-4
-44.345,9,-11,-2
-47.965,11,-7,-3
-47.965,11,-7,-3
-49.775,12,-5,-4
-44.345,10,-11,-4
-47.965,11,-7,-3
-43.44,9,-12,-2
-45.25,11,-10,-5
-44.345,9,-11,-2
-45.25,10,-10,-1
-45.25,10,-10,-1
-45.25,10,-10,-1
-45.25,10,-10,-1
-45.25,10,-10,-1
-45.25,10,-10,-1
-45.25,10,-10,-1
-45.25,11,-10,-1
-45.25,10,-10,-1
-45.25,10,-10,-1
-43.44,9,-12,-1
-44.345,9,-11,-3
-43.44,9,-12,-1
-43.44,9,-12,-1
-44.345,9,-11,-3
-44.345,9,-11,-2
-44.345,9,-11,-2
-44.345,9,-11,-3
-43.44,9,-12,-2
-44.345,9,-11,-2
-50.68,11,-4,-2
-50.68,11,-4,-2
-50.68,11,-4,-2
-50.68,11,-4,-2
-50.68,11,-4,-2
-50.68,11,-4,-2
-48.87,12,-6,-2
-50.68,11,-4,-2
-50.68,11,-4,-2
-50.68,11,-4,-2
