-98.02,10,-2,-6
-98.02,10,-2,-6
-99.71,10,-1,-4
-98.02,10,-2,-6
-96.33,11,-3,-5
-96.33,10,-3,-5
-98.02,10,-2,-6
-98.02,10,-2,-6
-96.33,10,-3,-5
-96.33,10,-3,-5
-94.64,10,-4,-5
-91.26,9,-6,-4
-94.64,10,-4,-6
-91.26,9,-6,-4
-91.26,9,-6,-4
-94.64,11,-4,-5
-96.33,11,-3,-6
-94.64,10,-4,-6
-96.33,11,-3,-6
-94.64,10,-4,-6
-98.02,10,-2,-7
-98.02,11,-2,-6
-98.02,11,-2,-5
-98.02,10,-2,-6
-101.4,10,0,-7
-101.4,10,0,-7
-98.02,10,-2,-5
-98.02,10,-2,-7
-98.02,10,-2,-7
-98.02,10,-2,-5
-98.02,10,-2,-4
-96.33,10,-3,-4
-99.71,10,-1,-4
-92.95,10,-5,-4
-98.02,10,-2,-5
-98.02,10,-2,-7
-101.4,10,0,-6
-98.02,10,-2,-4
-101.4,10,0,-6
-94.64,10,-4,-5
-101.4,10,0,-9
-101.4,10,0,-9
-101.4,10,0,-9
-101.4,10,0,-9
-101.4,10,0,-9
-101.4,10,0,-9
-101.4,10,0,-9
-101.4,10,0,-9
-101.4,10,0,-9
-101.4,10,0,-9
-96.33,10,-3,-6
-98.02,10,-2,-6
-96.33,10,-3,-7
-96.33,10,-3,-6
-98.02,10,-2,-6
-98.02,10,-2,-6
-96.33,10,-3,-6
-96.33,10,-3,-6
-96.33,10,-3,-6
-98.02,10,-2,-6
-92.95,10,-5,-6
-92.95,10,-5,-6
-96.33,10,-3,-6
-94.64,12,-4,-6
-91.26,10,-6,-5
-87.88,10,-8,-5
-89.57,10,-7,-5
-92.95,10,-5,-6
-92.95,10,-5,-6
-91.26,10,-6,-5
-94.64,10,-4,-5
-99.71,10,-1,-4
-99.71,10,-1,-4
-98.02,10,-2,-5
-98.02,10,-2,-6
-98.02,10,-2,-6
-98.02,10,-2,-5
-99.71,10,-1,-4
-98.02,10,-2,-6
-101.4,10,0,-8
-98.02,11,-2,-7
-98.02,10,-2,-6
-98.02,10,-2,-7
-101.4,10,0,-6
-98.02,10,-2,-6
-96.33,10,-3,-6
-98.02,11,-2,-5
-98.02,10,-2,-7
-99.71,10,-1,-7
-98.02,10,-2,-6
-94.64,10,-4,-4
-94.64,10,-4,-4
-98.02,10,-2,-4
-96.33,10,-3,-5
-96.33,10,-3,-5
-98.02,10,-2,-4
-96.33,10,-3,-5
-94.64,10,-4,-4
-94.64,10,-4,-4
-94.64,10,-4,-4
-98.02,10,-2,-5
-98.02,10,-2,-6
-101.4,10,0,-7
-98.02,10,-2,-7
-101.4,10,0,-8
-98.02,10,-2,-4
-101.4,10,0,-7
-101.4,10,0,-7
-98.02,10,-2,-6
-98.02,10,-2,-7
-94.64,10,-4,-8
-89.57,9,-7,-6
-94.64,10,-4,-6
-89.57,9,-7,-6
-91.26,10,-6,-7
-92.95,10,-5,-6
-91.26,10,-6,-7
-96.33,11,-3,-6
-94.64,10,-4,-6
-94.64,10,-4,-5
-98.02,11,-2,-5
-99.71,10,-1,-6
-99.71,10,-1,-6
-101.4,10,0,-7
-99.71,10,-1,-6
-99.71,10,-1,-5
-99.71,10,-1,-5
-99.71,10,-1,-6
-99.71,10,-1,-6
-101.4,10,0,-7
-98.02,11,-2,-6
-94.64,10,-4,-9
-98.02,11,-2,-6
-94.64,10,-4,-6
-98.02,11,-2,-6
-98.02,11,-2,-8
-98.02,10,-2,-5
-98.02,10,-2,-6
-98.02,11,-2,-7
-101.4,10,0,-6
-96.33,10,-3,-4
-101.4,10,0,-7
-98.02,10,-2,-6
-94.64,10,-4,-5
-92.95,10,-5,-5
-96.33,10,-3,-7
-94.64,11,-4,-7
-94.64,10,-4,-5
-96.33,10,-3,-6
-99.71,10,-1,-7
-96.33,10,-3,-4
-96.33,10,-3,-6
-98.02,10,-2,-4
-96.33,10,-3,-6
-98.02,10,-2,-4
-98.02,10,-2,-6
-98.02,10,-2,-7
-98.02,10,-2,-5
-98.02,10,-2,-5
-98.02,10,-2,-5
-98.02,11,-2,-3
-98.02,10,-2,-6
-98.02,11,-2,-4
-98.02,10,-2,-5
-98.02,11,-2,-5
-101.4,10,0,-7
-98.02,10,-2,-6
-98.02,10,-2,-6
-98.02,10,-2,-5
-98.02,11,-2,-3
-94.64,10,-4,-7
-101.4,10,0,-6
-94.64,10,-4,-6
-94.64,10,-4,-6
-98.02,10,-2,-5
-94.64,10,-4,-6
-94.64,10,-4,-6
-94.64,10,-4,-6
-94.64,10,-4,-8
-94.64,10,-4,-7
-92.95,11,-5,-6
-96.33,11,-3,-6
-96.33,12,-3,-8
-96.33,11,-3,-6
-96.33,12,-3,-8
-96.33,11,-3,-6
-96.33,11,-3,-6
-96.33,12,-3,-8
-96.33,11,-3,-6
-96.33,10,-3,-6
-96.33,10,-3,-5
-101.4,10,0,-7
-94.64,10,-4,-6
-101.4,10,0,-7
-98.02,11,-2,-6
-101.4,10,0,-7
-98.02,10,-2,-5
-101.4,10,0,-8
-98.02,11,-2,-6
-98.02,11,-2,-5
-98.02,11,-2,-7
-101.4,11,0,-8
-98.02,11,-2,-7
-98.02,10,-2,-6
-96.33,10,-3,-6
-96.33,10,-3,-6
-98.02,11,-2,-7
-96.33,11,-3,-6
-96.33,11,-3,-6
-101.4,11,0,-8
-101.4,10,0,-9
-101.4,10,0,-8
-98.02,10,-2,-6
-101.4,10,0,-9
-101.4,10,0,-8
-101.4,10,0,-6
-101.4,10,0,-9
-98.02,10,-2,-7
-101.4,10,0,-8
-101.4,10,0,-9
-96.33,11,-3,-7
-96.33,11,-3,-7
-96.33,11,-3,-7
-96.33,11,-3,-7
-98.02,10,-2,-6
-98.02,10,-2,-5
-96.33,11,-3,-7
-92.95,11,-5,-6
-96.33,11,-3,-7
-98.02,10,-2,-4
-101.4,11,0,-6
-101.4,10,0,-9
-101.4,10,0,-9
-101.4,10,0,-9
-101.4,10,0,-8
-101.4,10,0,-9
-101.4,10,0,-9
-101.4,10,0,-9
-101.4,10,0,-9
-101.4,10,0,-7
-91.26,10,-6,-6
-98.02,11,-2,-7
-98.02,11,-2,-7
-98.02,11,-2,-6
-94.01,10,-1,-6
-98.02,11,-2,-6
-98.02,11,-2,-6
-96.33,10,-3,-5
-98.02,11,-2,-7
-98.02,11,-2,-6
-92.95,10,-5,-4
-94.64,10,-4,-5
-98.02,11,-2,-5
-91.26,10,-6,-6
-91.26,10,-6,-6
-92.95,10,-5,-6
-94.64,10,-4,-5
-98.02,11,-2,-5
-98.02,11,-2,-5
-98.02,11,-2,-5
-98.02,10,-2,-6
-98.02,10,-2,-6
-101.4,10,0,-9
-98.02,10,-2,-6
-101.4,10,0,-8
-101.4,10,0,-8
-101.4,10,0,-8
-101.4,10,0,-8
-99.71,11,-1,-6
-98.02,10,-2,-6
-101.4,10,0,-9
-91.26,10,-6,-4
-101.4,10,0,-7
-101.4,10,0,-8
-101.4,10,0,-9
-101.4,10,0,-6
-98.02,10,-2,-7
-101.4,10,0,-9
-101.4,10,0,-9
-98.02,10,-2,-6
-96.33,10,-3,-5
-92.95,10,-5,-6
-94.64,11,-4,-5
-98.02,11,-2,-5
-92.95,10,-5,-6
-96.33,10,-3,-6
-98.02,11,-2,-5
-96.33,10,-3,-6
-98.02,10,-2,-6
-94.64,10,-4,-6
-94.64,12,-4,-7
-94.64,10,-4,-5
-99.71,11,-1,-6
-98.02,11,-2,-7
-96.33,11,-3,-5
-94.64,14,-4,-8
-96.33,11,-3,-5
-92.95,14,-5,-9
-92.95,11,-5,-6
-99.71,12,-1,-8
-96.33,10,-3,-6
-98.02,11,-2,-6
-96.33,11,-3,-7
-98.02,11,-2,-7
-96.33,10,-3,-6
-96.33,10,-3,-6
-98.02,11,-2,-7
-99.71,10,-1,-6
-96.33,10,-3,-6
-98.02,10,-2,-7
-98.02,11,-2,-7
-98.02,10,-2,-5
-98.02,11,-2,-7
-98.02,10,-2,-7
-94.64,11,-4,-7
-98.02,10,-2,-5
-98.02,10,-2,-7
-94.64,11,-4,-7
-98.02,11,-2,-5
-96.33,11,-3,-7
-94.64,13,-4,-9
-94.64,13,-4,-9
-94.64,13,-4,-9
-94.64,13,-4,-9
-94.64,12,-4,-7
-98.02,12,-2,-7
-98.02,12,-2,-6
-92.95,12,-5,-7
-98.02,12,-2,-7
-94.64,13,-4,-9
-94.64,10,-4,-7
-94.64,10,-4,-8
-101.4,10,0,-8
-101.4,10,0,-7
-101.4,10,0,-8
-91.26,9,-6,-6
-94.64,10,-4,-7
-94.64,10,-4,-7
-94.64,10,-4,-7
-94.64,10,-4,-8
-91.26,12,-6,-7
-94.64,12,-4,-9
-94.64,12,-4,-7
-94.64,12,-4,-9
-98.02,12,-2,-8
-94.64,12,-4,-9
-91.26,12,-6,-7
-92.95,12,-5,-7
-91.26,12,-6,-7
-96.33,11,-3,-7
-94.64,12,-4,-5
-94.64,11,-4,-5
-94.64,11,-4,-6
-94.64,11,-4,-6
-94.64,11,-4,-6
-94.64,11,-4,-6
-94.64,11,-4,-7
-98.02,11,-2,-6
-98.02,11,-2,-6
-94.64,11,-4,-6
-98.02,10,-2,-7
-98.02,10,-2,-6
-99.71,11,-1,-6
-99.71,11,-1,-6
-98.02,11,-2,-8
-94.64,10,-4,-6
-99.71,11,-1,-6
-99.71,11,-1,-6
-98.02,11,-2,-7
-99.71,11,-1,-6
-98.02,10,-2,-5
-101.4,10,0,-6
-101.4,10,0,-9
-101.4,10,0,-6
-98.02,10,-2,-6
-98.02,10,-2,-6
-92.95,10,-5,-4
-98.02,10,-2,-6
-101.4,10,0,-9
-101.4,10,0,-9
-98.02,11,-2,-7
-98.02,11,-2,-6
-96.33,10,-3,-6
-98.02,11,-2,-6
-98.02,11,-2,-7
-98.02,10,-2,-8
-96.33,10,-3,-5
-98.02,10,-2,-7
-98.02,10,-2,-7
-96.33,10,-3,-5
-96.33,11,-3,-6
-92.95,10,-5,-5
-92.95,10,-5,-5
-92.95,10,-5,-5
-98.02,11,-2,-6
-98.02,10,-2,-5
-92.95,10,-5,-5
-92.95,10,-5,-5
-92.95,10,-5,-5
-92.95,10,-5,-5
-92.95,10,-5,-7
-94.64,10,-4,-7
-92.95,10,-5,-7
-92.95,10,-5,-7
-94.64,10,-4,-7
-94.64,10,-4,-7
-94.64,11,-4,-6
-92.95,10,-5,-5
-94.64,10,-4,-7
-96.33,10,-3,-6
-98.02,11,-2,-6
-101.4,11,0,-7
-98.02,11,-2,-8
-98.02,11,-2,-6
-101.4,11,0,-7
-98.02,11,-2,-7
-99.71,12,-1,-6
-99.71,11,-1,-6
-99.71,12,-1,-6
-98.02,11,-2,-7
-98.02,10,-2,-7
-98.02,10,-2,-7
-98.02,10,-2,-4
-98.02,10,-2,-4
-101.4,10,0,-6
-101.4,10,0,-9
-98.02,10,-2,-7
-98.02,10,-2,-6
-101.4,10,0,-6
-101.4,10,0,-6
-98.02,10,-2,-7
-96.33,10,-3,-5
-101.4,10,0,-8
-98.02,10,-2,-5
-98.02,10,-2,-7
-98.02,10,-2,-7
-98.02,10,-2,-4
-98.02,10,-2,-7
-98.02,10,-2,-7
-101.4,10,0,-8
-101.4,10,0,-6
-96.33,10,-3,-5
-89.57,10,-7,-6
-94.64,10,-4,-4
-98.02,10,-2,-5
-96.33,10,-3,-5
-96.33,10,-3,-5
-98.02,10,-2,-5
-96.33,10,-3,-5
-91.26,10,-6,-6
-98.02,10,-2,-8
-98.02,10,-2,-7
-98.02,10,-2,-7
-98.02,10,-2,-7
-94.64,10,-4,-7
-98.02,10,-2,-5
-98.02,10,-2,-7
-94.64,10,-4,-7
-98.02,10,-2,-8
-98.02,10,-2,-8
-98.02,10,-2,-5
-98.02,10,-2,-4
-94.64,10,-4,-5
-101.4,10,0,-8
-94.64,10,-4,-5
-98.02,10,-2,-5
-98.02,10,-2,-5
-98.02,10,-2,-5
-94.64,10,-4,-5
-98.02,10,-2,-5
-98.02,11,-2,-7
-98.02,10,-2,-7
-98.02,10,-2,-5
-99.71,11,-1,-7
-99.71,11,-1,-6
-101.4,10,0,-7
-99.71,11,-1,-6
-98.02,10,-2,-7
-98.02,10,-2,-7
-98.02,10,-2,-6
-98.02,11,-2,-7
-99.71,11,-1,-7
-99.71,11,-1,-7
-99.71,11,-1,-7
-99.71,11,-1,-6
-94.64,10,-4,-6
-99.71,11,-1,-7
-99.71,11,-1,-7
-99.71,11,-1,-6
-99.71,11,-1,-7
-101.4,10,0,-5
-101.4,10,0,-5
-101.4,10,0,-7
-101.4,10,0,-5
-94.64,11,-4,-7
-101.4,10,0,-5
-98.02,11,-2,-7
-98.02,11,-2,-6
-101.4,10,0,-7
-101.4,10,0,-7
-92.95,10,-5,-7
-96.33,10,-3,-5
-92.95,10,-5,-7
-94.64,10,-4,-8
-96.33,10,-3,-5
-92.95,10,-5,-7
-94.64,10,-4,-8
-94.64,10,-4,-6
-94.64,11,-4,-5
-98.02,11,-2,-7
-101.4,10,0,-4
-99.71,10,-1,-6
-98.02,10,-2,-7
-98.02,10,-2,-6
-101.4,10,0,-6
-98.02,10,-2,-6
-101.4,10,0,-7
-99.71,10,-1,-5
-101.4,10,0,-8
-101.4,10,0,-4
-98.02,10,-2,-5
-98.02,10,-2,-6
-92.95,10,-5,-5
-98.02,10,-2,-8
-94.64,10,-4,-6
-98.02,10,-2,-6
-98.02,10,-2,-5
-87.88,9,-8,-6
-94.64,10,-4,-6
-98.02,10,-2,-6
-101.4,10,0,-8
-101.4,10,0,-7
-98.02,10,-2,-8
-101.4,10,0,-7
-101.4,10,0,-7
-98.02,10,-2,-6
-101.4,10,0,-8
-101.4,10,0,-7
-101.4,10,0,-8
-101.4,10,0,-8
-101.4,10,0,-9
-101.4,10,0,-9
-98.02,10,-2,-7
-101.4,10,0,-9
-101.4,10,0,-9
-101.4,10,0,-9
-101.4,10,0,-9
-101.4,10,0,-9
-101.4,10,0,-9
-101.4,10,0,-9
-101.4,10,0,-7
-94.64,11,-4,-8
-99.71,10,-1,-6
-98.02,10,-2,-6
-99.71,10,-1,-7
-99.71,10,-1,-7
-96.33,10,-3,-6
-99.71,10,-1,-5
-94.64,10,-4,-6
-99.71,10,-1,-5
-101.4,10,0,-7
-98.02,11,-2,-6
-96.33,11,-3,-5
-98.02,10,-2,-7
-101.4,10,0,-7
-94.64,11,-4,-6
-98.02,11,-2,-7
-98.02,11,-2,-6
-94.64,11,-4,-6
-98.02,11,-2,-6
-96.33,10,-3,-6
-98.02,11,-2,-5
-98.02,11,-2,-6
-96.33,11,-3,-6
-96.33,10,-3,-6
-98.02,11,-2,-6
-98.02,11,-2,-5
-98.02,11,-2,-6
-92.95,12,-5,-6
-92.95,10,-5,-5
-98.02,10,-2,-6
-96.33,10,-3,-6
-96.33,10,-3,-6
-96.33,10,-3,-5
-96.33,10,-3,-7
-96.33,10,-3,-7
-96.33,10,-3,-5
-98.02,10,-2,-6
-98.02,10,-2,-6
-96.33,10,-3,-5
-89.57,10,-7,-7
-92.95,11,-5,-4
-79.43,8,-13,-5
-89.57,10,-7,-7
-82.81,9,-11,-4
-79.43,8,-13,-5
-94.64,11,-4,-6
-89.57,10,-7,-6
-82.81,9,-11,-4
-92.95,11,-5,-6
-92.32,10,-2,-5
-96.33,10,-3,-5
-96.33,10,-3,-5
-98.02,10,-2,-7
-92.32,10,-2,-4
-96.33,10,-3,-5
-98.02,10,-2,-6
-96.33,10,-3,-5
-94.64,10,-4,-6
-98.02,10,-2,-6
-101.4,10,0,-8
-101.4,10,0,-7
-101.4,10,0,-8
-101.4,10,0,-8
-101.4,10,0,-7
-101.4,10,0,-7
-101.4,10,0,-7
-101.4,10,0,-9
-101.4,10,0,-7
-101.4,10,0,-8
-98.02,10,-2,-8
-99.71,10,-1,-5
-98.02,10,-2,-8
-98.02,10,-2,-5
-98.02,11,-2,-8
-98.02,10,-2,-8
-96.33,10,-3,-6
-98.02,11,-2,-8
-99.71,10,-1,-5
-98.02,11,-2,-8
-96.33,10,-3,-6
-91.26,9,-6,-5
-92.95,10,-5,-7
-87.88,10,-8,-5
-92.95,10,-5,-6
-92.95,10,-5,-7
-92.95,11,-5,-9
-91.26,9,-6,-5
-92.95,10,-5,-6
-91.26,9,-6,-5
-91.26,9,-6,-5
-91.26,10,-6,-6
-98.02,11,-2,-6
-92.95,10,-5,-5
-92.95,10,-5,-5
-92.95,10,-5,-5
-91.26,9,-6,-5
-94.64,10,-4,-7
-89.57,10,-7,-4
-92.95,10,-5,-5
-101.4,10,0,-8
-94.64,10,-4,-8
-98.02,10,-2,-8
-94.64,10,-4,-8
-94.64,10,-4,-8
-94.64,10,-4,-8
-91.26,9,-6,-5
-94.64,10,-4,-8
-94.64,10,-4,-8
-94.64,10,-4,-8
-98.02,10,-2,-5
-91.26,10,-6,-4
-91.26,11,-6,-4
-92.95,10,-5,-5
-92.95,10,-5,-4
-94.64,10,-4,-5
-92.95,11,-5,-6
-92.95,10,-5,-5
-94.64,10,-4,-4
-96.33,10,-3,-4
-101.4,10,0,-9
-101.4,10,0,-9
-99.71,11,-1,-6
-98.02,11,-2,-7
-101.4,10,0,-9
-99.71,10,-1,-6
-101.4,10,0,-9
-96.33,10,-3,-5
-96.33,11,-3,-5
-94.64,10,-4,-7
-101.4,10,0,-9
-101.4,10,0,-9
-101.4,10,0,-9
-94.64,12,-4,-9
-101.4,10,0,-9
-101.4,10,0,-9
-101.4,10,0,-9
-101.4,10,0,-9
-101.4,10,0,-9
-101.4,10,0,-9
-98.02,11,-2,-6
-98.02,10,-2,-7
-96.33,10,-3,-7
-96.33,10,-3,-7
-94.64,10,-4,-6
-96.33,10,-3,-6
-91.26,10,-6,-6
-94.64,10,-4,-6
-98.02,10,-2,-7
-96.33,10,-3,-7
-101.4,10,0,-8
-98.02,10,-2,-7
-101.4,10,0,-7
-98.02,10,-2,-6
-101.4,10,0,-8
-101.4,10,0,-7
-94.64,10,-4,-7
-98.02,10,-2,-7
-101.4,10,0,-6
-98.02,10,-2,-7
-91.26,11,-6,-6
-94.64,11,-4,-7
-94.64,10,-4,-7
-92.95,10,-5,-6
-91.26,11,-6,-6
-94.64,11,-4,-7
-94.64,10,-4,-7
-94.64,10,-4,-7
-94.64,11,-4,-7
-94.64,11,-4,-7
-101.4,10,0,-9
-101.4,10,0,-9
-101.4,10,0,-7
-101.4,10,0,-9
-101.4,10,0,-9
-101.4,10,0,-6
-101.4,10,0,-9
-101.4,10,0,-8
-101.4,10,0,-6
-101.4,10,0,-9
-98.02,11,-2,-6
-98.02,11,-2,-6
-98.02,11,-2,-6
-98.02,11,-2,-6
-98.02,11,-2,-6
-98.02,11,-2,-6
-98.02,11,-2,-6
-98.02,11,-2,-6
-98.02,11,-2,-6
-98.02,11,-2,-6
-98.02,10,-2,-6
-98.02,10,-2,-5
-101.4,10,0,-6
-98.02,10,-2,-7
-98.02,10,-2,-6
-96.33,10,-3,-6
-101.4,10,0,-8
-98.02,10,-2,-5
-101.4,10,0,-7
-94.64,10,-4,-7
-98.02,10,-2,-6
-99.71,11,-1,-6
-98.02,10,-2,-7
-99.71,11,-1,-6
-99.71,11,-1,-7
-99.71,11,-1,-6
-98.02,10,-2,-7
-98.02,10,-2,-6
-99.71,11,-1,-7
-101.4,10,0,-7
-98.02,10,-2,-6
-94.64,10,-4,-5
-96.33,10,-3,-4
-98.02,10,-2,-6
-98.02,11,-2,-7
-94.64,10,-4,-5
-92.95,10,-5,-5
-98.02,11,-2,-7
-99.71,11,-1,-3
-98.02,10,-2,-5
-99.71,11,-1,-5
-101.4,10,0,-7
-99.71,11,-1,-5
-99.71,11,-1,-5
-99.71,11,-1,-5
-99.71,11,-1,-5
-99.71,11,-1,-5
-98.02,11,-2,-6
-96.33,11,-3,-4
-99.71,11,-1,-5
-101.4,10,0,-9
-91.26,10,-6,-6
-98.02,10,-2,-6
-94.64,10,-4,-4
-91.26,10,-6,-6
-101.4,10,0,-9
-94.64,10,-4,-4
-101.4,10,0,-9
-101.4,10,0,-9
-101.4,10,0,-9
-94.64,11,-4,-5
-94.64,11,-4,-8
-94.64,11,-4,-5
-92.95,10,-5,-5
-92.95,10,-5,-6
-94.64,11,-4,-8
-96.33,10,-3,-4
-96.33,10,-3,-4
-94.64,11,-4,-8
-94.64,11,-4,-8
-98.02,10,-2,-6
-101.4,10,0,-8
-98.02,10,-2,-6
-98.02,11,-2,-6
-101.4,10,0,-6
-98.02,10,-2,-5
-98.02,10,-2,-6
-101.4,10,0,-7
-101.4,10,0,-8
-101.4,10,0,-6
-98.02,10,-2,-7
-98.02,10,-2,-7
-98.02,10,-2,-6
-98.02,10,-2,-6
-98.02,10,-2,-5
-98.02,10,-2,-7
-98.02,10,-2,-5
-98.02,10,-2,-6
-98.02,10,-2,-7
-98.02,10,-2,-5
-98.02,10,-2,-6
-96.33,10,-3,-6
-98.02,10,-2,-8
-96.33,10,-3,-6
-96.33,10,-3,-6
-101.4,10,0,-8
-98.02,10,-2,-7
-96.33,10,-3,-6
-98.02,10,-2,-5
-96.33,10,-3,-6
-101.4,10,0,-8
-101.4,10,0,-8
-101.4,10,0,-9
-96.33,10,-3,-5
-101.4,10,0,-8
-98.02,10,-2,-7
-101.4,10,0,-8
-96.33,10,-3,-5
-101.4,10,0,-8
-96.33,10,-3,-5
-101.4,10,0,-9
-101.4,10,0,-9
-94.64,10,-4,-5
-101.4,10,0,-9
-101.4,10,0,-9
-101.4,10,0,-9
-101.4,10,0,-9
-101.4,10,0,-9
-94.64,11,-4,-6
-81.12,8,-12,-6
-94.64,10,-4,-5
-94.64,10,-4,-5
-92.95,10,-5,-5
-98.02,10,-2,-5
-94.64,10,-4,-5
-94.64,10,-4,-5
-94.64,10,-4,-5
-94.64,10,-4,-5
-94.64,10,-4,-5
-98.02,10,-2,-5
-101.4,10,0,-8
-101.4,10,0,-9
-101.4,10,0,-8
-101.4,10,0,-8
-101.4,10,0,-9
-98.02,11,-2,-5
-101.4,10,0,-8
-98.02,11,-2,-8
-101.4,10,0,-9
-101.4,10,0,-8
-94.64,10,-4,-7
-91.26,10,-6,-4
-89.57,10,-7,-5
-91.26,9,-6,-6
-91.26,10,-6,-4
-84.5,9,-10,-4
-94.64,10,-4,-7
-87.88,9,-8,-5
-87.88,9,-8,-5
-94.64,10,-4,-4
-98.02,11,-2,-7
-98.02,11,-2,-7
-98.02,10,-2,-6
-98.02,11,-2,-5
-98.02,11,-2,-7
-98.02,11,-2,-7
-98.02,11,-2,-7
-98.02,11,-2,-7
-98.02,10,-2,-6
-98.02,11,-2,-7
-101.4,10,0,-6
-94.64,10,-4,-5
-101.4,10,0,-8
-92.32,10,-2,-7
-101.4,10,0,-7
-94.64,10,-4,-5
-94.64,10,-4,-5
-101.4,10,0,-7
-101.4,10,0,-8
-101.4,10,0,-8
-101.4,10,0,-7
-98.02,10,-2,-5
-94.64,10,-4,-7
-94.64,10,-4,-7
-101.4,10,0,-7
-94.64,10,-4,-7
-94.64,10,-4,-7
-94.64,10,-4,-7
-101.4,10,0,-7
-94.64,10,-4,-7
-98.02,10,-2,-8
-101.4,10,0,-8
-98.02,10,-2,-8
-101.4,10,0,-8
-101.4,10,0,-8
-98.02,10,-2,-4
-101.4,10,0,-8
-98.02,10,-2,-8
-98.02,10,-2,-8
-98.02,10,-2,-8
-101.4,10,0,-7
-98.02,10,-2,-5
-101.4,10,0,-7
-101.4,10,0,-6
-101.4,10,0,-7
-101.4,10,0,-7
-98.02,10,-2,-8
-101.4,10,0,-8
-101.4,10,0,-7
-98.02,10,-2,-6
-98.02,10,-2,-6
-98.02,11,-2,-7
-98.02,11,-2,-7
-98.02,10,-2,-7
-96.33,10,-3,-7
-98.02,10,-2,-6
-96.33,10,-3,-7
-98.02,10,-2,-6
-99.71,10,-1,-5
-98.02,10,-2,-6
-94.64,10,-4,-7
-94.64,11,-4,-7
-96.33,10,-3,-7
-96.33,10,-3,-6
-96.33,10,-3,-6
-96.33,10,-3,-7
-96.33,10,-3,-6
-94.64,10,-4,-7
-96.33,10,-3,-7
-96.33,10,-3,-6
-98.02,10,-2,-5
-99.71,10,-1,-5
-98.02,10,-2,-7
-101.4,10,0,-7
-98.02,10,-2,-4
-94.64,10,-4,-4
-98.02,10,-2,-6
-101.4,10,0,-5
-94.64,10,-4,-7
-94.64,10,-4,-4
-96.33,10,-3,-5
-96.33,10,-3,-5
-96.33,10,-3,-5
-96.33,10,-3,-5
-98.02,10,-2,-6
-96.33,10,-3,-5
-96.33,10,-3,-5
-96.33,10,-3,-5
-94.64,10,-4,-5
-96.33,10,-3,-5
-96.33,11,-3,-6
-98.02,11,-2,-7
-101.4,11,0,-9
-101.4,11,0,-9
-96.33,11,-3,-6
-99.71,11,-1,-5
-98.02,11,-2,-7
-98.02,11,-2,-6
-101.4,11,0,-9
-101.4,11,0,-9
-98.02,10,-2,-6
-98.02,10,-2,-6
-98.02,10,-2,-6
-98.02,10,-2,-6
-98.02,10,-2,-6
-98.02,10,-2,-6
-94.64,10,-4,-5
-98.02,10,-2,-6
-91.26,9,-6,-6
-91.26,9,-6,-6
-98.02,10,-2,-6
-98.02,11,-2,-7
-98.02,10,-2,-6
-98.02,11,-2,-8
-98.02,11,-2,-6
-98.02,10,-2,-5
-98.02,10,-2,-6
-98.02,11,-2,-5
-98.02,11,-2,-7
-101.4,11,0,-6
