-31.02,9,-16,-6
-28.905,7,-19,-4
-30.315,8,-17,-5
-28.2,8,-20,-5
-31.02,9,-16,-6
-30.315,8,-17,-5
-27.495,8,-21,-5
-31.02,9,-16,-6
-26.79,7,-22,-4
-31.02,8,-16,-5
-31.02,9,-16,-6
-32.43,10,-14,-7
-33.135,9,-13,-6
-30.315,9,-17,-6
-29.61,8,-18,-5
-32.43,10,-14,-7
-33.84,11,-12,-8
-31.725,9,-15,-6
-32.43,10,-14,-7
-29.61,8,-18,-5
-29.61,7,-18,-4
-29.61,7,-18,-4
-29.61,7,-18,-4
-29.61,7,-18,-4
-31.02,8,-16,-5
-29.61,7,-18,-4
-31.02,8,-16,-5
-29.61,7,-18,-4
-29.61,7,-18,-4
-29.61,7,-18,-4
-31.02,10,-16,-8
-32.43,10,-14,-7
-30.315,9,-17,-6
-33.135,11,-13,-8
-31.02,10,-16,-7
-33.135,11,-13,-8
-33.135,11,-13,-8
-33.84,12,-12,-9
-32.43,10,-14,-7
-33.135,11,-13,-8
-28.2,7,-20,-5
-26.79,7,-22,-5
-26.79,7,-22,-5
-26.79,7,-22,-5
-28.2,7,-20,-5
-26.79,7,-22,-5
-25.38,6,-24,-4
-26.79,7,-22,-5
-26.085,7,-23,-4
-26.79,7,-22,-5
-28.2,7,-20,-5
-26.79,7,-22,-5
-26.79,7,-22,-5
-29.61,8,-18,-6
-26.79,7,-22,-5
-26.79,7,-22,-4
-28.2,7,-20,-5
-28.2,7,-20,-5
-25.38,6,-24,-5
-26.79,7,-22,-5
-29.61,8,-18,-5
-29.61,8,-18,-5
-29.61,8,-18,-5
-29.61,8,-18,-5
-29.61,8,-18,-5
-29.61,8,-18,-5
-29.61,8,-18,-5
-29.61,8,-18,-5
-28.2,7,-20,-5
-28.2,7,-20,-5
-32.43,9,-14,-6
-34.545,10,-11,-7
-34.545,10,-11,-7
-33.135,8,-13,-5
-33.84,9,-12,-6
-34.545,9,-11,-6
-34.545,10,-11,-7
-34.545,9,-11,-6
-34.545,10,-11,-7
-33.84,9,-12,-6
-33.84,10,-12,-8
-29.61,9,-18,-6
-31.725,8,-15,-5
-35.25,9,-10,-6
-31.725,8,-15,-5
-33.84,10,-12,-7
-33.135,9,-13,-6
-33.84,10,-12,-8
-33.84,9,-12,-6
-32.43,9,-14,-6
-28.2,7,-20,-4
-29.61,7,-18,-4
-28.2,7,-20,-4
-29.61,7,-18,-4
-29.61,7,-18,-4
-29.61,7,-18,-4
-29.61,7,-18,-4
-29.61,7,-18,-4
-29.61,7,-18,-4
-29.61,7,-18,-4
-30.315,9,-17,-6
-30.315,9,-17,-6
-30.315,9,-17,-6
-28.2,9,-20,-6
-30.315,9,-17,-6
-30.315,9,-17,-6
-30.315,9,-17,-6
-32.43,10,-14,-7
-30.315,9,-17,-6
-30.315,9,-17,-6
-28.2,7,-20,-4
-28.2,7,-20,-4
-28.2,7,-20,-4
-28.2,7,-20,-4
-28.2,7,-20,-4
-28.2,7,-20,-4
-28.2,7,-20,-4
-29.61,8,-18,-5
-29.61,8,-18,-5
-28.2,7,-20,-4
-33.84,9,-12,-6
-33.84,9,-12,-6
-32.43,9,-14,-6
-33.84,9,-12,-6
-32.43,9,-14,-6
-33.84,9,-12,-6
-33.84,9,-12,-6
-33.84,9,-12,-6
-33.84,9,-12,-6
-33.84,9,-12,-6
-30.315,8,-17,-5
-29.61,7,-18,-5
-31.02,8,-16,-6
-31.02,8,-16,-6
-31.02,8,-16,-6
-30.315,8,-17,-5
-31.725,8,-15,-5
-30.315,8,-17,-5
-31.725,8,-15,-5
-29.61,7,-18,-5
-26.79,7,-22,-5
-30.315,8,-17,-5
-27.495,8,-21,-5
-28.2,8,-20,-6
-26.79,7,-22,-5
-27.495,8,-21,-5
-27.495,8,-21,-5
-28.2,8,-20,-6
-28.2,7,-20,-5
-28.905,9,-19,-6
-25.38,7,-24,-5
-25.38,7,-24,-5
-28.2,9,-20,-7
-25.38,7,-24,-5
-25.38,7,-24,-5
-28.2,9,-20,-7
-25.38,7,-24,-5
-25.38,7,-24,-5
-25.38,7,-24,-5
-28.2,9,-20,-7
-29.61,7,-18,-4
-28.2,7,-20,-5
-29.61,7,-18,-4
-29.61,7,-18,-5
-29.61,7,-18,-5
-29.61,7,-18,-5
-29.61,7,-18,-5
-29.61,7,-18,-5
-29.61,7,-18,-5
-29.61,7,-18,-5
-28.905,8,-19,-5
-28.905,8,-19,-5
-28.2,8,-20,-6
-28.905,8,-19,-5
-28.905,8,-19,-5
-28.905,8,-19,-5
-28.905,8,-19,-5
-28.905,8,-19,-5
-28.905,8,-19,-5
-28.905,8,-19,-5
-31.725,10,-15,-7
-31.725,10,-15,-7
-31.725,10,-15,-7
-31.725,10,-15,-7
-31.725,10,-15,-7
-31.02,9,-16,-6
-31.725,10,-15,-7
-30.315,8,-17,-5
-31.725,10,-15,-7
-30.315,8,-17,-5
-23.265,7,-27,-4
-25.38,7,-24,-4
-25.38,7,-24,-4
-22.56,6,-28,-3
-25.38,7,-24,-4
-24.675,7,-25,-4
-24.675,7,-25,-4
-21.855,6,-29,-3
-22.56,7,-28,-4
-23.97,7,-26,-4
-38.07,11,-6,-8
-34.545,10,-11,-7
-31.725,8,-15,-5
-37.365,10,-7,-7
-34.545,10,-11,-7
-34.545,10,-11,-7
-33.84,9,-12,-6
-37.365,10,-7,-7
-34.545,10,-11,-7
-34.545,10,-11,-7
-32.43,10,-14,-8
-32.43,10,-14,-8
-33.135,11,-13,-9
-31.725,9,-15,-6
-32.43,10,-14,-8
-32.43,10,-14,-8
-33.84,10,-12,-8
-32.43,10,-14,-8
-31.725,11,-15,-9
-32.43,10,-14,-8
-31.725,10,-15,-7
-33.84,11,-12,-8
-33.84,11,-12,-8
-33.135,10,-13,-7
-31.02,9,-16,-6
-34.545,11,-11,-8
-31.725,10,-15,-7
-31.725,10,-15,-7
-31.02,9,-16,-6
-33.84,11,-12,-8
-30.315,11,-17,-8
-31.725,12,-15,-9
-31.02,11,-16,-8
-31.02,11,-16,-8
-31.725,11,-15,-8
-31.725,11,-15,-8
-32.43,12,-14,-9
-31.725,12,-15,-9
-31.725,12,-15,-9
-31.02,12,-16,-9
-23.97,6,-26,-3
-25.38,7,-24,-6
-23.97,7,-26,-5
-28.2,7,-20,-5
-23.97,6,-26,-4
-25.38,6,-24,-5
-23.97,7,-26,-5
-25.38,6,-24,-5
-25.38,7,-24,-4
-23.97,6,-26,-5
-31.02,10,-16,-8
-31.02,9,-16,-6
-35.25,12,-10,-9
-32.43,10,-14,-7
-32.43,10,-14,-7
-31.02,10,-16,-7
-31.02,9,-16,-6
-32.43,10,-14,-7
-31.02,9,-16,-6
-32.43,10,-14,-7
-28.2,7,-20,-4
-28.2,7,-20,-4
-29.61,8,-18,-5
-28.2,7,-20,-4
-28.2,7,-20,-4
-28.2,7,-20,-5
-28.2,7,-20,-5
-28.2,7,-20,-4
-29.61,7,-18,-5
-28.2,7,-20,-6
-33.84,10,-12,-8
-29.61,9,-18,-6
-29.61,9,-18,-6
-33.84,10,-12,-7
-29.61,9,-18,-6
-29.61,9,-18,-6
-28.905,8,-19,-5
-33.84,10,-12,-8
-29.61,9,-18,-6
-29.61,9,-18,-6
-28.905,7,-19,-4
-28.905,8,-19,-5
-28.905,8,-19,-5
-27.495,7,-21,-4
-27.495,7,-21,-4
-28.905,7,-19,-4
-27.495,7,-21,-4
-27.495,7,-21,-4
-31.02,8,-16,-5
-31.02,8,-16,-5
-28.905,8,-19,-6
-28.905,9,-19,-7
-27.495,7,-21,-5
-28.2,8,-20,-6
-28.905,9,-19,-7
-27.495,7,-21,-5
-27.495,7,-21,-5
-28.905,8,-19,-6
-28.905,8,-19,-6
-28.2,8,-20,-6
-28.2,7,-20,-4
-29.61,7,-18,-4
-29.61,7,-18,-4
-29.61,7,-18,-4
-28.2,7,-20,-4
-29.61,7,-18,-4
-28.2,7,-20,-5
-28.2,7,-20,-4
-28.2,8,-20,-5
-29.61,7,-18,-4
-25.38,7,-24,-5
-26.79,7,-22,-4
-26.79,7,-22,-5
-26.79,7,-22,-4
-23.97,7,-26,-4
-25.38,6,-24,-4
-26.79,7,-22,-4
-26.79,7,-22,-4
-25.38,6,-24,-3
-26.79,7,-22,-5
-33.84,9,-12,-7
-31.02,9,-16,-7
-35.25,10,-10,-8
-31.02,9,-16,-7
-31.02,9,-16,-7
-35.25,10,-10,-8
-35.25,10,-10,-8
-32.43,10,-14,-8
-31.02,9,-16,-7
-35.25,10,-10,-8
-29.61,7,-18,-5
-28.2,7,-20,-5
-28.2,7,-20,-5
-28.2,7,-20,-5
-29.61,7,-18,-5
-29.61,7,-18,-5
-28.2,7,-20,-5
-29.61,7,-18,-5
-29.61,7,-18,-5
-26.79,7,-22,-4
-26.085,7,-23,-4
-26.085,7,-23,-4
-26.085,7,-23,-4
-26.085,7,-23,-4
-24.675,6,-25,-3
-26.085,7,-23,-4
-24.675,7,-25,-4
-26.085,7,-23,-4
-26.085,7,-23,-4
-26.085,7,-23,-4
-33.84,8,-12,-6
-33.84,8,-12,-6
-33.84,8,-12,-6
-33.84,8,-12,-6
-33.84,8,-12,-6
-33.84,8,-12,-6
-33.84,8,-12,-6
-33.84,8,-12,-6
-33.84,8,-12,-6
-33.84,8,-12,-6
-28.905,9,-19,-6
-31.02,11,-16,-9
-29.61,10,-18,-7
-28.905,10,-19,-7
-28.905,9,-19,-6
-26.79,9,-22,-6
-31.02,11,-16,-9
-26.79,9,-22,-6
-30.315,10,-17,-8
-31.02,11,-16,-9
-29.61,7,-18,-4
-28.2,7,-20,-5
-28.2,7,-20,-4
-29.61,7,-18,-4
-31.02,8,-16,-5
-29.61,7,-18,-4
-28.2,7,-20,-5
-29.61,7,-18,-4
-28.2,7,-20,-5
-31.02,8,-16,-5
-30.315,10,-17,-7
-28.905,8,-19,-5
-30.315,10,-17,-7
-30.315,9,-17,-6
-29.61,9,-18,-6
-30.315,10,-17,-7
-30.315,10,-17,-7
-31.02,10,-16,-7
-30.315,10,-17,-7
-31.02,10,-16,-7
-29.61,10,-18,-7
-29.61,10,-18,-7
-31.725,11,-15,-8
-31.02,10,-16,-7
-32.43,10,-14,-7
-31.02,10,-16,-7
-28.905,9,-19,-6
-31.02,10,-16,-7
-28.905,9,-19,-6
-31.725,11,-15,-8
-29.61,7,-18,-4
-29.61,7,-18,-5
-32.43,8,-14,-5
-31.02,8,-16,-5
-29.61,8,-18,-5
-31.02,8,-16,-5
-31.02,8,-16,-5
-29.61,7,-18,-5
-31.02,8,-16,-5
-29.61,7,-18,-4
-32.43,8,-14,-5
-33.84,8,-12,-5
-33.84,8,-12,-5
-33.84,8,-12,-5
-33.84,8,-12,-5
-33.84,8,-12,-5
-33.84,8,-12,-5
-32.43,9,-14,-6
-32.43,8,-14,-5
-32.43,8,-14,-5
-34.545,9,-11,-6
-34.545,9,-11,-6
-34.545,9,-11,-6
-33.84,8,-12,-6
-33.84,8,-12,-6
-33.84,8,-12,-6
-34.545,9,-11,-6
-34.545,9,-11,-6
-33.84,8,-12,-6
-34.545,9,-11,-6
-34.545,9,-11,-6
-31.725,11,-15,-8
-32.43,10,-14,-7
-28.2,9,-20,-6
-34.545,9,-11,-6
-34.545,9,-11,-6
-31.725,9,-15,-6
-31.725,11,-15,-8
-35.25,10,-10,-7
-34.545,9,-11,-6
-36.66,11,-8,-8
-36.66,11,-8,-8
-32.43,9,-14,-6
-36.66,11,-8,-8
-36.66,11,-8,-8
-36.66,11,-8,-8
-38.07,11,-6,-8
-38.07,11,-6,-8
-36.66,11,-8,-8
-36.66,11,-8,-8
-38.775,10,-5,-7
-38.775,10,-5,-7
-39.48,11,-4,-9
-38.07,10,-6,-7
-38.775,11,-5,-8
-39.48,11,-4,-8
-38.07,11,-6,-8
-37.365,10,-7,-7
-38.775,11,-5,-8
-39.48,11,-4,-8
-33.84,8,-12,-6
-33.84,8,-12,-6
-33.84,8,-12,-6
-33.84,8,-12,-6
-33.84,8,-12,-6
-33.84,9,-12,-7
-33.84,9,-12,-7
-33.84,8,-12,-6
-33.84,8,-12,-6
-32.43,8,-14,-6
-31.02,8,-16,-6
-31.02,8,-16,-6
-31.02,8,-16,-6
-31.02,8,-16,-6
-31.02,8,-16,-6
-31.02,8,-16,-6
-32.43,8,-14,-6
-32.43,8,-14,-6
-32.43,8,-14,-6
-31.02,8,-16,-6
-36.66,9,-8,-7
-35.25,9,-10,-7
-35.955,9,-9,-6
-35.955,9,-9,-6
-35.955,9,-9,-6
-35.25,9,-10,-7
-36.66,9,-8,-7
-36.66,9,-8,-7
-35.955,9,-9,-6
-35.955,9,-9,-6
-29.61,8,-18,-5
-28.2,8,-20,-6
-29.61,8,-18,-5
-28.2,8,-20,-6
-28.2,8,-20,-6
-28.905,8,-19,-5
-32.43,9,-14,-6
-26.79,7,-22,-5
-28.2,8,-20,-6
-28.2,8,-20,-6
-29.61,8,-18,-5
-29.61,9,-18,-6
-29.61,8,-18,-5
-31.02,9,-16,-6
-30.315,9,-17,-6
-30.315,9,-17,-6
-30.315,9,-17,-6
-26.085,8,-23,-5
-30.315,9,-17,-6
-30.315,9,-17,-6
-22.56,6,-28,-4
-23.97,6,-26,-4
-23.265,6,-27,-3
-22.56,6,-28,-4
-23.97,6,-26,-4
-22.56,6,-28,-4
-25.38,7,-24,-5
-22.56,6,-28,-4
-22.56,6,-28,-4
-22.56,6,-28,-4
-33.84,8,-12,-6
-35.25,9,-10,-6
-33.84,9,-12,-7
-33.84,8,-12,-6
-33.84,8,-12,-6
-33.84,8,-12,-6
-33.84,8,-12,-6
-33.84,8,-12,-6
-33.84,9,-12,-7
-33.84,8,-12,-6
-29.61,9,-18,-6
-28.2,9,-20,-6
-28.2,8,-20,-5
-28.2,8,-20,-5
-28.905,9,-19,-6
-26.79,8,-22,-6
-29.61,8,-18,-5
-27.495,8,-21,-5
-30.315,9,-17,-6
-26.79,8,-22,-5
-32.43,9,-14,-7
-31.725,9,-15,-6
-32.43,9,-14,-7
-31.725,9,-15,-6
-31.02,8,-16,-6
-31.725,9,-15,-6
-31.725,9,-15,-6
-31.725,9,-15,-6
-31.725,9,-15,-6
-31.725,9,-15,-6
-37.365,12,-7,-9
-35.955,12,-9,-9
-35.25,11,-10,-8
-35.955,12,-9,-9
-35.25,11,-10,-8
-33.84,10,-12,-8
-35.25,11,-10,-8
-35.955,12,-9,-9
-35.25,12,-10,-10
-34.545,11,-11,-9
-33.84,10,-12,-7
-33.135,9,-13,-6
-33.84,10,-12,-7
-33.84,10,-12,-7
-33.84,10,-12,-7
-32.43,10,-14,-7
-31.02,9,-16,-6
-31.02,9,-16,-7
-31.725,9,-15,-7
-32.43,10,-14,-7
-31.02,9,-16,-6
-29.61,8,-18,-6
-30.315,8,-17,-5
-30.315,8,-17,-5
-29.61,8,-18,-6
-30.315,8,-17,-6
-31.02,9,-16,-6
-31.02,9,-16,-6
-31.02,9,-16,-6
-30.315,8,-17,-5
-29.61,8,-18,-5
-31.02,8,-16,-5
-29.61,8,-18,-5
-31.02,8,-16,-5
-32.43,8,-14,-5
-29.61,8,-18,-5
-31.02,8,-16,-5
-28.2,7,-20,-5
-31.02,8,-16,-5
-31.02,8,-16,-5
-25.38,6,-24,-5
-25.38,6,-24,-5
-28.2,7,-20,-6
-25.38,6,-24,-4
-25.38,7,-24,-5
-26.79,7,-22,-5
-24.675,7,-25,-4
-25.38,6,-24,-5
-26.79,7,-22,-5
-28.2,7,-20,-6
-33.135,10,-13,-7
-30.315,9,-17,-6
-33.84,10,-12,-7
-36.66,11,-8,-8
-36.66,11,-8,-8
-31.02,9,-16,-6
-32.43,9,-14,-6
-32.43,9,-14,-6
-36.66,11,-8,-8
-32.43,10,-14,-7
-36.66,9,-8,-7
-35.25,9,-10,-7
-35.25,9,-10,-7
-35.25,9,-10,-7
-35.25,9,-10,-7
-35.25,9,-10,-7
-35.25,9,-10,-7
-35.25,9,-10,-7
-35.25,9,-10,-7
-36.66,9,-8,-7
-29.61,8,-18,-5
-29.61,8,-18,-5
-31.02,9,-16,-6
-29.61,8,-18,-5
-31.02,9,-16,-6
-32.43,9,-14,-6
-31.02,9,-16,-6
-31.02,9,-16,-6
-29.61,8,-18,-5
-31.02,9,-16,-6
-26.79,7,-22,-6
-25.38,6,-24,-4
-25.38,6,-24,-4
-25.38,6,-24,-4
-28.2,7,-20,-6
-26.79,7,-22,-5
-25.38,6,-24,-4
-28.2,7,-20,-6
-25.38,6,-24,-3
-25.38,6,-24,-4
-26.79,7,-22,-4
-26.79,7,-22,-4
-25.38,6,-24,-3
-26.79,7,-22,-4
-26.79,7,-22,-4
-26.79,7,-22,-5
-25.38,6,-24,-3
-26.79,7,-22,-4
-26.79,7,-22,-4
-29.61,7,-18,-5
-28.2,8,-20,-7
-28.2,8,-20,-7
-28.2,8,-20,-7
-28.2,8,-20,-7
-28.2,8,-20,-7
-28.2,8,-20,-7
-28.2,8,-20,-7
-28.2,8,-20,-6
-28.2,8,-20,-7
-28.2,8,-20,-7
-28.2,8,-20,-7
-28.2,8,-20,-7
-25.38,6,-24,-5
-25.38,6,-24,-5
-28.2,8,-20,-7
-28.2,8,-20,-7
-28.2,8,-20,-7
-28.2,8,-20,-7
-25.38,6,-24,-5
-28.2,8,-20,-7
-26.79,8,-22,-6
-26.79,8,-22,-6
-29.61,8,-18,-5
-26.79,8,-22,-6
-29.61,8,-18,-5
-26.79,8,-22,-6
-28.2,8,-20,-5
-31.02,9,-16,-6
-31.02,10,-16,-8
-29.61,8,-18,-5
-28.2,7,-20,-4
-28.2,7,-20,-4
-28.2,7,-20,-4
-28.2,7,-20,-4
-28.2,7,-20,-4
-28.2,7,-20,-4
-28.2,7,-20,-4
-28.2,7,-20,-4
-28.2,7,-20,-4
-28.2,7,-20,-4
-35.25,12,-10,-9
-32.43,11,-14,-8
-31.725,11,-15,-8
-35.25,12,-10,-9
-32.43,11,-14,-8
-33.135,12,-13,-9
-31.02,11,-16,-8
-32.43,11,-14,-8
-33.135,11,-13,-8
-32.43,11,-14,-8
-26.79,7,-22,-5
-26.79,7,-22,-5
-26.79,7,-22,-5
-26.79,7,-22,-5
-29.61,8,-18,-6
-28.2,7,-20,-5
-26.79,7,-22,-5
-26.79,7,-22,-5
-26.79,7,-22,-5
-26.79,7,-22,-5
-29.61,7,-18,-5
-29.61,8,-18,-5
-29.61,8,-18,-5
-31.02,8,-16,-6
-31.02,8,-16,-6
-28.2,7,-20,-5
-31.02,8,-16,-5
-29.61,7,-18,-5
-29.61,8,-18,-5
-29.61,7,-18,-4
-33.84,11,-12,-8
-33.135,11,-13,-8
-32.43,10,-14,-7
-33.135,11,-13,-8
-31.02,10,-16,-7
-35.955,11,-9,-8
-33.135,11,-13,-8
-34.545,11,-11,-8
-37.365,12,-7,-9
-35.25,11,-10,-8
-28.2,7,-20,-4
-28.2,7,-20,-4
-25.38,6,-24,-3
-25.38,6,-24,-3
-28.2,8,-20,-5
-26.79,7,-22,-4
-25.38,6,-24,-3
-26.79,7,-22,-4
-28.2,7,-20,-4
-28.2,7,-20,-4
-33.135,9,-13,-6
-27.495,8,-21,-5
-28.905,9,-19,-6
-31.02,9,-16,-6
-26.79,8,-22,-5
-29.61,8,-18,-5
-29.61,8,-18,-5
-31.02,9,-16,-6
-33.135,9,-13,-6
-28.905,9,-19,-6
-29.61,8,-18,-5
-28.2,7,-20,-5
-28.905,7,-19,-4
-28.905,7,-19,-4
-28.905,7,-19,-4
-29.61,8,-18,-5
-29.61,8,-18,-6
-28.905,7,-19,-4
-29.61,8,-18,-5
-28.2,7,-20,-5
-28.2,8,-20,-6
-26.79,7,-22,-5
-28.2,8,-20,-6
-28.2,8,-20,-6
-28.2,8,-20,-6
-28.2,8,-20,-6
-28.2,8,-20,-6
-28.2,8,-20,-6
-28.2,8,-20,-6
-26.79,7,-22,-6
-29.61,8,-18,-5
-29.61,8,-18,-5
-28.2,8,-20,-5
-26.79,8,-20,-5
-29.61,8,-18,-5
-28.2,7,-20,-4
-29.61,8,-18,-5
-26.79,8,-22,-5
-29.61,8,-18,-5
-28.2,8,-20,-5
-29.61,7,-18,-5
-29.61,8,-18,-5
-29.61,8,-18,-5
-31.02,8,-16,-6
-31.02,8,-16,-6
-31.02,8,-16,-6
-29.61,7,-18,-4
-29.61,8,-18,-5
-29.61,8,-18,-5
-29.61,7,-18,-4
-27.495,7,-21,-4
-29.61,8,-18,-5
-26.79,7,-22,-5
-28.905,8,-19,-5
-28.905,7,-19,-5
-28.905,8,-19,-5
-28.2,7,-20,-6
-28.2,7,-20,-6
-29.61,8,-18,-6
-29.61,9,-18,-7
-33.135,12,-13,-9
-32.43,11,-14,-8
-34.545,12,-11,-9
-32.43,11,-14,-8
-33.135,12,-13,-9
-33.135,12,-13,-9
-31.725,10,-15,-7
-33.84,11,-12,-8
-34.545,12,-11,-9
-33.135,12,-13,-9
-31.02,9,-16,-6
-30.315,8,-17,-5
-30.315,9,-17,-6
-31.02,9,-16,-6
-28.2,7,-20,-5
-31.02,9,-16,-6
-28.905,8,-19,-5
-28.905,8,-19,-5
-28.905,8,-19,-5
-30.315,8,-17,-5
-29.61,10,-18,-7
-29.61,9,-18,-7
-32.43,10,-14,-7
-31.02,9,-16,-6
-29.61,9,-18,-7
-29.61,9,-18,-6
-29.61,9,-18,-7
-29.61,9,-18,-7
-32.43,9,-14,-6
-29.61,9,-18,-7
-34.545,11,-11,-8
-33.135,10,-13,-7
-34.545,11,-11,-8
-31.725,10,-15,-7
-33.84,11,-12,-9
-30.315,9,-17,-6
-31.725,11,-15,-8
-34.545,11,-11,-8
-30.315,9,-17,-6
-31.725,9,-15,-6
-22.56,6,-28,-4
-23.97,6,-26,-4
-23.97,7,-26,-4
-23.97,7,-26,-4
-21.15,5,-30,-3
-22.56,6,-28,-4
-22.56,6,-28,-4
-23.97,7,-26,-4
-23.97,7,-26,-4
-23.97,6,-26,-3
-35.955,12,-9,-9
-33.135,11,-13,-8
-31.725,11,-15,-8
-35.955,12,-9,-9
-32.43,12,-14,-9
-31.725,11,-15,-8
-31.725,11,-15,-8
-32.43,12,-14,-9
-31.725,11,-15,-8
-34.545,11,-11,-8
-29.61,8,-18,-6
-30.315,8,-17,-5
-29.61,8,-18,-5
-29.61,8,-18,-5
-28.905,8,-19,-5
-29.61,8,-18,-5
-29.61,8,-18,-5
-30.315,9,-17,-6
-29.61,8,-18,-5
-28.905,8,-19,-5
-26.085,8,-23,-5
-25.38,7,-24,-5
-26.085,8,-23,-5
-26.085,8,-23,-5
-26.085,8,-23,-5
-27.495,9,-21,-6
-26.085,8,-23,-5
-26.79,8,-22,-5
-26.085,8,-23,-5
-27.495,9,-21,-6
-34.545,9,-11,-6
-34.545,9,-11,-6
-34.545,9,-11,-6
-33.135,9,-13,-6
-34.545,9,-11,-6
-34.545,9,-11,-6
-33.84,9,-12,-6
-33.84,9,-12,-6
-34.545,9,-11,-6
-32.43,8,-14,-5
-28.2,7,-20,-5
-28.905,9,-19,-7
-28.905,8,-19,-6
-28.905,9,-19,-7
-28.2,8,-20,-6
-28.905,8,-19,-6
-28.2,7,-20,-5
-28.905,8,-19,-6
-27.495,7,-21,-5
-28.2,8,-20,-6
-34.545,9,-11,-7
-34.545,9,-11,-7
-34.545,9,-11,-7
-34.545,9,-11,-7
-34.545,9,-11,-7
-34.545,9,-11,-7
-33.135,9,-13,-7
-34.545,9,-11,-7
-35.25,10,-10,-8
-35.25,10,-10,-8
-26.085,7,-23,-4
-27.495,8,-21,-5
-26.085,7,-23,-4
-26.085,7,-23,-4
-26.085,7,-23,-4
-26.085,7,-23,-4
-27.495,8,-21,-5
-26.79,7,-22,-5
-26.085,7,-23,-4
-26.085,7,-23,-4
-30.315,9,-17,-7
-31.02,9,-16,-6
-30.315,9,-17,-7
-30.315,9,-17,-7
-30.315,9,-17,-7
-30.315,8,-17,-5
-30.315,9,-17,-7
-30.315,8,-17,-5
-29.61,9,-18,-7
-28.2,8,-20,-5
-31.02,9,-16,-7
-31.02,9,-16,-7
-32.43,10,-14,-8
-32.43,10,-14,-8
-31.02,9,-16,-7
-31.02,9,-16,-7
-32.43,10,-14,-8
-31.02,9,-16,-7
-29.61,8,-18,-6
-32.43,10,-14,-8
-35.25,9,-10,-6
-33.84,8,-12,-6
-33.84,8,-12,-6
-33.84,8,-12,-6
-33.84,8,-12,-5
-35.25,9,-10,-6
-35.25,9,-10,-6
-33.84,8,-12,-6
-35.25,9,-10,-7
-33.84,8,-12,-6
-31.02,8,-16,-6
-31.02,8,-16,-6
-31.02,8,-16,-6
-29.61,7,-18,-5
-31.02,8,-16,-6
-29.61,7,-18,-5
-29.61,7,-18,-5
-31.02,8,-16,-6
-29.61,7,-18,-5
-29.61,7,-18,-5
-32.43,10,-14,-8
-32.43,10,-14,-8
-31.02,9,-16,-7
-31.02,9,-16,-7
-32.43,10,-14,-8
-31.02,10,-16,-8
-31.02,10,-16,-8
-31.02,10,-16,-8
-31.02,10,-16,-8
-31.02,10,-16,-8
-32.43,8,-14,-5
-38.07,11,-6,-8
-32.43,8,-14,-5
-32.43,8,-14,-5
-32.43,8,-14,-5
-32.43,8,-14,-5
-32.43,8,-14,-5
-32.43,8,-14,-5
-32.43,8,-14,-5
-32.43,8,-14,-5
-30.315,8,-17,-5
-30.315,8,-17,-5
-30.315,8,-17,-5
-30.315,8,-17,-5
-30.315,8,-17,-5
-30.315,8,-17,-5
-31.725,9,-15,-6
-30.315,8,-17,-5
-31.725,8,-15,-5
-31.725,9,-15,-6
-26.79,7,-22,-5
-26.79,7,-22,-4
-26.79,7,-22,-5
-26.79,7,-22,-5
-28.2,7,-20,-4
-28.2,7,-20,-4
-26.79,7,-22,-5
-28.2,7,-20,-4
-28.2,7,-20,-4
-28.2,7,-20,-4
