-35.955,10,-9,-4
-35.955,10,-9,-4
-35.955,10,-9,-4
-35.955,10,-9,-4
-35.955,10,-9,-4
-35.955,10,-9,-4
-35.955,10,-9,-4
-35.955,10,-9,-4
-35.955,10,-9,-4
-35.955,10,-9,-4
-36.66,9,-8,-5
-33.84,8,-12,-3
-36.66,9,-8,-5
-36.66,9,-8,-5
-36.66,9,-8,-5
-36.66,9,-8,-5
-35.25,9,-10,-3
-36.66,9,-8,-5
-36.66,9,-8,-5
-36.66,9,-8,-5
-35.25,9,-10,-4
-35.25,9,-10,-4
-35.25,9,-10,-4
-35.25,9,-10,-4
-35.25,9,-10,-4
-35.25,9,-10,-4
-35.25,9,-10,-4
-35.25,9,-10,-4
-35.25,9,-10,-4
-35.25,9,-10,-4
-33.135,11,-13,-7
-36.66,11,-8,-8
-36.66,11,-8,-8
-38.07,11,-6,-6
-35.25,12,-10,-8
-36.66,11,-8,-8
-33.135,11,-13,-7
-33.135,11,-13,-7
-35.25,12,-10,-8
-35.25,12,-10,-8
-39.48,11,-4,-7
-38.775,10,-5,-5
-38.775,11,-5,-5
-38.07,9,-6,-5
-38.775,11,-5,-5
-38.775,11,-5,-5
-38.775,10,-5,-5
-38.775,11,-5,-5
-38.775,10,-5,-5
-39.48,11,-4,-7
-33.84,10,-12,-4
-33.84,10,-12,-5
-33.84,10,-12,-4
-33.84,10,-12,-4
-33.84,10,-12,-4
-33.84,10,-12,-5
-33.84,10,-12,-5
-33.84,10,-12,-4
-33.84,10,-12,-4
-33.84,10,-12,-4
-39.48,11,-4,-6
-39.48,11,-4,-6
-39.48,11,-4,-6
-39.48,11,-4,-5
-39.48,11,-4,-5
-39.48,11,-4,-5
-39.48,11,-4,-5
-39.48,11,-4,-5
-39.48,11,-4,-6
-39.48,11,-4,-5
-35.25,10,-10,-5
-35.25,10,-10,-5
-35.25,10,-10,-5
-32.43,8,-14,-4
-35.25,10,-10,-5
-32.43,8,-14,-4
-35.25,10,-10,-5
-35.25,10,-10,-5
-35.25,10,-10,-5
-35.25,10,-10,-5
-36.66,11,-8,-6
-36.66,11,-8,-6
-36.66,11,-8,-6
-36.66,11,-8,-6
-38.775,11,-5,-6
-38.775,11,-5,-6
-37.365,11,-7,-6
-36.66,11,-8,-6
-36.66,11,-8,-6
-36.66,11,-8,-6
-32.43,8,-14,-4
-32.43,8,-14,-4
-32.43,8,-14,-4
-32.43,8,-14,-4
-32.43,8,-14,-4
-32.43,8,-14,-4
-32.43,8,-14,-4
-32.43,8,-14,-4
-32.43,8,-14,-4
-32.43,8,-14,-4
-32.43,9,-14,-5
-33.84,9,-12,-4
-32.43,9,-14,-5
-32.43,9,-14,-5
-34.545,9,-11,-5
-32.43,9,-14,-5
-32.43,9,-14,-5
-32.43,9,-14,-5
-32.43,9,-14,-5
-32.43,9,-14,-5
-35.25,9,-10,-4
-35.25,9,-10,-4
-35.25,9,-10,-4
-35.25,9,-10,-4
-35.25,9,-10,-4
-35.25,9,-10,-4
-35.25,9,-10,-4
-35.25,9,-10,-4
-35.25,9,-10,-4
-35.25,9,-10,-4
-38.775,10,-5,-6
-38.775,10,-5,-6
-38.775,10,-5,-6
-38.775,10,-5,-6
-38.775,10,-5,-6
-38.775,10,-5,-6
-38.775,10,-5,-6
-38.775,10,-5,-6
-38.775,10,-5,-6
-38.775,10,-5,-6
-36.66,12,-8,-6
-38.07,12,-6,-7
-38.07,12,-6,-6
-38.07,12,-6,-6
-39.48,12,-4,-6
-38.07,12,-6,-7
-38.07,12,-6,-7
-38.07,12,-6,-7
-38.07,12,-6,-7
-38.07,12,-6,-7
-36.66,10,-8,-7
-36.66,10,-8,-7
-36.66,10,-8,-7
-37.365,10,-7,-5
-37.365,10,-7,-5
-36.66,10,-8,-7
-37.365,10,-7,-5
-37.365,10,-7,-5
-37.365,10,-7,-5
-37.365,10,-7,-5
-36.66,11,-8,-6
-37.365,10,-7,-4
-36.66,11,-8,-6
-36.66,11,-8,-6
-38.775,12,-5,-8
-36.66,11,-8,-6
-38.775,12,-5,-8
-36.66,11,-8,-6
-36.66,11,-8,-6
-37.365,10,-7,-4
-40.89,12,-2,-7
-40.89,12,-2,-7
-40.89,12,-2,-7
-40.89,12,-2,-7
-40.89,12,-2,-7
-40.89,12,-2,-7
-40.89,12,-2,-7
-40.89,12,-2,-7
-40.89,12,-2,-7
-40.89,12,-2,-7
-31.725,9,-15,-5
-31.725,9,-15,-5
-31.725,9,-15,-5
-31.725,9,-15,-5
-31.725,9,-15,-5
-33.84,10,-12,-6
-32.43,9,-14,-5
-33.84,10,-12,-6
-32.43,9,-14,-5
-31.725,9,-15,-5
-38.07,11,-6,-7
-38.07,11,-6,-7
-38.07,11,-6,-7
-38.07,11,-6,-7
-38.07,11,-6,-7
-38.07,11,-6,-7
-38.07,11,-6,-7
-38.07,10,-6,-6
-38.07,11,-6,-7
-38.07,11,-6,-7
-36.66,10,-8,-3
-36.66,10,-8,-3
-36.66,10,-8,-3
-36.66,10,-8,-3
-36.66,10,-8,-3
-36.66,10,-8,-3
-36.66,10,-8,-3
-36.66,10,-8,-3
-36.66,10,-8,-3
-36.66,10,-8,-3
-33.135,8,-13,-2
-32.43,9,-14,-3
-33.135,8,-13,-2
-33.135,8,-13,-2
-33.135,8,-13,-2
-33.135,8,-13,-2
-32.43,9,-14,-3
-32.43,9,-14,-3
-33.135,8,-13,-2
-32.43,9,-14,-3
-33.84,9,-12,-4
-33.84,9,-12,-4
-33.84,9,-12,-4
-33.84,9,-12,-4
-33.84,9,-12,-4
-33.84,9,-12,-4
-35.955,11,-9,-6
-33.84,9,-12,-4
-33.84,9,-12,-4
-33.84,9,-12,-4
-35.955,10,-9,-6
-35.955,10,-9,-6
-35.955,10,-9,-6
-35.955,10,-9,-6
-35.955,10,-9,-6
-35.955,10,-9,-6
-35.955,10,-9,-6
-35.955,10,-9,-6
-35.955,10,-9,-6
-35.955,10,-9,-6
-38.775,10,-5,-5
-38.775,10,-5,-5
-38.775,10,-5,-5
-38.775,10,-5,-5
-38.775,10,-5,-5
-38.775,10,-5,-5
-38.775,10,-5,-5
-38.775,10,-5,-5
-38.775,10,-5,-5
-38.775,10,-5,-5
-33.84,8,-12,-4
-31.02,8,-16,-5
-32.43,8,-14,-5
-32.43,8,-14,-5
-32.43,8,-14,-5
-31.02,8,-16,-5
-31.02,8,-16,-5
-32.43,9,-14,-5
-33.84,8,-12,-4
-31.02,8,-16,-5
-32.43,10,-14,-6
-33.135,11,-13,-7
-33.135,11,-13,-7
-33.135,11,-13,-7
-33.135,11,-13,-7
-33.135,11,-13,-7
-33.135,11,-13,-7
-33.135,11,-13,-7
-33.135,11,-13,-7
-33.135,11,-13,-7
-35.955,9,-9,-3
-35.955,9,-9,-3
-35.955,9,-9,-3
-33.84,9,-12,-4
-33.84,9,-12,-4
-35.955,9,-9,-3
-33.84,9,-12,-4
-33.84,9,-12,-4
-35.955,9,-9,-3
-35.955,9,-9,-3
-34.545,10,-11,-4
-34.545,10,-11,-5
-34.545,10,-11,-4
-34.545,10,-11,-5
-34.545,10,-11,-5
-34.545,10,-11,-5
-34.545,10,-11,-5
-35.25,11,-10,-5
-34.545,10,-11,-4
-34.545,10,-11,-5
-36.66,10,-8,-5
-36.66,10,-8,-6
-36.66,10,-8,-6
-35.955,9,-9,-3
-36.66,10,-8,-5
-36.66,10,-8,-6
-36.66,10,-8,-6
-36.66,10,-8,-6
-35.955,9,-9,-3
-35.955,9,-9,-3
-33.84,8,-12,-4
-33.84,8,-12,-4
-33.84,8,-12,-4
-33.84,8,-12,-4
-33.84,8,-12,-4
-33.84,8,-12,-4
-33.84,8,-12,-4
-33.84,8,-12,-4
-33.84,8,-12,-5
-33.84,8,-12,-4
-34.545,9,-11,-4
-34.545,9,-11,-4
-34.545,9,-11,-4
-34.545,9,-11,-4
-34.545,9,-11,-4
-34.545,9,-11,-4
-39.48,10,-4,-4
-34.545,9,-11,-4
-34.545,9,-11,-4
-34.545,9,-11,-4
-33.84,8,-12,-4
-33.84,8,-12,-4
-33.84,8,-12,-4
-33.84,8,-12,-5
-33.84,8,-12,-5
-33.84,8,-12,-4
-33.84,8,-12,-4
-33.84,8,-12,-5
-33.84,8,-12,-5
-33.84,8,-12,-4
-33.135,9,-13,-4
-33.135,9,-13,-4
-35.25,10,-10,-5
-33.135,9,-13,-4
-33.135,9,-13,-4
-33.135,9,-13,-4
-31.02,10,-16,-5
-33.135,9,-13,-4
-32.43,9,-14,-4
-33.135,9,-13,-4
-37.365,11,-7,-7
-37.365,11,-7,-7
-37.365,11,-7,-7
-36.66,10,-8,-6
-37.365,11,-7,-7
-37.365,11,-7,-7
-37.365,11,-7,-7
-42.3,12,0,-7
-37.365,11,-7,-7
-37.365,11,-7,-7
-38.775,12,-5,-7
-38.775,12,-5,-7
-38.775,12,-5,-7
-38.775,12,-5,-7
-38.775,12,-5,-7
-38.775,12,-5,-7
-38.775,12,-5,-7
-38.775,12,-5,-7
-38.775,12,-5,-7
-38.775,12,-5,-7
-35.25,9,-10,-5
-35.25,9,-10,-5
-35.25,9,-10,-5
-35.25,9,-10,-5
-35.25,9,-10,-5
-35.25,9,-10,-5
-35.25,9,-10,-5
-35.25,9,-10,-5
-35.25,9,-10,-5
-35.25,9,-10,-5
-35.955,11,-9,-7
-35.955,11,-9,-7
-35.955,11,-9,-7
-35.955,11,-9,-7
-35.955,11,-9,-7
-35.955,11,-9,-7
-35.955,11,-9,-7
-37.365,11,-7,-6
-35.955,11,-9,-7
-35.955,11,-9,-6
-38.775,11,-5,-6
-38.775,11,-5,-7
-38.775,11,-5,-6
-38.775,11,-5,-7
-38.775,11,-5,-6
-38.775,11,-5,-7
-38.775,11,-5,-7
-38.775,11,-5,-6
-38.775,11,-5,-6
-38.775,11,-5,-6
-38.07,10,-6,-5
-36.66,10,-8,-6
-38.07,10,-6,-5
-38.07,10,-6,-5
-38.07,10,-6,-5
-38.07,10,-6,-5
-36.66,10,-8,-5
-36.66,10,-8,-5
-38.07,10,-6,-5
-36.66,10,-8,-5
-32.43,9,-14,-4
-35.25,9,-10,-4
-35.25,9,-10,-4
-32.43,9,-14,-4
-35.25,9,-10,-4
-32.43,9,-14,-4
-32.43,9,-14,-5
-35.25,9,-10,-4
-35.25,9,-10,-4
-35.25,9,-10,-4
-38.775,12,-5,-7
-38.775,12,-5,-7
-38.775,12,-5,-7
-38.775,12,-5,-7
-32.43,9,-14,-3
-33.135,10,-13,-4
-33.135,10,-13,-4
-38.775,12,-5,-7
-33.135,10,-13,-4
-33.135,10,-13,-4
-38.07,10,-6,-6
-38.07,10,-6,-6
-38.07,10,-6,-6
-38.07,10,-6,-6
-38.07,10,-6,-6
-38.07,10,-6,-6
-38.07,10,-6,-6
-38.07,10,-6,-6
-38.07,10,-6,-6
-38.07,10,-6,-6
-34.545,10,-11,-4
-34.545,10,-11,-4
-34.545,10,-11,-4
-34.545,10,-11,-4
-34.545,10,-11,-4
-34.545,10,-11,-4
-34.545,10,-11,-4
-34.545,10,-11,-4
-34.545,10,-11,-4
-34.545,10,-11,-4
-36.66,12,-8,-7
-35.955,11,-9,-7
-36.66,12,-8,-7
-34.545,12,-11,-7
-36.66,12,-8,-7
-36.66,12,-8,-7
-35.25,12,-10,-7
-36.66,12,-8,-7
-36.66,12,-8,-7
-34.545,12,-11,-7
-28.905,7,-19,-4
-32.43,10,-14,-7
-33.84,10,-12,-6
-32.43,10,-14,-7
-32.43,10,-14,-7
-33.84,10,-12,-6
-32.43,10,-14,-6
-28.905,7,-19,-4
-33.84,10,-12,-6
-32.43,10,-14,-6
-31.02,8,-16,-2
-31.02,8,-16,-2
-31.02,8,-16,-2
-31.02,8,-16,-2
-32.43,8,-14,-4
-32.43,8,-14,-3
-31.02,8,-16,-2
-32.43,8,-14,-4
-31.02,8,-16,-2
-32.43,8,-14,-4
-29.61,7,-18,-3
-29.61,7,-18,-3
-29.61,7,-18,-3
-29.61,7,-18,-3
-29.61,7,-18,-3
-29.61,7,-18,-3
-29.61,7,-18,-3
-29.61,7,-18,-3
-29.61,7,-18,-3
-29.61,7,-18,-3
-34.545,9,-11,-3
-34.545,9,-11,-3
-34.545,9,-11,-3
-34.545,9,-11,-3
-34.545,9,-11,-3
-34.545,9,-11,-3
-34.545,9,-11,-3
-34.545,9,-11,-3
-34.545,9,-11,-3
-34.545,9,-11,-3
-32.43,9,-14,-6
-32.43,9,-14,-6
-32.43,9,-14,-6
-32.43,9,-14,-6
-32.43,9,-14,-6
-32.43,9,-14,-6
-32.43,9,-14,-6
-32.43,9,-14,-6
-32.43,9,-14,-6
-32.43,9,-14,-6
-34.545,9,-11,-4
-31.725,9,-15,-3
-31.725,9,-15,-3
-34.545,9,-11,-4
-34.545,9,-11,-4
-34.545,9,-11,-4
-34.545,9,-11,-4
-34.545,9,-11,-4
-33.84,10,-12,-4
-31.725,9,-15,-3
-34.545,10,-11,-4
-34.545,10,-11,-5
-34.545,10,-11,-4
-34.545,10,-11,-5
-34.545,10,-11,-4
-34.545,10,-11,-5
-34.545,10,-11,-4
-34.545,10,-11,-4
-34.545,10,-11,-4
-34.545,10,-11,-4
-38.775,11,-5,-5
-38.775,11,-5,-5
-38.775,11,-5,-5
-38.775,11,-5,-5
-38.775,11,-5,-5
-38.775,11,-5,-5
-38.775,11,-5,-5
-38.775,11,-5,-5
-38.775,11,-5,-5
-38.775,11,-5,-5
-40.185,10,-3,-5
-40.185,10,-3,-5
-40.185,10,-3,-5
-40.185,10,-3,-5
-40.185,10,-3,-5
-40.185,10,-3,-5
-36.66,11,-8,-6
-40.185,10,-3,-5
-40.185,10,-3,-5
-40.185,10,-3,-5
-31.725,9,-15,-5
-31.725,9,-15,-5
-31.725,9,-15,-5
-31.725,9,-15,-5
-31.725,9,-15,-5
-31.725,9,-15,-5
-31.725,9,-15,-5
-31.725,9,-15,-5
-31.725,9,-15,-5
-31.725,9,-15,-5
-33.135,9,-13,-4
-33.135,9,-13,-4
-33.135,9,-13,-4
-33.135,9,-13,-4
-33.135,9,-13,-4
-33.135,9,-13,-4
-33.135,9,-13,-4
-33.135,9,-13,-4
-33.135,9,-13,-4
-33.135,9,-13,-4
-31.02,8,-16,-3
-31.02,8,-16,-3
-32.43,9,-14,-4
-31.02,8,-16,-4
-31.02,8,-16,-3
-31.02,8,-16,-4
-31.02,8,-16,-4
-31.02,8,-16,-4
-32.43,9,-14,-4
-32.43,9,-14,-4
-36.66,11,-8,-5
-36.66,11,-8,-5
-36.66,11,-8,-5
-36.66,11,-8,-5
-36.66,11,-8,-5
-36.66,11,-8,-5
-36.66,11,-8,-5
-36.66,11,-8,-5
-36.66,11,-8,-5
-36.66,11,-8,-5
-31.02,8,-16,-4
-31.02,8,-16,-4
-31.02,8,-16,-4
-31.02,8,-16,-4
-33.84,8,-12,-4
-32.43,8,-14,-4
-31.02,8,-16,-4
-31.02,8,-16,-4
-31.02,8,-16,-4
-31.02,8,-16,-4
-35.25,9,-10,-5
-35.25,9,-10,-4
-35.25,9,-10,-5
-35.25,9,-10,-5
-35.25,9,-10,-4
-35.25,9,-10,-5
-35.25,9,-10,-5
-35.25,9,-10,-4
-35.25,9,-10,-4
-35.25,9,-10,-4
-33.84,9,-12,-3
-33.84,9,-12,-3
-33.84,9,-12,-3
-33.84,9,-12,-3
-33.84,9,-12,-3
-33.84,9,-12,-3
-33.84,9,-12,-3
-33.84,9,-12,-3
-33.84,9,-12,-3
-33.84,9,-12,-3
-30.315,8,-17,-2
-30.315,8,-17,-2
-30.315,8,-17,-2
-30.315,8,-17,-2
-38.07,10,-6,-4
-38.07,10,-6,-5
-31.02,9,-16,-5
-38.07,10,-6,-5
-30.315,8,-17,-2
-30.315,8,-17,-2
-33.84,10,-12,-5
-33.84,10,-12,-6
-32.43,9,-14,-4
-32.43,9,-14,-4
-32.43,9,-14,-4
-32.43,9,-14,-5
-32.43,10,-14,-6
-32.43,9,-14,-4
-33.135,10,-13,-4
-32.43,9,-14,-3
-36.66,11,-8,-6
-36.66,11,-8,-6
-36.66,11,-8,-6
-36.66,11,-8,-6
-36.66,11,-8,-6
-36.66,11,-8,-6
-36.66,11,-8,-6
-36.66,11,-8,-6
-36.66,11,-8,-6
-36.66,11,-8,-6
-36.66,11,-8,-7
-36.66,11,-8,-7
-36.66,11,-8,-6
-36.66,11,-8,-6
-36.66,11,-8,-6
-36.66,11,-8,-7
-36.66,11,-8,-6
-36.66,11,-8,-7
-36.66,11,-8,-7
-36.66,11,-8,-7
-35.25,9,-10,-5
-35.955,9,-9,-5
-35.955,9,-9,-5
-35.955,9,-9,-5
-35.955,9,-9,-5
-35.25,9,-10,-5
-35.955,9,-9,-5
-35.25,9,-10,-5
-35.25,9,-10,-5
-35.955,9,-9,-5
-37.365,12,-7,-6
-37.365,12,-7,-6
-37.365,12,-7,-6
-37.365,12,-7,-6
-37.365,12,-7,-6
-37.365,12,-7,-6
-37.365,12,-7,-6
-37.365,12,-7,-6
-39.48,12,-4,-6
-37.365,12,-7,-6
-35.25,10,-10,-4
-36.66,10,-8,-4
-35.25,10,-10,-4
-35.25,10,-10,-4
-35.25,10,-10,-4
-36.66,10,-8,-4
-36.66,10,-8,-4
-36.66,10,-8,-4
-36.66,10,-8,-4
-35.25,10,-10,-4
-33.84,9,-12,-5
-33.84,9,-12,-4
-33.84,9,-12,-4
-33.84,9,-12,-4
-33.84,9,-12,-4
-33.84,9,-12,-4
-33.84,9,-12,-4
-33.84,9,-12,-4
-33.84,9,-12,-4
-33.84,9,-12,-4
-38.775,12,-5,-6
-38.775,12,-5,-6
-38.775,12,-5,-6
-38.775,12,-5,-6
-38.775,12,-5,-6
-38.775,12,-5,-6
-38.775,12,-5,-6
-38.775,12,-5,-6
-38.775,12,-5,-6
-38.775,12,-5,-6
-32.43,10,-14,-6
-34.545,10,-11,-6
-34.545,10,-11,-6
-32.43,10,-14,-6
-34.545,10,-11,-6
-36.66,10,-8,-5
-34.545,10,-11,-6
-33.84,10,-12,-5
-34.545,10,-11,-5
-33.84,10,-12,-5
-35.955,10,-9,-4
-35.955,10,-9,-5
-35.955,10,-9,-5
-35.955,10,-9,-5
-35.955,10,-9,-4
-35.955,10,-9,-5
-35.955,10,-9,-4
-35.955,10,-9,-5
-35.955,10,-9,-4
-35.955,10,-9,-4
-36.66,10,-8,-3
-36.66,10,-8,-3
-36.66,10,-8,-3
-36.66,10,-8,-3
-36.66,10,-8,-3
-36.66,10,-8,-3
-36.66,10,-8,-3
-36.66,10,-8,-3
-36.66,10,-8,-3
-36.66,10,-8,-3
-37.365,11,-7,-7
-37.365,11,-7,-7
-37.365,11,-7,-7
-37.365,11,-7,-7
-37.365,11,-7,-7
-37.365,11,-7,-7
-37.365,11,-7,-7
-37.365,11,-7,-7
-37.365,11,-7,-7
-37.365,11,-7,-7
-31.02,9,-16,-5
-31.02,9,-16,-5
-31.02,9,-16,-5
-31.02,9,-16,-5
-31.02,9,-16,-5
-31.02,9,-16,-5
-31.02,9,-16,-5
-28.905,7,-19,-1
-31.02,9,-16,-5
-28.905,7,-19,-1
-35.25,11,-10,-5
-35.25,11,-10,-5
-35.25,11,-10,-5
-35.25,11,-10,-5
-35.25,11,-10,-5
-35.25,11,-10,-5
-35.25,11,-10,-5
-35.25,11,-10,-5
-35.25,11,-10,-5
-35.25,11,-10,-5
-29.61,7,-18,-4
-29.61,7,-18,-4
-29.61,7,-18,-4
-32.43,8,-14,-4
-29.61,7,-18,-4
-32.43,8,-14,-4
-32.43,8,-14,-4
-29.61,7,-18,-4
-32.43,8,-14,-4
-29.61,7,-18,-4
-36.66,9,-8,-5
-40.185,10,-3,-5
-40.185,10,-3,-5
-38.07,10,-6,-6
-38.07,10,-6,-6
-38.07,10,-6,-6
-38.07,10,-6,-6
-38.07,10,-6,-6
-38.07,10,-6,-6
-38.07,10,-6,-6
-33.84,9,-12,-6
-33.84,9,-12,-6
-37.365,11,-7,-7
-33.84,9,-12,-6
-33.84,9,-12,-6
-33.84,9,-12,-6
-33.84,9,-12,-6
-33.84,9,-12,-6
-33.84,9,-12,-6
-33.84,9,-12,-6
-29.61,8,-18,-4
-29.61,8,-18,-4
-26.79,7,-22,-3
-26.79,7,-22,-3
-26.79,7,-22,-3
-26.79,7,-22,-3
-26.79,7,-22,-3
-26.79,7,-22,-3
-26.79,7,-22,-3
-26.79,7,-22,-3
-39.48,11,-4,-7
-39.48,11,-4,-7
-39.48,11,-4,-7
-39.48,11,-4,-7
-39.48,11,-4,-7
-39.48,11,-4,-7
-39.48,11,-4,-7
-39.48,11,-4,-7
-39.48,11,-4,-7
-39.48,11,-4,-7
-36.66,9,-8,-4
-36.66,9,-8,-4
-36.66,9,-8,-4
-36.66,9,-8,-4
-36.66,9,-8,-4
-36.66,9,-8,-4
-36.66,9,-8,-4
-36.66,9,-8,-4
-36.66,9,-8,-4
-36.66,9,-8,-4
-35.955,10,-9,-6
-34.545,9,-11,-4
-34.545,10,-11,-4
-34.545,9,-11,-4
-34.545,9,-11,-4
-34.545,9,-11,-4
-34.545,9,-11,-4
-34.545,10,-11,-4
-34.545,10,-11,-4
-34.545,9,-11,-4
-38.07,10,-6,-7
-38.07,10,-6,-7
-38.07,10,-6,-7
-38.07,10,-6,-7
-38.07,10,-6,-7
-38.775,11,-5,-7
-38.07,10,-6,-7
-38.07,10,-6,-7
-38.07,10,-6,-7
-38.07,10,-6,-7
-32.43,9,-14,-4
-32.43,9,-14,-4
-32.43,8,-14,-4
-35.25,10,-10,-5
-35.25,10,-10,-5
-32.43,9,-14,-4
-32.43,9,-14,-4
-32.43,9,-14,-4
-32.43,8,-14,-4
-32.43,9,-14,-4
-33.84,9,-12,-5
-33.84,9,-12,-5
-34.545,9,-11,-6
-35.955,10,-9,-4
-34.545,9,-11,-6
-34.545,9,-11,-6
-34.545,9,-11,-6
-34.545,9,-11,-6
-34.545,9,-11,-6
-34.545,9,-11,-6
-37.365,10,-7,-5
-37.365,10,-7,-5
-36.66,10,-8,-7
-37.365,10,-7,-5
-37.365,10,-7,-5
-37.365,10,-7,-5
-37.365,10,-7,-5
-37.365,10,-7,-5
-37.365,10,-7,-5
-37.365,10,-7,-5
-39.48,11,-4,-5
-39.48,11,-4,-5
-40.185,11,-3,-5
-39.48,11,-4,-5
-39.48,11,-4,-5
-39.48,11,-4,-5
-39.48,11,-4,-5
-39.48,11,-4,-5
-39.48,11,-4,-5
-39.48,11,-4,-5
-40.185,10,-3,-4
-38.07,9,-6,-4
-38.07,9,-6,-4
-41.595,10,-1,-5
-38.07,9,-6,-4
-40.185,10,-3,-4
-41.595,10,-1,-5
-38.07,9,-6,-4
-38.07,9,-6,-4
-38.07,9,-6,-4
-31.725,8,-15,-5
-31.725,8,-15,-5
-31.725,8,-15,-4
-31.725,8,-15,-5
-31.725,8,-15,-5
-31.725,8,-15,-5
-31.725,8,-15,-5
-31.725,8,-15,-5
-31.725,8,-15,-5
-31.725,8,-15,-5
-35.25,10,-10,-5
-35.25,10,-10,-5
-35.25,10,-10,-5
-35.25,10,-10,-5
-35.25,10,-10,-5
-35.25,10,-10,-5
-35.25,10,-10,-5
-35.25,10,-10,-5
-35.25,10,-10,-5
-35.25,10,-10,-5
-33.135,9,-13,-6
-33.135,9,-13,-6
-33.135,9,-13,-6
-33.135,9,-13,-6
-33.135,9,-13,-6
-33.135,9,-13,-6
-33.135,9,-13,-6
-32.43,10,-14,-5
-32.43,10,-14,-5
-32.43,10,-14,-5
-36.66,10,-8,-4
-36.66,10,-8,-4
-36.66,10,-8,-4
-36.66,10,-8,-4
-36.66,10,-8,-4
-36.66,10,-8,-4
-36.66,10,-8,-4
-36.66,10,-8,-4
-38.07,10,-6,-5
-36.66,10,-8,-4
-31.02,9,-16,-5
-33.84,9,-12,-6
-31.725,10,-15,-6
-31.02,9,-16,-5
-31.02,9,-16,-5
-31.02,9,-16,-5
-31.02,9,-16,-5
-31.02,9,-16,-5
-31.02,9,-16,-5
-31.02,9,-16,-5
-38.07,11,-6,-5
-38.07,11,-6,-5
-38.07,11,-6,-5
-38.07,11,-6,-5
-38.07,11,-6,-5
-38.07,11,-6,-5
-38.07,11,-6,-5
-39.48,11,-4,-6
-38.07,11,-6,-5
-38.07,11,-6,-5
-35.25,10,-10,-6
-35.25,10,-10,-6
-38.07,11,-6,-6
-38.07,11,-6,-6
-38.07,11,-6,-6
-38.07,11,-6,-6
-38.07,11,-6,-6
-38.07,11,-6,-6
-38.07,11,-6,-6
-38.07,11,-6,-6
-35.25,9,-10,-4
-35.25,9,-10,-4
-35.25,9,-10,-4
-35.25,9,-10,-4
-35.25,9,-10,-4
-35.25,9,-10,-4
-35.25,9,-10,-4
-35.25,9,-10,-4
-35.25,9,-10,-4
-35.25,9,-10,-4
-28.905,7,-19,-4
-28.905,7,-19,-4
-31.02,8,-16,-4
-29.61,7,-18,-3
-29.61,7,-18,-3
-31.02,8,-16,-5
-29.61,7,-18,-3
-31.02,8,-16,-5
-29.61,7,-18,-3
-31.02,8,-16,-5
-40.89,12,-2,-6
-38.775,12,-5,-7
-38.775,12,-5,-7
-40.89,12,-2,-6
-38.07,11,-6,-6
-38.775,12,-5,-7
-38.775,12,-5,-7
-40.89,12,-2,-6
-38.775,12,-5,-7
-38.775,12,-5,-7
-40.185,11,-3,-6
-40.89,11,-2,-5
-40.89,11,-2,-5
-40.89,11,-2,-5
-40.185,11,-3,-6
-40.89,11,-2,-5
-40.89,12,-2,-5
-40.89,11,-2,-5
-40.89,11,-2,-5
-40.89,11,-2,-5
-35.955,9,-9,-6
-35.955,9,-9,-6
-35.955,9,-9,-6
-35.955,9,-9,-6
-35.955,9,-9,-6
-35.955,9,-9,-6
-35.955,9,-9,-6
-35.955,9,-9,-6
-35.955,9,-9,-6
-35.955,9,-9,-6
