-35.25,11,-10,-4
-35.25,11,-10,-4
-35.955,11,-9,-6
-35.25,10,-10,-3
-35.25,11,-10,-4
-35.25,11,-10,-4
-35.25,11,-10,-4
-35.25,11,-10,-4
-35.25,11,-10,-4
-35.955,11,-9,-6
-31.02,9,-16,-4
-31.02,9,-16,-4
-31.02,9,-16,-4
-31.02,9,-16,-4
-31.02,9,-16,-4
-31.02,9,-16,-4
-31.02,9,-16,-4
-31.02,9,-16,-4
-31.02,9,-16,-4
-31.02,9,-16,-4
-31.02,8,-16,-3
-31.02,8,-16,-3
-32.43,8,-14,-3
-31.02,8,-16,-3
-31.02,8,-16,-3
-31.02,8,-16,-3
-31.02,8,-16,-3
-31.02,8,-16,-3
-31.02,8,-16,-3
-31.02,8,-16,-3
-36.66,11,-8,-6
-35.955,10,-9,-4
-36.66,11,-8,-6
-33.84,10,-12,-5
-35.955,10,-9,-4
-36.66,11,-8,-6
-35.955,10,-9,-4
-37.365,10,-7,-5
-33.84,10,-12,-5
-37.365,10,-7,-5
-40.89,11,-2,-6
-40.89,11,-2,-6
-40.89,11,-2,-7
-40.89,11,-2,-6
-40.89,11,-2,-6
-40.89,11,-2,-7
-40.89,11,-2,-6
-40.89,11,-2,-6
-40.89,11,-2,-6
-40.185,11,-3,-6
-36.66,10,-8,-5
-36.66,9,-8,-5
-36.66,9,-8,-5
-36.66,10,-8,-5
-36.66,10,-8,-5
-36.66,10,-8,-5
-36.66,9,-8,-5
-36.66,10,-8,-5
-36.66,10,-8,-5
-36.66,10,-8,-5
-40.185,12,-3,-6
-40.185,12,-3,-6
-40.185,12,-3,-6
-40.185,12,-3,-6
-40.185,12,-3,-6
-40.185,12,-3,-6
-40.185,12,-3,-6
-40.185,12,-3,-6
-40.185,12,-3,-6
-40.185,12,-3,-6
-40.89,11,-2,-7
-40.89,11,-2,-7
-40.89,11,-2,-7
-40.89,11,-2,-7
-40.89,11,-2,-7
-40.89,11,-2,-7
-40.89,11,-2,-7
-40.89,11,-2,-7
-40.89,11,-2,-7
-40.89,11,-2,-7
-32.43,9,-14,-3
-32.43,9,-14,-3
-30.315,8,-17,-3
-31.02,9,-16,-4
-31.02,9,-16,-4
-32.43,9,-14,-3
-31.02,9,-16,-4
-32.43,9,-14,-3
-32.43,9,-14,-3
-30.315,8,-17,-3
-31.725,9,-15,-4
-31.725,9,-15,-4
-31.725,9,-15,-4
-31.725,9,-15,-4
-31.725,9,-15,-4
-31.725,9,-15,-4
-31.725,9,-15,-4
-28.2,7,-20,-1
-31.725,9,-15,-4
-31.725,9,-15,-4
-37.365,10,-7,-4
-37.365,10,-7,-4
-37.365,10,-7,-4
-37.365,10,-7,-4
-37.365,10,-7,-4
-37.365,10,-7,-4
-37.365,10,-7,-4
-37.365,10,-7,-4
-37.365,10,-7,-4
-37.365,10,-7,-4
-35.955,10,-9,-6
-35.955,10,-9,-6
-35.955,10,-9,-6
-35.955,10,-9,-6
-35.955,10,-9,-6
-38.07,11,-6,-6
-37.365,11,-7,-5
-35.955,10,-9,-6
-38.07,11,-6,-4
-35.955,10,-9,-6
-32.43,9,-14,-4
-32.43,9,-14,-4
-32.43,9,-14,-4
-32.43,9,-14,-4
-33.84,10,-12,-5
-32.43,9,-14,-4
-33.84,10,-12,-5
-32.43,9,-14,-4
-33.84,10,-12,-5
-32.43,9,-14,-4
-33.135,9,-13,-4
-33.135,9,-13,-4
-33.135,9,-13,-4
-33.135,9,-13,-4
-33.135,9,-13,-4
-33.135,9,-13,-4
-33.135,9,-13,-4
-33.135,9,-13,-4
-33.135,9,-13,-4
-33.135,9,-13,-4
-35.25,11,-10,-4
-36.66,12,-8,-6
-38.07,12,-6,-6
-38.07,12,-6,-6
-37.365,12,-7,-6
-37.365,12,-7,-6
-38.07,12,-6,-6
-36.66,12,-8,-6
-36.66,12,-8,-6
-37.365,12,-7,-6
-38.775,11,-5,-5
-38.775,11,-5,-5
-38.775,11,-5,-5
-38.775,11,-5,-5
-38.775,11,-5,-5
-38.775,11,-5,-5
-38.775,11,-5,-5
-38.775,11,-5,-5
-38.775,11,-5,-5
-38.775,11,-5,-5
-35.25,9,-10,-4
-35.25,9,-10,-3
-36.66,10,-8,-3
-35.25,9,-10,-4
-35.25,9,-10,-4
-35.25,9,-10,-3
-35.25,9,-10,-4
-35.25,9,-10,-4
-35.25,9,-10,-3
-35.25,9,-10,-4
-35.25,9,-10,-4
-33.84,9,-12,-4
-35.25,9,-10,-4
-35.25,9,-10,-3
-35.25,9,-10,-4
-35.25,9,-10,-4
-33.84,9,-12,-4
-33.84,9,-12,-4
-35.25,9,-10,-4
-35.25,9,-10,-4
-39.48,11,-4,-7
-39.48,11,-4,-7
-39.48,11,-4,-7
-39.48,11,-4,-7
-39.48,11,-4,-7
-39.48,11,-4,-7
-39.48,11,-4,-7
-39.48,11,-4,-7
-39.48,11,-4,-7
-39.48,11,-4,-7
-35.955,10,-9,-6
-35.955,10,-9,-6
-38.07,11,-6,-6
-36.66,11,-8,-5
-36.66,11,-8,-5
-38.07,11,-6,-6
-38.07,11,-6,-6
-40.89,12,-2,-6
-35.955,10,-9,-6
-35.955,10,-9,-6
-36.66,10,-8,-3
-38.07,9,-6,-4
-38.07,9,-6,-4
-36.66,10,-8,-3
-38.07,9,-6,-4
-36.66,9,-8,-4
-36.66,10,-8,-3
-38.07,9,-6,-4
-36.66,9,-8,-5
-38.07,9,-6,-4
-37.365,11,-7,-6
-38.775,12,-5,-6
-38.775,12,-5,-7
-37.365,11,-7,-6
-38.775,12,-5,-7
-38.775,12,-5,-7
-37.365,11,-7,-6
-37.365,11,-7,-6
-38.775,12,-5,-7
-37.365,11,-7,-6
-36.66,9,-8,-5
-36.66,9,-8,-5
-36.66,9,-8,-5
-36.66,9,-8,-5
-36.66,9,-8,-5
-38.07,10,-6,-5
-36.66,9,-8,-5
-36.66,9,-8,-5
-36.66,9,-8,-5
-36.66,9,-8,-5
-39.48,11,-4,-5
-39.48,11,-4,-5
-39.48,11,-4,-5
-39.48,11,-4,-5
-39.48,11,-4,-5
-39.48,11,-4,-5
-39.48,11,-4,-5
-39.48,11,-4,-5
-39.48,11,-4,-5
-39.48,11,-4,-5
-36.66,10,-8,-4
-37.365,10,-7,-3
-37.365,10,-7,-3
-38.07,9,-6,-5
-37.365,10,-7,-3
-37.365,10,-7,-5
-37.365,10,-7,-3
-38.775,10,-5,-4
-36.66,10,-8,-4
-37.365,10,-7,-3
-31.725,9,-15,-3
-33.84,10,-12,-4
-33.84,10,-12,-4
-33.84,10,-12,-4
-33.84,10,-12,-4
-31.725,9,-15,-3
-33.84,10,-12,-4
-33.84,10,-12,-4
-33.84,10,-12,-4
-33.84,10,-12,-4
-34.545,10,-11,-5
-31.02,9,-16,-5
-33.135,8,-13,-3
-33.135,8,-13,-3
-31.02,9,-16,-5
-31.725,8,-15,-3
-33.135,8,-13,-4
-31.02,9,-16,-5
-31.725,8,-15,-3
-34.545,10,-11,-5
-40.89,11,-2,-5
-40.89,11,-2,-5
-40.89,11,-2,-6
-40.89,11,-2,-6
-40.89,11,-2,-6
-40.89,11,-2,-6
-40.89,11,-2,-6
-40.89,11,-2,-6
-40.89,11,-2,-6
-40.89,11,-2,-6
-35.25,9,-10,-3
-36.66,11,-8,-6
-36.66,11,-8,-6
-36.66,11,-8,-6
-36.66,11,-8,-6
-36.66,11,-8,-6
-35.955,10,-9,-5
-36.66,11,-8,-6
-36.66,11,-8,-6
-36.66,11,-8,-6
-38.07,10,-6,-4
-38.07,10,-6,-4
-37.365,9,-7,-4
-38.07,10,-6,-4
-38.07,10,-6,-4
-37.365,9,-7,-4
-38.07,10,-6,-4
-37.365,9,-7,-4
-37.365,9,-7,-4
-38.07,10,-6,-4
-36.66,11,-8,-6
-36.66,11,-8,-6
-37.365,10,-7,-4
-37.365,10,-7,-4
-38.07,10,-6,-6
-37.365,10,-7,-4
-37.365,10,-7,-4
-37.365,10,-7,-4
-37.365,10,-7,-4
-38.07,10,-6,-6
-39.48,10,-4,-4
-39.48,10,-4,-4
-39.48,10,-4,-4
-39.48,10,-4,-4
-39.48,10,-4,-4
-39.48,10,-4,-4
-39.48,10,-4,-4
-39.48,10,-4,-4
-39.48,10,-4,-4
-39.48,10,-4,-4
-33.84,9,-12,-3
-33.84,9,-12,-3
-33.84,9,-12,-3
-33.84,9,-12,-3
-33.84,9,-12,-3
-33.84,9,-12,-3
-33.84,9,-12,-3
-33.84,9,-12,-3
-33.84,9,-12,-3
-33.84,9,-12,-3
-32.43,10,-14,-4
-28.2,9,-20,-5
-32.43,10,-14,-4
-28.2,9,-20,-5
-31.02,10,-16,-4
-31.02,10,-16,-4
-28.2,9,-20,-5
-31.02,9,-16,-2
-32.43,10,-14,-4
-31.725,9,-15,-3
-31.725,8,-15,-3
-31.725,8,-15,-3
-31.725,8,-15,-3
-31.725,8,-15,-3
-31.725,8,-15,-3
-31.725,8,-15,-3
-31.725,8,-15,-3
-31.725,8,-15,-3
-31.725,8,-15,-3
-31.725,8,-15,-3
-38.07,10,-6,-3
-38.07,10,-6,-3
-38.07,10,-6,-4
-38.07,10,-6,-3
-38.07,10,-6,-4
-38.07,10,-6,-4
-38.07,10,-6,-4
-38.07,10,-6,-3
-38.07,10,-6,-3
-38.07,10,-6,-3
-34.545,10,-11,-5
-34.545,10,-11,-5
-34.545,10,-11,-5
-36.66,10,-8,-4
-34.545,10,-11,-5
-34.545,10,-11,-5
-34.545,10,-11,-5
-34.545,10,-11,-5
-34.545,10,-11,-5
-34.545,10,-11,-5
-38.07,12,-6,-6
-38.07,12,-6,-6
-38.07,12,-6,-6
-38.07,12,-6,-6
-38.07,12,-6,-6
-38.07,12,-6,-6
-38.07,12,-6,-6
-38.07,12,-6,-6
-38.07,12,-6,-6
-38.07,12,-6,-6
-32.43,8,-14,-3
-32.43,8,-14,-3
-33.84,8,-12,-3
-32.43,8,-14,-3
-33.135,8,-13,-2
-32.43,8,-14,-3
-33.135,8,-13,-4
-32.43,8,-14,-3
-33.135,8,-13,-4
-33.135,8,-13,-2
-37.365,10,-7,-6
-38.775,10,-5,-5
-37.365,10,-7,-6
-37.365,10,-7,-6
-38.775,10,-5,-5
-37.365,10,-7,-6
-38.775,10,-5,-5
-37.365,10,-7,-6
-37.365,10,-7,-6
-37.365,10,-7,-6
-35.25,10,-10,-3
-35.25,10,-10,-3
-38.07,10,-6,-5
-37.365,10,-7,-4
-37.365,10,-7,-4
-37.365,10,-7,-4
-38.07,10,-6,-5
-35.25,10,-10,-3
-35.25,10,-10,-3
-38.07,10,-6,-5
-34.545,10,-11,-5
-34.545,10,-11,-5
-34.545,10,-11,-5
-34.545,10,-11,-5
-34.545,10,-11,-5
-34.545,10,-11,-5
-34.545,10,-11,-5
-34.545,10,-11,-5
-34.545,10,-11,-5
-34.545,10,-11,-5
-36.66,10,-8,-5
-36.66,10,-8,-5
-39.48,10,-4,-5
-36.66,10,-8,-5
-36.66,10,-8,-5
-39.48,10,-4,-5
-36.66,10,-8,-5
-36.66,10,-8,-5
-36.66,10,-8,-5
-36.66,10,-8,-5
-35.955,10,-9,-5
-35.955,10,-9,-5
-35.955,10,-9,-5
-35.955,10,-9,-5
-35.955,10,-9,-6
-35.955,10,-9,-5
-35.955,10,-9,-6
-35.955,10,-9,-6
-35.955,10,-9,-6
-35.955,10,-9,-5
-38.07,10,-6,-4
-38.07,10,-6,-4
-38.07,10,-6,-4
-38.07,10,-6,-4
-39.48,11,-4,-5
-38.07,10,-6,-4
-38.07,10,-6,-4
-38.07,10,-6,-4
-38.07,10,-6,-4
-38.07,10,-6,-4
-32.43,9,-14,-1
-32.43,9,-14,-1
-32.43,9,-14,-1
-32.43,9,-14,-1
-32.43,9,-14,-1
-32.43,9,-14,-1
-32.43,9,-14,-1
-32.43,9,-14,-1
-32.43,9,-14,-1
-32.43,9,-14,-1
-36.66,11,-8,-5
-36.66,11,-8,-5
-36.66,11,-8,-5
-36.66,11,-8,-5
-36.66,11,-8,-5
-36.66,11,-8,-5
-36.66,11,-8,-5
-36.66,11,-8,-5
-36.66,11,-8,-5
-36.66,11,-8,-5
-40.89,11,-2,-7
-40.89,11,-2,-7
-40.89,11,-2,-7
-40.89,11,-2,-7
-40.89,11,-2,-7
-40.89,11,-2,-7
-40.89,11,-2,-7
-40.89,11,-2,-7
-40.89,11,-2,-7
-40.89,11,-2,-7
-38.07,9,-6,-6
-38.07,9,-6,-6
-38.07,9,-6,-6
-38.07,9,-6,-6
-38.07,9,-6,-6
-38.07,9,-6,-6
-38.07,9,-6,-6
-38.07,9,-6,-6
-38.07,9,-6,-6
-38.07,9,-6,-6
-38.07,10,-6,-4
-36.66,9,-8,-3
-38.07,10,-6,-4
-38.07,10,-6,-4
-38.07,10,-6,-4
-38.07,10,-6,-4
-38.07,10,-6,-4
-38.07,10,-6,-4
-38.07,10,-6,-4
-36.66,9,-8,-3
-34.545,9,-11,-5
-34.545,9,-11,-5
-34.545,9,-11,-5
-33.84,10,-12,-3
-34.545,9,-11,-5
-34.545,9,-11,-5
-34.545,9,-11,-5
-34.545,9,-11,-5
-33.84,10,-12,-3
-34.545,9,-11,-5
-33.135,9,-13,-3
-33.135,9,-13,-3
-33.135,9,-13,-3
-33.135,9,-13,-3
-33.135,9,-13,-3
-33.135,9,-13,-3
-33.135,9,-13,-3
-33.135,9,-13,-3
-33.135,9,-13,-3
-33.135,9,-13,-3
-40.89,11,-2,-7
-40.89,11,-2,-7
-40.89,11,-2,-7
-40.89,11,-2,-6
-40.89,11,-2,-7
-40.89,11,-2,-7
-40.89,11,-2,-7
-40.89,11,-2,-7
-40.89,11,-2,-7
-40.89,11,-2,-7
-35.25,10,-10,-4
-35.25,10,-10,-4
-35.25,10,-10,-4
-35.25,10,-10,-4
-35.25,10,-10,-4
-35.25,10,-10,-4
-35.25,10,-10,-4
-35.25,10,-10,-4
-35.25,10,-10,-4
-35.25,10,-10,-4
-38.07,10,-6,-4
-38.07,10,-6,-4
-38.07,10,-6,-4
-38.07,10,-6,-5
-38.07,10,-6,-4
-38.07,10,-6,-4
-38.07,10,-6,-5
-38.07,10,-6,-4
-38.07,10,-6,-4
-38.07,10,-6,-4
-38.07,9,-6,-4
-38.07,9,-6,-4
-38.07,9,-6,-4
-38.07,9,-6,-4
-38.07,9,-6,-4
-38.07,9,-6,-4
-38.07,9,-6,-4
-38.07,9,-6,-4
-38.07,9,-6,-4
-38.07,9,-6,-4
-35.25,10,-10,-4
-33.84,10,-12,-6
-33.84,10,-12,-6
-35.955,10,-9,-6
-35.25,10,-10,-4
-35.25,10,-10,-4
-33.84,10,-12,-5
-35.25,10,-10,-4
-33.84,10,-12,-5
-33.84,10,-12,-5
-38.775,10,-5,-6
-38.775,10,-5,-6
-38.775,10,-5,-6
-38.775,10,-5,-6
-38.775,10,-5,-6
-38.775,10,-5,-6
-38.775,10,-5,-6
-38.775,10,-5,-6
-38.775,10,-5,-6
-38.775,10,-5,-6
-38.07,9,-6,-6
-38.775,10,-5,-5
-39.48,10,-4,-6
-38.775,10,-5,-5
-41.595,10,-1,-5
-41.595,10,-1,-5
-40.89,10,-2,-5
-39.48,10,-4,-6
-41.595,10,-1,-5
-38.775,10,-5,-5
-35.25,9,-10,-5
-35.25,9,-10,-5
-35.25,9,-10,-5
-35.25,9,-10,-5
-35.25,9,-10,-5
-35.25,9,-10,-5
-35.25,9,-10,-5
-35.25,9,-10,-5
-35.25,9,-10,-5
-35.25,9,-10,-5
-35.955,9,-9,-3
-35.955,9,-9,-3
-35.955,9,-9,-3
-35.955,9,-9,-3
-35.955,9,-9,-3
-35.955,9,-9,-3
-35.955,9,-9,-3
-35.955,9,-9,-3
-35.955,9,-9,-3
-35.955,9,-9,-3
-32.43,10,-14,-5
-33.135,11,-13,-5
-33.135,10,-13,-3
-33.135,10,-13,-3
-33.135,10,-13,-3
-33.135,10,-13,-3
-33.135,11,-13,-5
-32.43,10,-14,-5
-33.135,10,-13,-3
-32.43,10,-14,-5
-36.66,9,-8,-3
-38.07,9,-6,-4
-36.66,9,-8,-3
-36.66,9,-8,-3
-36.66,9,-8,-3
-36.66,9,-8,-3
-38.07,9,-6,-4
-36.66,9,-8,-3
-38.07,9,-6,-4
-38.07,9,-6,-4
-35.955,11,-9,-6
-35.955,11,-9,-6
-35.955,11,-9,-6
-36.66,11,-8,-5
-35.955,11,-9,-6
-35.955,11,-9,-6
-36.66,11,-8,-5
-35.955,11,-9,-6
-34.545,9,-11,-3
-34.545,9,-11,-3
-38.07,10,-6,-6
-38.07,9,-6,-4
-38.07,10,-6,-6
-38.07,10,-6,-6
-38.07,10,-6,-6
-38.07,10,-6,-6
-38.07,10,-6,-6
-38.07,9,-6,-4
-38.07,9,-6,-6
-38.07,9,-6,-4
-40.185,10,-3,-4
-37.365,10,-7,-3
-40.185,10,-3,-4
-40.185,10,-3,-4
-40.185,10,-3,-4
-40.185,10,-3,-4
-40.185,10,-3,-4
-40.185,10,-3,-4
-40.185,10,-3,-4
-40.185,10,-3,-4
-35.25,10,-10,-5
-35.25,10,-10,-5
-35.25,10,-10,-5
-35.25,10,-10,-5
-35.25,10,-10,-5
-35.25,10,-10,-5
-35.25,10,-10,-5
-35.25,10,-10,-5
-35.25,10,-10,-5
-35.25,10,-10,-5
-38.775,11,-5,-6
-36.66,11,-8,-6
-36.66,10,-8,-5
-36.66,10,-8,-5
-36.66,11,-8,-6
-36.66,11,-8,-6
-36.66,11,-8,-6
-36.66,10,-8,-5
-38.775,11,-5,-6
-36.66,11,-8,-6
-35.955,10,-9,-6
-39.48,11,-4,-7
-38.775,11,-5,-6
-35.955,10,-9,-6
-38.07,12,-6,-7
-39.48,11,-4,-7
-38.775,11,-5,-6
-35.955,10,-9,-6
-39.48,11,-4,-7
-39.48,11,-4,-5
-39.48,10,-4,-4
-34.545,10,-11,-3
-39.48,10,-4,-4
-39.48,10,-4,-4
-34.545,10,-11,-3
-34.545,10,-11,-3
-39.48,10,-4,-4
-34.545,10,-11,-3
-39.48,10,-4,-4
-34.545,10,-11,-3
-34.545,9,-11,-3
-34.545,9,-11,-3
-34.545,9,-11,-3
-34.545,9,-11,-3
-34.545,9,-11,-3
-34.545,10,-11,-5
-34.545,9,-11,-3
-34.545,9,-11,-3
-34.545,9,-11,-3
-34.545,9,-11,-3
-38.07,9,-6,-4
-38.07,9,-6,-4
-38.07,9,-6,-4
-38.07,9,-6,-4
-38.07,9,-6,-4
-38.07,9,-6,-4
-38.07,9,-6,-4
-38.07,9,-6,-4
-38.07,9,-6,-4
-38.07,9,-6,-4
-37.365,12,-7,-8
-36.66,11,-8,-6
-37.365,12,-7,-8
-37.365,12,-7,-8
-37.365,12,-7,-8
-37.365,12,-7,-8
-37.365,12,-7,-8
-37.365,12,-7,-8
-37.365,12,-7,-8
-37.365,12,-7,-8
-35.25,9,-10,-5
-35.25,9,-10,-5
-35.25,9,-10,-5
-35.25,9,-10,-5
-35.25,9,-10,-5
-35.25,9,-10,-5
-35.25,9,-10,-5
-35.25,9,-10,-5
-35.25,9,-10,-5
-35.25,9,-10,-5
-35.25,10,-10,-4
-37.365,10,-7,-5
-37.365,10,-7,-5
-38.07,11,-6,-5
-37.365,10,-7,-4
-37.365,10,-7,-5
-38.07,11,-6,-5
-35.25,10,-10,-4
-37.365,10,-7,-4
-38.07,11,-6,-5
-38.07,9,-6,-6
-38.07,9,-6,-6
-38.07,9,-6,-6
-38.07,9,-6,-6
-38.07,9,-6,-6
-38.07,9,-6,-6
-38.07,9,-6,-6
-38.07,9,-6,-6
-38.07,9,-6,-6
-38.07,9,-6,-6
-37.365,9,-7,-5
-37.365,9,-7,-4
-37.365,9,-7,-4
-37.365,9,-7,-4
-37.365,9,-7,-5
-37.365,9,-7,-4
-37.365,9,-7,-4
-37.365,9,-7,-4
-37.365,9,-7,-4
-37.365,9,-7,-4
-36.66,9,-8,-3
-32.43,8,-14,-4
-36.66,9,-8,-3
-36.66,9,-8,-3
-32.43,8,-14,-4
-32.43,8,-14,-4
-32.43,8,-14,-4
-32.43,8,-14,-4
-32.43,8,-14,-4
-36.66,9,-8,-3
-33.135,11,-13,-5
-32.43,10,-14,-4
-33.135,11,-13,-5
-33.135,11,-13,-5
-33.135,11,-13,-5
-33.135,11,-13,-5
-33.135,11,-13,-5
-33.135,11,-13,-5
-33.135,11,-13,-5
-33.135,11,-13,-5
-39.48,11,-4,-6
-39.48,11,-4,-6
-39.48,11,-4,-6
-39.48,11,-4,-6
-39.48,11,-4,-6
-39.48,11,-4,-6
-39.48,11,-4,-6
-39.48,11,-4,-6
-39.48,11,-4,-6
-39.48,11,-4,-6
-32.43,8,-14,-2
-34.545,9,-11,-2
-32.43,8,-14,-3
-32.43,8,-14,-2
-32.43,8,-14,-2
-32.43,8,-14,-2
-32.43,8,-14,-3
-32.43,8,-14,-3
-36.66,10,-8,-4
-34.545,9,-11,-2
-36.66,9,-8,-5
-36.66,9,-8,-5
-36.66,9,-8,-6
-36.66,9,-8,-5
-36.66,9,-8,-6
-36.66,9,-8,-5
-36.66,9,-8,-5
-36.66,9,-8,-6
-36.66,9,-8,-5
-36.66,9,-8,-5
-35.25,11,-10,-7
-31.02,9,-16,-5
-31.02,9,-16,-5
-35.25,11,-10,-7
-31.02,9,-16,-5
-31.02,9,-16,-5
-31.02,9,-16,-3
-35.25,10,-10,-4
-35.25,11,-10,-7
-31.02,9,-16,-5
-36.66,10,-8,-3
-38.07,11,-6,-7
-36.66,10,-8,-3
-36.66,10,-8,-3
-36.66,10,-8,-3
-38.07,11,-6,-7
-36.66,10,-8,-3
-36.66,10,-8,-3
-36.66,10,-8,-3
-36.66,10,-8,-3
-35.955,9,-9,-5
-35.955,9,-9,-5
-35.955,9,-9,-5
-35.955,9,-9,-5
-35.955,9,-9,-5
-35.955,9,-9,-5
-35.955,9,-9,-5
-35.955,9,-9,-5
-35.955,9,-9,-5
-35.955,9,-9,-5
-35.955,11,-9,-7
-35.955,11,-9,-7
-35.955,11,-9,-7
-35.955,11,-9,-7
-35.955,11,-9,-7
-33.84,10,-12,-4
-35.955,11,-9,-7
-35.955,11,-9,-7
-35.955,11,-9,-7
-35.955,11,-9,-7
-35.25,9,-10,-6
-35.25,9,-10,-6
-35.25,9,-10,-5
-35.25,9,-10,-6
-35.25,9,-10,-6
-35.25,9,-10,-6
-35.25,9,-10,-6
-35.25,9,-10,-6
-35.25,9,-10,-6
-35.25,9,-10,-6
-34.545,11,-11,-6
-34.545,11,-11,-6
-34.545,11,-11,-6
-34.545,11,-11,-6
-34.545,11,-11,-6
-34.545,11,-11,-6
-34.545,11,-11,-6
-34.545,11,-11,-6
-34.545,11,-11,-6
-34.545,11,-11,-6
-38.07,10,-6,-3
-38.07,10,-6,-3
-38.07,10,-6,-3
-36.66,10,-8,-4
-38.07,10,-6,-3
-37.365,11,-7,-5
-38.07,10,-6,-3
-36.66,10,-8,-3
-38.07,10,-6,-3
-36.66,11,-8,-6
-38.775,11,-5,-7
-38.775,11,-5,-7
-38.775,11,-5,-7
-38.775,11,-5,-7
-38.775,11,-5,-7
-38.775,11,-5,-7
-38.775,11,-5,-7
-38.775,11,-5,-7
-38.775,11,-5,-7
-38.775,11,-5,-7
-38.775,11,-5,-5
-38.775,11,-5,-5
-38.775,11,-5,-5
-38.775,11,-5,-5
-38.775,11,-5,-5
-38.775,11,-5,-5
-38.775,11,-5,-5
-38.775,11,-5,-5
-38.775,11,-5,-5
-38.775,11,-5,-5
-36.66,9,-8,-3
-36.66,10,-8,-4
-36.66,10,-8,-4
-36.66,9,-8,-3
-36.66,9,-8,-3
-36.66,10,-8,-4
-36.66,9,-8,-3
-36.66,10,-8,-4
-36.66,9,-8,-3
-36.66,10,-8,-4
-36.66,10,-8,-4
-40.89,12,-2,-6
-36.66,10,-8,-4
-36.66,10,-8,-4
-36.66,10,-8,-4
-36.66,10,-8,-4
-36.66,10,-8,-4
-38.07,11,-6,-5
-36.66,10,-8,-4
-36.66,10,-8,-4
-34.545,9,-11,-5
-34.545,9,-11,-5
-34.545,9,-11,-5
-34.545,9,-11,-5
-34.545,9,-11,-5
-34.545,9,-11,-5
-34.545,9,-11,-5
-34.545,9,-11,-5
-34.545,9,-11,-5
-35.955,10,-9,-4
-37.365,10,-7,-4
-37.365,10,-7,-4
-37.365,10,-7,-4
-37.365,10,-7,-4
-37.365,10,-7,-4
-37.365,10,-7,-4
-37.365,10,-7,-4
-37.365,10,-7,-4
-37.365,10,-7,-4
-37.365,10,-7,-4
-37.365,10,-7,-6
-37.365,10,-7,-6
-37.365,10,-7,-6
-37.365,10,-7,-6
-37.365,10,-7,-6
-37.365,10,-7,-6
-37.365,10,-7,-6
-37.365,10,-7,-6
-37.365,10,-7,-6
-37.365,10,-7,-6
-31.725,8,-15,-3
-31.725,8,-15,-3
-31.725,8,-15,-3
-31.725,8,-15,-3
-31.725,8,-15,-3
-31.02,9,-16,-6
-31.725,8,-15,-3
-31.725,8,-15,-3
-31.02,9,-16,-6
-30.315,8,-17,-4
-29.61,7,-18,-3
-29.61,7,-18,-3
-29.61,7,-18,-3
-29.61,7,-18,-3
-29.61,7,-18,-3
-29.61,7,-18,-3
-30.315,8,-17,-2
-29.61,7,-18,-3
-29.61,7,-18,-3
-29.61,7,-18,-3
-35.25,9,-10,-3
-35.25,9,-10,-3
-37.365,10,-7,-4
-37.365,10,-7,-4
-37.365,10,-7,-4
-35.25,9,-10,-3
-37.365,10,-7,-4
-37.365,10,-7,-4
-37.365,10,-7,-4
-37.365,10,-7,-4
-39.48,10,-4,-4
-39.48,10,-4,-4
-39.48,10,-4,-4
-39.48,10,-4,-4
-39.48,10,-4,-4
-39.48,10,-4,-4
-39.48,10,-4,-4
-39.48,10,-4,-4
-39.48,10,-4,-4
-39.48,10,-4,-4
