-41.63,9,-14,-5
-41.63,9,-14,-5
-41.63,9,-14,-5
-41.63,9,-14,-5
-41.63,9,-14,-5
-41.63,9,-14,-5
-41.63,9,-14,-5
-41.63,9,-14,-5
-41.63,9,-14,-5
-38.01,9,-18,-4
-38.01,9,-18,-2
-39.82,10,-16,-2
-44.345,10,-11,-3
-38.01,8,-18,-1
-44.345,10,-11,-2
-38.915,9,-17,-2
-38.01,9,-18,-2
-38.915,9,-17,-3
-38.915,9,-17,-3
-45.25,11,-10,-4
-35.295,7,-21,-3
-42.535,9,-13,-1
-38.915,9,-17,-3
-41.63,8,-14,-1
-40.725,9,-15,-4
-40.725,9,-15,-4
-41.63,8,-14,-1
-35.295,7,-21,-3
-42.535,9,-13,-1
-42.535,9,-13,-1
-38.01,9,-18,-2
-39.82,10,-16,-4
-37.105,8,-19,-2
-38.01,9,-18,-2
-38.915,9,-17,-2
-38.01,9,-18,-2
-38.01,9,-18,-2
-37.105,8,-19,-2
-38.01,9,-18,-3
-38.915,9,-17,-4
-47.965,11,-7,-4
-47.965,11,-7,-4
-47.965,11,-7,-5
-47.965,11,-7,-5
-47.965,11,-7,-5
-47.965,11,-7,-4
-47.965,11,-7,-5
-47.965,11,-7,-4
-47.965,11,-7,-4
-45.25,10,-10,-3
-38.915,8,-17,-2
-41.63,8,-14,-3
-38.915,8,-17,-2
-38.915,8,-17,-2
-38.915,8,-17,-2
-38.915,8,-17,-2
-38.915,8,-17,-2
-38.915,8,-17,-2
-38.915,8,-17,-2
-38.915,8,-17,-2
-39.82,8,-16,-2
-34.39,7,-22,-2
-39.82,8,-16,-2
-39.82,8,-16,-2
-39.82,8,-16,-2
-39.82,8,-16,-2
-39.82,8,-16,-2
-39.82,8,-16,-2
-38.01,8,-18,-3
-39.82,8,-16,-2
-45.25,11,-10,-5
-43.44,10,-12,-5
-44.345,10,-11,-5
-43.44,10,-12,-5
-46.155,12,-9,-5
-43.44,10,-12,-5
-46.155,11,-9,-5
-45.25,11,-10,-5
-43.44,10,-12,-5
-44.345,10,-11,-5
-40.725,9,-15,-3
-40.725,9,-15,-2
-40.725,9,-15,-2
-40.725,9,-15,-3
-40.725,9,-15,-2
-40.725,9,-15,-3
-40.725,9,-15,-3
-40.725,9,-15,-2
-40.725,9,-15,-3
-40.725,9,-15,-3
-42.535,10,-13,-2
-39.82,9,-16,-2
-43.44,11,-12,-4
-43.44,10,-12,-4
-45.25,10,-10,-4
-43.44,10,-12,-2
-38.915,8,-17,-2
-41.63,9,-14,-3
-42.535,10,-13,-3
-38.915,8,-17,-1
-38.915,8,-17,-4
-40.725,9,-15,-3
-38.915,9,-17,-4
-35.295,8,-21,-3
-38.01,8,-18,-3
-41.63,9,-14,-5
-38.915,9,-17,-4
-41.63,9,-14,-5
-43.44,9,-12,-5
-38.01,8,-18,-3
-36.2,8,-20,-2
-36.2,8,-20,-2
-32.58,7,-24,-2
-36.2,8,-20,-3
-36.2,8,-20,-2
-36.2,8,-20,-2
-38.01,9,-18,-4
-36.2,8,-20,-3
-36.2,8,-20,-2
-36.2,8,-20,-2
-38.915,9,-17,-3
-40.725,9,-15,-3
-40.725,9,-15,-3
-42.535,9,-13,-2
-33.485,8,-23,-3
-41.63,9,-14,-3
-40.725,9,-15,-3
-41.63,9,-14,-3
-42.535,9,-13,-2
-41.63,9,-14,-3
-38.01,8,-18,-2
-38.915,9,-17,-2
-36.2,8,-20,-2
-38.01,8,-18,-2
-37.105,8,-19,-2
-38.01,8,-18,-2
-38.01,8,-18,-2
-38.01,8,-18,-1
-38.915,9,-17,-2
-38.01,8,-18,-2
-46.155,11,-9,-5
-46.155,11,-9,-4
-46.155,11,-9,-4
-40.725,9,-15,-3
-45.25,11,-10,-4
-44.345,10,-11,-3
-38.915,8,-17,-2
-44.345,11,-11,-4
-40.725,9,-15,-2
-46.155,11,-9,-4
-46.155,10,-9,-3
-42.535,10,-13,-4
-44.345,10,-11,-4
-44.345,10,-11,-4
-44.345,10,-11,-4
-46.155,10,-9,-3
-44.345,10,-11,-4
-44.345,10,-11,-4
-44.345,10,-11,-4
-44.345,10,-11,-4
-47.06,11,-8,-6
-44.345,10,-11,-6
-44.345,10,-11,-6
-47.06,11,-8,-6
-44.345,10,-11,-6
-44.345,10,-11,-5
-47.06,11,-8,-5
-47.06,11,-8,-5
-44.345,10,-11,-6
-44.345,10,-11,-6
-45.25,9,-10,-5
-38.915,8,-17,-1
-40.725,8,-15,-3
-45.25,9,-10,-5
-45.25,10,-10,-3
-45.25,10,-10,-4
-45.25,10,-10,-3
-40.725,9,-15,-3
-42.535,9,-13,-2
-45.25,10,-10,-3
-38.915,9,-17,-4
-38.915,9,-17,-3
-37.105,8,-19,-3
-37.105,8,-19,-3
-38.915,9,-17,-3
-42.535,11,-13,-5
-38.915,10,-17,-5
-38.915,10,-17,-5
-37.105,8,-19,-2
-40.725,10,-15,-4
-41.63,9,-14,-4
-41.63,9,-14,-4
-42.535,9,-13,-4
-42.535,9,-13,-4
-45.25,11,-10,-5
-42.535,10,-13,-5
-42.535,10,-13,-5
-43.44,11,-12,-5
-45.25,11,-10,-4
-45.25,11,-10,-5
-38.01,9,-18,-3
-39.82,9,-16,-3
-39.82,9,-16,-2
-39.82,9,-16,-3
-39.82,9,-16,-3
-38.01,9,-18,-2
-39.82,9,-16,-3
-39.82,9,-16,-3
-34.39,7,-22,-2
-39.82,9,-16,-3
-38.01,9,-18,-1
-44.345,10,-11,-3
-47.06,10,-8,-4
-47.965,11,-7,-4
-47.06,10,-8,-4
-40.725,9,-15,-4
-42.535,9,-13,-3
-36.2,8,-20,0
-39.82,10,-16,-2
-40.725,10,-15,-2
-38.01,9,-18,-3
-37.105,8,-19,-4
-38.915,9,-17,-3
-38.01,8,-18,-2
-38.915,10,-17,-3
-36.2,8,-20,-4
-38.915,8,-17,-4
-38.915,9,-17,-4
-38.915,9,-17,-3
-38.915,9,-17,-4
-47.965,12,-7,-6
-47.965,12,-7,-6
-42.535,10,-13,-5
-49.775,13,-5,-7
-46.155,11,-9,-5
-47.06,11,-8,-5
-42.535,10,-13,-5
-47.06,11,-8,-5
-47.965,12,-7,-6
-42.535,10,-13,-4
-32.58,6,-24,-2
-32.58,6,-24,-1
-30.77,6,-26,0
-32.58,6,-24,-2
-32.58,6,-24,-2
-32.58,6,-24,-2
-30.77,6,-26,-1
-32.58,6,-24,-2
-30.77,6,-26,-2
-32.58,6,-24,-1
-37.105,9,-19,-4
-37.105,9,-19,-4
-37.105,9,-19,-2
-38.01,10,-18,-3
-38.01,10,-18,-5
-38.01,10,-18,-3
-38.915,11,-17,-4
-38.915,11,-17,-4
-38.915,9,-17,-5
-39.82,10,-16,-4
-28.96,6,-28,-3
-30.77,7,-26,-4
-30.77,7,-26,-3
-32.58,7,-24,-2
-32.58,7,-24,-2
-32.58,9,-24,-4
-32.58,7,-24,-2
-33.485,8,-23,-4
-32.58,7,-24,-2
-32.58,7,-24,-2
-38.915,9,-17,-4
-40.725,10,-15,-4
-38.01,8,-18,-3
-37.105,9,-19,-4
-38.01,9,-18,-4
-38.915,9,-17,-4
-36.2,9,-20,-3
-38.915,9,-17,-4
-40.725,10,-15,-4
-38.01,9,-18,-4
-43.44,9,-12,-2
-43.44,9,-12,-2
-43.44,9,-12,-2
-43.44,9,-12,-2
-43.44,9,-12,-2
-39.82,9,-16,-4
-43.44,9,-12,-2
-43.44,9,-12,-2
-39.82,9,-16,-4
-43.44,9,-12,-2
-36.2,8,-20,-1
-36.2,8,-20,-1
-36.2,8,-20,-1
-33.485,7,-23,-1
-34.39,8,-22,-1
-36.2,8,-20,-1
-34.39,8,-22,-1
-36.2,8,-20,-1
-33.485,8,-23,-2
-34.39,8,-22,-1
-32.58,7,-24,-2
-35.295,8,-21,-2
-35.295,8,-21,-2
-32.58,7,-24,-1
-33.485,7,-23,-3
-35.295,8,-21,-2
-34.39,8,-22,-3
-32.58,7,-24,-1
-33.485,9,-23,-3
-35.295,8,-21,-2
-30.77,7,-26,-2
-32.58,7,-24,-1
-32.58,7,-24,-1
-34.39,8,-22,-1
-34.39,8,-22,-1
-34.39,8,-22,-1
-34.39,8,-22,-1
-34.39,7,-22,-2
-32.58,7,-24,-1
-34.39,7,-22,-2
-46.155,10,-9,-3
-44.345,10,-11,-5
-44.345,10,-11,-5
-47.06,11,-8,-4
-42.535,10,-13,-4
-47.06,11,-8,-4
-42.535,10,-11,-5
-47.06,11,-8,-4
-47.06,11,-8,-4
-44.345,10,-11,-5
-38.915,9,-17,-2
-38.915,9,-17,-3
-38.915,9,-17,-2
-38.915,9,-17,-3
-40.725,10,-15,-3
-41.63,11,-14,-4
-40.725,10,-15,-3
-40.725,11,-15,-4
-41.63,11,-14,-4
-39.82,10,-16,-4
-39.82,8,-16,-4
-39.82,8,-16,-3
-39.82,8,-16,-4
-39.82,8,-16,-4
-42.535,9,-13,-3
-40.725,9,-15,-3
-39.82,10,-16,-4
-39.82,8,-16,-4
-39.82,8,-16,-3
-39.82,8,-16,-4
-44.345,11,-11,-5
-46.155,11,-9,-4
-46.155,11,-9,-4
-44.345,10,-11,-4
-46.155,11,-9,-3
-45.25,11,-10,-5
-46.155,11,-9,-4
-46.155,11,-9,-4
-46.155,11,-9,-4
-47.06,11,-8,-5
-35.295,8,-21,-4
-35.295,8,-21,-4
-38.01,9,-18,-4
-38.01,9,-18,-5
-38.01,9,-18,-4
-35.295,8,-21,-4
-38.915,9,-17,-3
-36.2,9,-20,-3
-38.915,9,-17,-3
-38.01,9,-18,-5
-38.01,9,-18,-2
-38.01,8,-18,-2
-38.01,8,-18,-2
-41.63,9,-14,-3
-38.01,8,-18,-2
-43.44,10,-12,-2
-41.63,9,-14,-2
-41.63,9,-14,-1
-43.44,10,-12,-2
-41.63,9,-14,-1
-37.105,8,-19,-2
-37.105,8,-19,-1
-37.105,8,-19,-1
-37.105,8,-19,-1
-39.82,8,-16,-3
-41.63,9,-14,-2
-37.105,8,-19,-2
-37.105,8,-19,-1
-39.82,8,-16,-3
-41.63,9,-14,-2
-38.915,9,-17,-5
-39.82,9,-16,-5
-41.63,11,-14,-6
-38.915,9,-17,-4
-38.01,8,-18,-4
-39.82,9,-16,-5
-41.63,10,-14,-5
-38.915,9,-17,-3
-38.01,8,-18,-3
-40.725,10,-15,-6
-40.725,9,-15,-2
-42.535,10,-13,-4
-42.535,10,-13,-4
-42.535,10,-13,-4
-42.535,10,-13,-4
-39.82,9,-16,-4
-40.725,9,-15,-4
-39.82,9,-16,-4
-42.535,9,-13,-1
-42.535,11,-13,-5
-38.01,8,-18,-1
-43.44,10,-12,-4
-43.44,10,-12,-4
-41.63,10,-14,-5
-39.82,9,-16,-3
-41.63,9,-14,-2
-34.39,8,-22,-2
-41.63,10,-14,-5
-45.25,11,-10,-5
-38.01,9,-18,-5
-46.155,11,-9,-3
-46.155,11,-9,-3
-46.155,11,-9,-3
-46.155,11,-9,-3
-46.155,11,-9,-3
-46.155,11,-9,-3
-46.155,11,-9,-3
-46.155,11,-9,-3
-46.155,11,-9,-3
-46.155,11,-9,-3
-36.2,8,-20,-3
-34.39,7,-22,-2
-36.2,8,-20,-4
-36.2,8,-20,-3
-37.105,8,-19,-2
-34.39,7,-22,-2
-34.39,7,-22,-1
-34.39,7,-22,-2
-38.01,8,-18,-2
-36.2,8,-20,-2
-45.25,12,-10,-7
-45.25,12,-10,-8
-43.44,12,-12,-7
-41.63,10,-14,-6
-43.44,12,-12,-7
-43.44,12,-12,-7
-45.25,12,-10,-8
-40.725,11,-15,-6
-44.345,11,-11,-7
-43.44,12,-12,-7
-49.775,13,-5,-6
-44.345,11,-11,-4
-49.775,13,-5,-6
-45.25,13,-10,-6
-49.775,13,-5,-6
-49.775,13,-5,-6
-42.535,10,-13,-4
-49.775,13,-5,-6
-49.775,13,-5,-6
-50.68,13,-4,-6
-47.965,12,-7,-5
-47.965,12,-7,-5
-49.775,12,-5,-6
-49.775,12,-5,-6
-49.775,12,-5,-6
-41.63,11,-14,-5
-47.965,12,-7,-5
-45.25,11,-10,-5
-44.345,10,-11,-4
-47.965,12,-7,-5
-32.58,7,-24,-2
-38.915,9,-15,-4
-37.105,8,-19,-2
-37.105,8,-19,-2
-37.105,8,-19,-2
-37.105,8,-19,-2
-38.915,9,-15,-4
-37.105,8,-19,-2
-37.105,8,-19,-3
-38.915,9,-15,-4
-38.915,10,-17,-5
-37.105,10,-19,-4
-37.105,10,-19,-5
-36.2,9,-20,-3
-35.295,9,-21,-3
-37.105,10,-19,-4
-33.485,8,-23,-2
-38.915,10,-17,-5
-40.725,10,-15,-6
-36.2,9,-20,-4
-39.82,9,-16,-4
-39.82,9,-16,-5
-39.82,10,-16,-4
-39.82,9,-16,-4
-40.725,10,-15,-5
-46.155,12,-9,-7
-37.105,8,-19,-3
-39.82,9,-16,-4
-39.82,9,-16,-4
-40.725,9,-15,-4
-46.155,11,-9,-6
-46.155,11,-9,-6
-50.68,14,-4,-9
-46.155,11,-9,-6
-46.155,11,-9,-6
-46.155,11,-9,-6
-49.775,13,-5,-8
-46.155,11,-9,-6
-48.87,13,-6,-8
-48.87,13,-6,-8
-37.105,8,-19,-3
-40.725,10,-15,-3
-39.82,9,-16,-2
-40.725,9,-15,-4
-40.725,10,-15,-4
-38.915,8,-17,-3
-38.915,8,-17,-3
-39.82,9,-16,-2
-39.82,9,-16,-2
-38.915,8,-17,-2
-46.155,11,-9,-3
-46.155,12,-9,-6
-45.25,12,-10,-6
-46.155,11,-9,-4
-46.155,12,-9,-6
-46.155,12,-9,-6
-45.25,12,-10,-5
-46.155,12,-9,-6
-47.06,11,-8,-5
-44.345,11,-11,-6
-39.82,8,-16,-2
-38.01,8,-18,-3
-39.82,8,-16,-2
-39.82,8,-16,-2
-39.82,8,-16,-2
-39.82,8,-16,-2
-39.82,8,-16,-2
-39.82,8,-16,-2
-39.82,8,-16,-2
-39.82,8,-16,-2
-37.105,9,-19,-2
-39.82,9,-16,-3
-39.82,9,-16,-3
-39.82,9,-16,-3
-39.82,9,-16,-3
-39.82,9,-16,-3
-39.82,9,-16,-3
-39.82,9,-16,-4
-39.82,9,-16,-3
-39.82,9,-16,-4
-37.105,10,-19,-5
-38.915,9,-17,-4
-40.725,10,-15,-5
-39.82,9,-16,-4
-39.82,9,-16,-4
-38.01,9,-18,-3
-38.915,10,-17,-4
-38.01,9,-18,-4
-37.105,8,-19,-4
-37.105,10,-19,-5
-41.63,9,-14,-4
-42.535,10,-13,-5
-37.105,8,-19,-2
-37.105,8,-19,-2
-36.2,8,-20,-4
-41.63,9,-14,-4
-37.105,8,-19,-2
-41.63,9,-14,-4
-41.63,9,-14,-4
-37.105,8,-19,-2
-40.725,11,-15,-4
-37.105,9,-19,-2
-43.44,10,-12,-3
-45.25,12,-10,-7
-43.44,10,-12,-3
-47.06,11,-8,-4
-48.87,12,-6,-5
-43.44,11,-12,-5
-45.25,11,-10,-5
-41.63,10,-14,-4
-48.87,11,-6,-5
-48.87,11,-6,-5
-50.68,12,-4,-5
-48.87,11,-6,-5
-48.87,11,-6,-5
-47.965,10,-7,-3
-48.87,11,-6,-5
-47.965,10,-7,-4
-45.25,11,-10,-6
-47.965,10,-7,-3
-40.725,9,-15,-5
-42.535,10,-13,-4
-40.725,10,-15,-6
-42.535,10,-13,-4
-43.44,11,-12,-5
-40.725,10,-15,-4
-42.535,10,-13,-4
-42.535,10,-13,-4
-43.44,11,-12,-5
-40.725,10,-15,-4
-47.965,13,-7,-5
-47.965,13,-7,-5
-47.965,13,-7,-5
-47.965,13,-7,-5
-47.965,13,-7,-5
-48.87,14,-6,-8
-47.965,12,-7,-5
-47.965,12,-7,-5
-47.06,14,-8,-8
-47.965,12,-7,-5
-39.82,9,-16,-2
-39.82,9,-16,-2
-38.915,9,-17,-2
-39.82,9,-16,-2
-39.82,9,-16,-2
-39.82,9,-16,-2
-39.82,9,-16,-2
-39.82,9,-16,-2
-39.82,9,-16,-2
-39.82,9,-16,-2
-36.2,8,-20,-2
-40.725,9,-15,-4
-39.82,10,-16,-4
-40.725,9,-15,-3
-38.01,8,-18,-3
-37.105,9,-19,-4
-40.725,9,-15,-3
-40.725,9,-15,-4
-38.915,9,-17,-3
-37.105,8,-19,-2
-40.725,8,-15,-1
-38.915,8,-17,-2
-38.915,8,-17,-3
-40.725,8,-15,-1
-40.725,8,-15,-1
-40.725,8,-15,-2
-38.915,8,-17,-2
-40.725,8,-15,-2
-40.725,8,-15,-1
-40.725,8,-15,-2
-38.915,8,-17,-2
-38.915,8,-17,-2
-39.82,9,-16,-3
-38.915,10,-17,-2
-39.82,9,-16,-3
-38.915,8,-17,-2
-38.915,8,-17,-2
-39.82,9,-16,-3
-39.82,9,-16,-3
-39.82,9,-16,-3
-41.63,10,-14,-5
-41.63,10,-14,-5
-39.82,8,-16,-2
-40.725,9,-15,-4
-41.63,8,-14,-2
-41.63,9,-14,-4
-41.63,8,-14,-2
-38.915,9,-17,-3
-38.01,9,-18,-2
-38.01,9,-18,-2
-38.01,9,-18,-3
-38.01,9,-18,-3
-38.01,9,-18,-3
-38.01,9,-18,-3
-38.01,9,-18,-3
-38.01,9,-18,-3
-38.01,9,-18,-3
-38.01,9,-18,-3
-38.01,9,-18,-3
-38.01,9,-18,-3
-42.535,9,-13,-3
-40.725,9,-15,-3
-42.535,9,-13,-3
-43.44,9,-12,-2
-44.345,9,-11,-2
-40.725,9,-15,-3
-43.44,9,-12,-2
-42.535,9,-13,-2
-40.725,9,-15,-3
-39.82,9,-16,-4
-43.44,9,-12,-2
-47.06,11,-8,-4
-47.06,11,-8,-4
-47.06,11,-8,-4
-43.44,9,-12,-2
-47.06,11,-8,-4
-47.06,11,-8,-4
-47.06,11,-8,-4
-47.06,11,-8,-4
-47.06,11,-8,-4
-47.965,11,-7,-4
-45.25,10,-10,-3
-46.155,11,-9,-4
-47.965,11,-7,-4
-47.965,11,-7,-4
-43.44,9,-12,-3
-46.155,11,-9,-4
-45.25,10,-10,-3
-41.63,10,-14,-3
-44.345,12,-11,-6
-44.345,11,-11,-6
-43.44,11,-12,-5
-44.345,11,-11,-6
-43.44,10,-12,-5
-45.25,11,-10,-5
-41.63,9,-14,-4
-43.44,11,-12,-5
-43.44,11,-12,-5
-42.535,9,-13,-5
-42.535,10,-13,-5
-38.01,9,-18,-4
-38.01,9,-18,-4
-38.915,10,-17,-5
-38.01,9,-18,-3
-38.01,9,-18,-4
-43.44,12,-12,-7
-42.535,12,-13,-8
-38.01,9,-18,-3
-38.915,10,-17,-5
-42.535,12,-13,-8
-40.725,10,-15,-3
-41.63,11,-14,-4
-41.63,11,-14,-4
-41.63,11,-14,-4
-39.82,9,-16,-2
-40.725,10,-15,-3
-39.82,9,-16,-2
-41.63,11,-14,-4
-41.63,11,-14,-4
-45.25,12,-10,-5
-43.44,11,-12,-3
-45.25,11,-10,-4
-43.44,11,-12,-4
-39.82,10,-16,-4
-44.345,11,-11,-5
-43.44,11,-12,-3
-43.44,11,-12,-4
-39.82,9,-16,-2
-44.345,10,-11,-2
-41.63,10,-14,-4
-43.44,11,-12,-6
-39.82,11,-16,-6
-43.44,11,-12,-7
-40.725,10,-15,-5
-43.44,11,-12,-7
-43.44,11,-12,-6
-41.63,11,-14,-5
-42.535,11,-13,-5
-42.535,12,-13,-8
-42.535,11,-13,-6
-40.725,8,-15,-2
-40.725,8,-15,-2
-40.725,8,-15,-2
-40.725,9,-15,-3
-40.725,9,-15,-3
-40.725,9,-15,-3
-40.725,8,-15,-2
-40.725,9,-15,-2
-40.725,9,-15,-3
-40.725,9,-15,-3
-36.2,7,-20,-2
-36.2,7,-20,-2
-36.2,7,-20,-2
-36.2,7,-20,-2
-36.2,7,-20,-2
-36.2,7,-20,-2
-34.39,7,-22,-2
-36.2,7,-20,-2
-36.2,7,-20,-2
-36.2,7,-20,-2
-43.44,10,-12,-5
-45.25,11,-10,-6
-39.82,9,-16,-4
-43.44,10,-12,-5
-42.535,10,-13,-5
-42.535,9,-13,-4
-42.535,9,-13,-4
-45.25,11,-10,-6
-43.44,10,-12,-5
-42.535,9,-13,-4
-41.63,9,-14,-3
-41.63,9,-14,-3
-40.725,8,-15,-2
-41.63,9,-14,-3
-40.725,8,-15,-2
-41.63,9,-14,-3
-40.725,8,-15,-2
-41.63,9,-14,-3
-38.915,9,-17,-3
-40.725,8,-15,-2
-39.82,9,-16,-5
-39.82,8,-16,-5
-42.535,9,-13,-6
-39.82,9,-16,-5
-42.535,9,-13,-5
-39.82,9,-16,-5
-39.82,9,-16,-5
-39.82,9,-16,-5
-42.535,9,-13,-6
-39.82,9,-16,-5
-37.105,8,-19,-4
-35.295,8,-21,-4
-37.105,8,-19,-4
-35.295,8,-21,-4
-35.295,8,-21,-4
-35.295,8,-21,-4
-35.295,8,-21,-2
-35.295,8,-21,-2
-36.2,7,-20,-3
-35.295,8,-21,-4
-36.2,8,-20,-4
-36.2,8,-20,-3
-33.485,7,-23,-1
-32.58,7,-24,-3
-37.105,9,-19,-4
-33.485,7,-23,-2
-35.295,8,-21,-3
-34.39,8,-22,-4
-35.295,8,-21,-4
-35.295,8,-21,-3
-36.2,7,-20,-3
-38.01,8,-18,-3
-36.2,8,-20,-3
-38.01,8,-18,-4
-38.01,8,-18,-4
-38.01,8,-18,-4
-36.2,7,-20,-3
-38.01,8,-18,-4
-38.01,8,-18,-4
-38.01,8,-18,-4
-36.2,8,-20,-3
-38.915,9,-17,-3
-38.915,9,-17,-3
-38.915,9,-17,-3
-36.2,8,-20,-3
-36.2,8,-20,-3
-34.39,7,-22,-3
-34.39,7,-22,-3
-38.01,9,-18,-4
-38.915,9,-17,-4
-38.01,7,-18,-2
-38.01,7,-18,-2
-38.01,7,-18,-2
-38.915,8,-17,-2
-38.01,7,-18,-2
-38.915,8,-17,-2
-38.01,7,-18,-2
-38.01,9,-18,-3
-40.725,10,-15,-4
-38.01,9,-18,-3
-39.82,10,-16,-4
-39.82,10,-16,-4
-39.82,10,-16,-4
-34.39,8,-22,-2
-39.82,10,-16,-4
-39.82,10,-16,-4
-38.915,9,-17,-3
-39.82,10,-16,-4
-36.2,10,-20,-4
-37.105,11,-19,-6
-36.2,8,-20,-2
-45.25,10,-10,-4
-43.44,9,-12,-2
-42.535,9,-13,-4
-41.63,9,-14,-3
-42.535,9,-13,-4
-44.345,10,-11,-5
-43.44,9,-12,-2
-43.44,9,-12,-4
-43.44,9,-12,-2
-45.25,11,-10,-4
-46.155,11,-9,-3
-45.25,11,-10,-4
-44.345,10,-11,-3
-45.25,11,-10,-4
-48.87,12,-6,-6
-46.155,11,-9,-3
-45.25,11,-10,-4
-44.345,10,-11,-4
-48.87,13,-6,-5
-48.87,12,-6,-7
-47.06,11,-8,-3
-48.87,12,-6,-7
-48.87,12,-6,-7
-47.06,11,-8,-3
-48.87,12,-6,-7
-47.965,12,-7,-7
-48.87,12,-6,-7
-48.87,12,-6,-7
-47.06,11,-8,-4
-38.915,10,-17,-6
-31.675,8,-25,-3
-42.535,10,-13,-5
-38.01,9,-18,-4
-38.01,9,-18,-4
-36.2,9,-20,-4
-38.915,10,-17,-5
-38.01,9,-18,-3
-44.345,10,-11,-5
-38.915,10,-17,-5
-46.155,10,-9,-4
-47.06,10,-8,-3
-47.06,10,-8,-3
-47.06,10,-8,-3
-47.06,10,-8,-3
-47.06,10,-8,-3
-47.06,10,-8,-3
-47.06,10,-8,-3
-48.87,11,-6,-5
-47.06,10,-8,-3
-44.345,13,-11,-6
-50.68,13,-4,-5
-47.965,12,-7,-5
-49.775,12,-5,-4
-42.535,11,-13,-4
-45.25,11,-10,-4
-47.06,13,-8,-6
-42.535,9,-13,-3
-50.68,12,-4,-5
-50.68,12,-4,-6
-29.865,7,-27,-1
-29.865,8,-27,-4
-30.77,8,-26,-4
-29.865,8,-27,-3
-29.865,7,-27,-2
-29.865,8,-27,-3
-29.865,8,-27,-3
-29.865,8,-27,-4
-29.865,8,-27,-3
-30.77,8,-26,-4
-41.63,9,-14,-5
-41.63,9,-14,-5
-41.63,9,-14,-5
-40.725,9,-15,-3
-41.63,9,-14,-5
-43.44,10,-12,-6
-43.44,10,-12,-6
-41.63,9,-14,-2
-41.63,9,-14,-5
-42.535,10,-13,-5
-48.87,11,-6,-3
-45.25,10,-10,-3
-49.775,12,-5,-5
-48.87,12,-6,-5
-48.87,11,-6,-4
-49.775,12,-5,-5
-49.775,12,-5,-4
-49.775,12,-5,-4
-49.775,12,-5,-4
-49.775,12,-5,-4
-43.44,10,-12,-5
-43.44,10,-12,-5
-43.44,10,-12,-5
-45.25,10,-10,-5
-42.535,9,-13,-4
-45.25,10,-10,-5
-45.25,10,-10,-5
-43.44,10,-12,-5
-43.44,10,-12,-5
-43.44,10,-12,-5
-38.01,8,-18,-4
-38.01,8,-18,-4
-39.82,9,-16,-3
-38.01,8,-18,-4
-39.82,9,-16,-3
-38.01,8,-18,-4
-39.82,9,-16,-3
-39.82,9,-16,-3
-39.82,9,-16,-3
-38.01,8,-18,-3
-39.82,9,-16,-2
-42.535,11,-13,-4
-41.63,9,-14,-3
-41.63,10,-14,-4
-40.725,10,-15,-3
-44.345,11,-11,-4
-41.63,9,-14,-2
-40.725,10,-15,-3
-41.63,9,-14,-2
-41.63,9,-14,-2
-37.105,8,-19,-1
-34.39,7,-22,-1
-37.105,8,-19,-3
-37.105,8,-19,-2
-38.915,9,-17,-3
-36.2,8,-20,-2
-37.105,8,-19,-2
-34.39,7,-22,-2
-37.105,8,-19,-2
-37.105,8,-19,-3
-30.77,7,-26,-2
-35.295,8,-21,-1
-35.295,8,-21,-1
-35.295,8,-21,-1
-32.58,7,-24,-2
-35.295,8,-21,-1
-28.96,6,-28,-2
-33.485,8,-23,-2
-32.58,7,-24,-1
-33.485,8,-23,-3
