-41.63,9,-14,-5
-41.63,9,-14,-5
-41.63,9,-14,-5
-41.63,9,-14,-5
-41.63,9,-14,-5
-38.01,9,-18,-4
-41.63,9,-14,-5
-41.63,9,-14,-5
-41.63,9,-14,-5
-41.63,9,-14,-5
-39.82,10,-16,-2
-39.82,10,-16,-2
-39.82,10,-16,-2
-45.25,11,-10,-4
-39.82,10,-16,-2
-45.25,11,-10,-4
-39.82,10,-16,-2
-45.25,11,-10,-4
-45.25,11,-10,-6
-45.25,11,-10,-6
-42.535,9,-13,-1
-42.535,9,-13,-1
-42.535,9,-13,-1
-42.535,9,-13,-1
-42.535,9,-13,-1
-42.535,9,-13,-1
-42.535,9,-13,-1
-42.535,9,-13,-1
-42.535,9,-13,-1
-42.535,9,-13,-1
-38.01,9,-18,-2
-38.01,9,-18,-2
-38.01,9,-18,-2
-38.01,9,-18,-2
-38.01,9,-18,-2
-38.01,9,-18,-2
-38.01,9,-18,-2
-38.01,9,-18,-2
-38.01,9,-18,-2
-38.01,9,-18,-2
-47.965,11,-7,-4
-47.965,11,-7,-5
-47.965,11,-7,-5
-47.965,11,-7,-4
-47.965,11,-7,-5
-47.965,11,-7,-5
-47.965,11,-7,-5
-47.965,11,-7,-4
-47.965,11,-7,-4
-47.965,11,-7,-4
-41.63,8,-14,-3
-38.915,8,-17,-2
-38.915,8,-17,-2
-38.915,8,-17,-2
-38.915,8,-17,-2
-38.915,8,-17,-2
-38.915,8,-17,-2
-38.915,8,-17,-2
-38.915,8,-17,-2
-38.915,8,-17,-2
-38.01,8,-18,-3
-38.01,8,-18,-3
-38.01,8,-18,-3
-39.82,8,-16,-2
-38.01,8,-18,-3
-38.01,8,-18,-3
-39.82,8,-16,-2
-39.82,8,-16,-2
-39.82,8,-16,-2
-39.82,8,-16,-2
-43.44,10,-12,-5
-43.44,10,-12,-5
-43.44,10,-12,-5
-43.44,10,-12,-5
-43.44,10,-12,-5
-45.25,11,-10,-5
-43.44,10,-12,-5
-43.44,10,-12,-5
-43.44,10,-12,-5
-45.25,11,-10,-5
-40.725,9,-15,-3
-40.725,9,-15,-3
-40.725,9,-15,-3
-40.725,9,-15,-3
-40.725,9,-15,-3
-40.725,9,-15,-3
-40.725,9,-15,-3
-40.725,9,-15,-3
-40.725,9,-15,-3
-40.725,9,-15,-3
-47.06,11,-8,-4
-47.06,11,-8,-4
-45.25,11,-10,-5
-47.06,11,-8,-4
-42.535,10,-13,-4
-46.155,11,-9,-4
-46.155,11,-9,-4
-42.535,10,-13,-4
-45.25,11,-10,-5
-46.155,11,-9,-4
-38.915,9,-17,-4
-35.295,8,-21,-3
-38.915,9,-17,-4
-38.915,9,-17,-5
-38.915,9,-17,-4
-38.915,9,-17,-5
-38.915,9,-17,-5
-38.915,9,-17,-4
-38.915,9,-17,-4
-38.915,9,-17,-4
-36.2,8,-20,-3
-36.2,8,-20,-2
-36.2,8,-20,-3
-34.39,7,-22,-2
-36.2,8,-20,-3
-36.2,8,-20,-3
-36.2,8,-20,-2
-36.2,8,-20,-2
-36.2,8,-20,-2
-36.2,8,-20,-3
-35.295,8,-21,-3
-41.63,9,-14,-3
-41.63,9,-14,-3
-41.63,9,-14,-3
-41.63,9,-14,-3
-41.63,9,-14,-3
-41.63,9,-14,-3
-41.63,9,-14,-3
-35.295,8,-21,-3
-41.63,9,-14,-3
-37.105,9,-19,-3
-38.01,8,-18,-2
-38.01,8,-18,-2
-38.01,8,-18,-2
-38.01,8,-18,-2
-38.01,8,-18,-2
-38.01,8,-18,-2
-38.01,8,-18,-2
-38.01,8,-18,-2
-38.01,8,-18,-2
-42.535,10,-13,-3
-44.345,11,-11,-5
-46.155,11,-9,-5
-44.345,11,-11,-5
-44.345,11,-11,-5
-44.345,11,-11,-4
-44.345,11,-11,-4
-42.535,10,-13,-3
-42.535,10,-13,-3
-42.535,10,-13,-3
-44.345,10,-11,-4
-44.345,10,-11,-4
-44.345,10,-11,-4
-44.345,10,-11,-4
-44.345,10,-11,-4
-46.155,10,-9,-3
-44.345,10,-11,-4
-44.345,10,-11,-4
-44.345,10,-11,-4
-46.155,10,-9,-3
-44.345,10,-11,-6
-44.345,10,-11,-6
-44.345,10,-11,-6
-44.345,10,-11,-6
-44.345,10,-11,-6
-44.345,10,-11,-6
-44.345,10,-11,-6
-44.345,10,-11,-6
-44.345,10,-11,-6
-44.345,10,-11,-6
-45.25,9,-10,-2
-41.63,9,-14,-3
-40.725,8,-15,-3
-45.25,9,-10,-5
-45.25,10,-10,-4
-45.25,9,-10,-5
-41.63,9,-14,-3
-45.25,9,-10,-5
-45.25,9,-10,-5
-45.25,9,-10,-5
-42.535,11,-13,-5
-38.915,10,-17,-5
-39.82,10,-16,-4
-39.82,10,-16,-4
-42.535,11,-13,-5
-37.105,8,-19,-4
-38.915,10,-17,-5
-42.535,11,-13,-5
-39.82,10,-16,-4
-39.82,10,-16,-4
-46.155,10,-9,-4
-46.155,10,-9,-5
-46.155,10,-9,-4
-46.155,10,-9,-5
-46.155,10,-9,-4
-46.155,11,-9,-5
-46.155,10,-9,-5
-46.155,10,-9,-4
-46.155,11,-9,-5
-46.155,10,-9,-4
-39.82,9,-16,-2
-39.82,9,-16,-3
-39.82,9,-16,-3
-39.82,9,-16,-3
-39.82,9,-16,-2
-39.82,9,-16,-3
-39.82,9,-16,-3
-39.82,9,-16,-2
-39.82,9,-16,-3
-39.82,9,-16,-2
-40.725,9,-15,-2
-48.87,11,-6,-4
-43.44,11,-12,-3
-48.87,11,-6,-4
-48.87,11,-6,-4
-47.965,10,-7,-4
-43.44,10,-12,-2
-42.535,10,-13,-2
-43.44,11,-12,-3
-47.965,10,-7,-4
-38.915,9,-17,-4
-38.01,8,-18,-2
-38.915,9,-17,-4
-38.01,8,-18,-2
-38.915,9,-17,-4
-38.01,8,-18,-3
-38.915,9,-17,-4
-38.915,8,-17,-4
-38.915,9,-17,-4
-33.485,7,-23,-1
-48.87,12,-6,-5
-49.775,14,-5,-7
-49.775,14,-5,-7
-47.965,14,-7,-9
-48.87,12,-6,-5
-44.345,11,-11,-5
-44.345,11,-11,-5
-49.775,14,-5,-7
-49.775,14,-5,-7
-44.345,11,-11,-5
-32.58,6,-24,-1
-32.58,6,-24,-2
-32.58,6,-24,-2
-32.58,6,-24,-1
-32.58,6,-24,-1
-32.58,6,-24,-2
-32.58,6,-24,-2
-32.58,6,-24,-2
-32.58,6,-24,-2
-32.58,6,-24,-1
-38.915,11,-17,-4
-38.01,10,-18,-5
-42.535,10,-13,-4
-38.915,11,-17,-4
-38.915,11,-17,-4
-38.915,11,-17,-4
-38.01,10,-18,-5
-38.915,11,-17,-4
-38.01,10,-18,-5
-38.915,11,-17,-4
-33.485,8,-23,-4
-33.485,8,-23,-4
-32.58,7,-24,-2
-33.485,8,-23,-4
-33.485,8,-23,-4
-34.39,8,-22,-4
-33.485,8,-23,-4
-34.39,8,-22,-4
-33.485,8,-23,-4
-34.39,8,-22,-4
-36.2,9,-20,-3
-38.915,9,-17,-4
-36.2,9,-20,-4
-40.725,10,-15,-5
-38.915,9,-17,-4
-38.01,9,-18,-4
-38.915,10,-17,-4
-38.915,10,-17,-4
-38.01,9,-18,-4
-38.915,10,-17,-4
-43.44,9,-12,-2
-43.44,9,-12,-2
-43.44,9,-12,-2
-43.44,9,-12,-2
-43.44,9,-12,-2
-43.44,9,-12,-2
-43.44,9,-12,-2
-43.44,9,-12,-2
-43.44,9,-12,-2
-43.44,9,-12,-2
-36.2,8,-20,-1
-36.2,8,-20,-1
-36.2,8,-20,-1
-34.39,8,-22,-1
-36.2,8,-20,-1
-36.2,8,-20,-1
-36.2,8,-20,-1
-36.2,8,-20,-1
-36.2,8,-20,-1
-36.2,8,-20,-1
-35.295,8,-21,-2
-34.39,8,-22,-3
-35.295,8,-21,-2
-35.295,8,-21,-2
-35.295,8,-21,-2
-32.58,7,-24,-1
-32.58,7,-24,-1
-35.295,8,-21,-2
-35.295,8,-21,-2
-35.295,8,-21,-2
-34.39,8,-22,-1
-32.58,7,-24,-1
-34.39,8,-22,-1
-34.39,8,-22,-1
-32.58,7,-24,0
-34.39,8,-22,-1
-34.39,8,-22,-1
-34.39,8,-22,-1
-34.39,8,-22,-1
-32.58,7,-24,-1
-40.725,10,-15,-4
-47.06,11,-8,-5
-47.06,11,-8,-5
-44.345,10,-11,-5
-47.06,11,-8,-5
-44.345,10,-11,-5
-44.345,10,-11,-5
-47.06,11,-8,-5
-44.345,10,-11,-5
-47.06,11,-8,-5
-41.63,11,-14,-4
-41.63,11,-14,-4
-41.63,11,-14,-4
-41.63,11,-14,-4
-41.63,11,-14,-4
-42.535,10,-13,-4
-41.63,11,-14,-4
-41.63,11,-14,-4
-41.63,11,-14,-4
-41.63,11,-14,-4
-38.915,9,-17,-3
-39.82,8,-16,-4
-39.82,8,-16,-4
-39.82,8,-16,-4
-39.82,8,-16,-4
-39.82,10,-16,-4
-39.82,8,-16,-4
-39.82,8,-16,-4
-39.82,8,-16,-4
-39.82,8,-16,-4
-46.155,11,-9,-4
-46.155,11,-9,-4
-46.155,11,-9,-4
-46.155,11,-9,-4
-46.155,11,-9,-4
-46.155,11,-9,-4
-46.155,11,-9,-4
-46.155,11,-9,-4
-46.155,11,-9,-4
-46.155,11,-9,-4
-38.01,9,-18,-4
-35.295,8,-21,-4
-40.725,10,-15,-5
-35.295,8,-21,-4
-38.01,9,-18,-3
-35.295,8,-21,-3
-38.915,9,-17,-2
-38.01,9,-18,-4
-38.01,9,-18,-4
-37.105,9,-19,-4
-43.44,10,-12,-2
-43.44,10,-12,-2
-43.44,10,-12,-2
-43.44,10,-12,-2
-43.44,10,-12,-2
-43.44,10,-12,-2
-43.44,10,-12,-2
-43.44,10,-12,-2
-39.82,9,-16,-1
-43.44,10,-12,-2
-39.82,8,-16,-3
-38.01,9,-18,-2
-39.82,8,-16,-3
-37.105,8,-19,-2
-39.82,8,-16,-3
-39.82,8,-16,-3
-36.2,8,-20,-3
-37.105,8,-19,-1
-39.82,8,-16,-3
-39.82,8,-16,-3
-39.82,9,-16,-5
-38.915,9,-17,-3
-39.82,9,-16,-5
-38.915,9,-17,-3
-38.915,9,-17,-3
-39.82,9,-16,-5
-38.915,9,-17,-3
-38.915,9,-17,-4
-38.915,9,-17,-3
-39.82,9,-16,-5
-41.63,10,-14,-4
-41.63,9,-14,-3
-41.63,10,-14,-5
-41.63,10,-14,-3
-42.535,9,-13,-1
-41.63,10,-14,-3
-41.63,10,-14,-4
-41.63,10,-14,-5
-41.63,10,-14,-5
-41.63,10,-14,-3
-45.25,11,-10,-5
-45.25,11,-10,-5
-41.63,10,-14,-5
-45.25,11,-10,-5
-45.25,11,-10,-5
-45.25,11,-10,-5
-38.01,8,-18,0
-45.25,11,-10,-5
-45.25,11,-10,-5
-45.25,11,-10,-5
-46.155,11,-9,-3
-46.155,11,-9,-3
-43.44,10,-12,-4
-46.155,11,-9,-3
-46.155,11,-9,-3
-46.155,11,-9,-3
-46.155,11,-9,-3
-43.44,10,-12,-4
-46.155,11,-9,-3
-46.155,11,-9,-3
-34.39,7,-22,-2
-36.2,8,-20,-3
-34.39,7,-22,-2
-36.2,8,-20,-2
-36.2,8,-20,-2
-34.39,7,-22,-2
-34.39,7,-22,-2
-34.39,7,-22,-2
-34.39,7,-22,-2
-34.39,7,-22,-2
-45.25,12,-10,-6
-43.44,12,-12,-5
-42.535,11,-13,-5
-42.535,11,-13,-5
-41.63,10,-14,-6
-41.63,11,-14,-5
-40.725,11,-15,-5
-42.535,11,-13,-5
-43.44,12,-12,-6
-43.44,12,-12,-7
-49.775,13,-5,-6
-49.775,13,-5,-6
-49.775,13,-5,-6
-49.775,13,-5,-6
-44.345,11,-11,-4
-49.775,13,-5,-6
-49.775,13,-5,-6
-49.775,13,-5,-6
-44.345,11,-11,-4
-49.775,13,-5,-6
-46.155,12,-9,-5
-46.155,12,-9,-5
-46.155,12,-9,-5
-46.155,12,-9,-5
-46.155,12,-9,-5
-46.155,12,-9,-5
-46.155,12,-9,-5
-46.155,12,-9,-5
-46.155,12,-9,-5
-46.155,12,-9,-5
-37.105,8,-19,-2
-37.105,8,-19,-2
-35.295,8,-21,-3
-37.105,8,-19,-2
-30.77,7,-26,-2
-37.105,8,-19,-2
-35.295,8,-21,-3
-37.105,8,-19,-2
-37.105,8,-19,-2
-37.105,8,-19,-2
-38.01,11,-18,-6
-38.01,11,-18,-6
-34.39,9,-22,-2
-38.01,11,-18,-6
-34.39,9,-22,-2
-34.39,9,-22,-4
-38.01,11,-18,-6
-34.39,9,-22,-2
-34.39,9,-22,-2
-38.01,11,-18,-6
-39.82,9,-16,-4
-39.82,9,-16,-4
-40.725,10,-15,-5
-40.725,10,-15,-5
-40.725,10,-15,-5
-40.725,10,-15,-5
-40.725,10,-15,-5
-39.82,9,-16,-4
-40.725,10,-15,-5
-36.2,8,-20,-2
-46.155,11,-9,-6
-46.155,11,-9,-6
-44.345,12,-11,-6
-46.155,11,-9,-6
-46.155,11,-9,-6
-45.25,13,-10,-7
-46.155,11,-9,-6
-46.155,11,-9,-6
-46.155,11,-9,-6
-46.155,11,-9,-6
-40.725,10,-15,-4
-39.82,10,-16,-4
-40.725,10,-15,-4
-39.82,9,-16,-3
-38.915,11,-17,-6
-38.915,11,-17,-6
-38.915,11,-17,-6
-40.725,10,-15,-4
-38.915,11,-17,-6
-38.915,11,-17,-6
-45.25,12,-10,-6
-45.25,12,-10,-6
-46.155,12,-9,-5
-45.25,12,-10,-6
-45.25,12,-10,-6
-47.06,12,-8,-4
-45.25,12,-10,-6
-45.25,12,-10,-6
-45.25,12,-10,-6
-45.25,12,-10,-6
-39.82,8,-16,-2
-39.82,8,-16,-2
-39.82,8,-16,-2
-39.82,8,-16,-2
-39.82,8,-16,-2
-39.82,8,-16,-2
-39.82,8,-16,-2
-39.82,8,-16,-2
-39.82,8,-16,-2
-39.82,8,-16,-2
-39.82,9,-16,-4
-39.82,9,-16,-4
-39.82,9,-16,-4
-39.82,9,-16,-3
-39.82,9,-16,-3
-39.82,9,-16,-3
-39.82,9,-16,-3
-39.82,9,-16,-3
-39.82,9,-16,-3
-39.82,9,-16,-3
-39.82,9,-16,-4
-39.82,9,-16,-4
-38.01,9,-18,-5
-38.01,10,-18,-6
-39.82,9,-16,-4
-39.82,9,-16,-4
-39.82,9,-16,-4
-39.82,9,-16,-4
-39.82,9,-16,-4
-39.82,9,-16,-4
-36.2,8,-20,-4
-41.63,9,-14,-4
-38.01,8,-18,-3
-36.2,8,-20,-4
-38.01,8,-18,-3
-40.725,9,-15,-5
-38.01,8,-18,-3
-38.01,8,-18,-3
-38.01,8,-18,-3
-36.2,8,-20,-4
-43.44,10,-12,-3
-48.87,12,-6,-5
-43.44,10,-12,-3
-43.44,10,-12,-3
-45.25,12,-10,-8
-48.87,12,-6,-5
-43.44,10,-12,-3
-48.87,12,-6,-5
-47.06,12,-8,-7
-48.87,12,-6,-5
-43.44,10,-12,-4
-50.68,12,-4,-5
-50.68,12,-4,-5
-48.87,11,-6,-5
-48.87,11,-6,-5
-48.87,11,-6,-5
-50.68,12,-4,-5
-48.87,11,-6,-5
-50.68,12,-4,-5
-50.68,12,-4,-5
-45.25,12,-10,-6
-45.25,12,-10,-6
-43.44,11,-12,-5
-45.25,12,-10,-6
-45.25,12,-10,-6
-45.25,12,-10,-6
-42.535,11,-13,-5
-45.25,12,-10,-6
-45.25,12,-10,-6
-45.25,12,-10,-6
-48.87,13,-6,-6
-48.87,13,-6,-6
-47.965,13,-7,-5
-47.965,13,-7,-5
-49.775,14,-5,-8
-48.87,14,-6,-9
-47.965,13,-7,-5
-47.965,12,-7,-5
-47.965,13,-7,-5
-47.965,13,-7,-5
-39.82,9,-16,-2
-39.82,9,-16,-2
-39.82,9,-16,-2
-39.82,9,-16,-2
-39.82,9,-16,-2
-39.82,9,-16,-2
-39.82,9,-16,-2
-39.82,9,-16,-2
-39.82,9,-16,-2
-39.82,9,-16,-2
-40.725,9,-15,-4
-40.725,9,-15,-4
-38.01,8,-18,-3
-40.725,9,-15,-3
-40.725,9,-15,-3
-40.725,9,-15,-4
-40.725,9,-15,-3
-35.295,8,-21,-3
-38.01,8,-18,-3
-38.915,9,-17,-4
-40.725,8,-15,-1
-40.725,8,-15,-1
-40.725,8,-15,-1
-40.725,8,-15,-1
-40.725,8,-15,-1
-40.725,8,-15,-1
-40.725,8,-15,-1
-40.725,8,-15,-1
-40.725,8,-15,-1
-40.725,8,-15,-1
-39.82,9,-16,-3
-38.915,10,-17,-2
-38.915,10,-17,-2
-39.82,9,-16,-3
-39.82,9,-16,-3
-39.82,9,-16,-3
-39.82,9,-16,-3
-39.82,9,-16,-3
-39.82,9,-16,-3
-39.82,9,-16,-3
-38.01,9,-18,-2
-39.82,9,-16,-2
-41.63,10,-14,-5
-38.01,9,-18,-2
-39.82,9,-16,-2
-38.01,9,-18,-2
-41.63,10,-14,-5
-39.82,9,-16,-2
-39.82,9,-16,-2
-39.82,9,-16,-2
-36.2,8,-20,-3
-38.01,9,-18,-3
-36.2,8,-20,-3
-38.01,9,-18,-3
-38.01,9,-18,-3
-38.01,9,-18,-3
-38.01,9,-18,-3
-38.01,9,-18,-3
-38.01,9,-18,-3
-38.01,9,-18,-3
-43.44,10,-12,-4
-43.44,9,-12,-2
-43.44,10,-12,-4
-43.44,9,-12,-2
-43.44,10,-12,-4
-39.82,9,-16,-3
-43.44,10,-12,-4
-43.44,10,-12,-4
-43.44,10,-12,-4
-39.82,9,-16,-3
-47.06,11,-8,-4
-46.155,10,-9,-3
-47.06,11,-8,-4
-47.06,11,-8,-4
-47.06,11,-8,-4
-47.06,11,-8,-4
-41.63,9,-14,-3
-47.06,11,-8,-4
-47.06,11,-8,-4
-46.155,10,-9,-3
-46.155,11,-9,-4
-46.155,11,-9,-4
-46.155,11,-9,-4
-39.82,10,-16,-5
-46.155,11,-9,-4
-46.155,11,-9,-4
-46.155,11,-9,-4
-45.25,12,-10,-6
-46.155,11,-9,-4
-46.155,11,-9,-4
-46.155,11,-9,-7
-43.44,11,-12,-6
-43.44,11,-12,-6
-43.44,11,-12,-6
-47.06,12,-8,-7
-43.44,11,-12,-6
-47.06,12,-8,-6
-46.155,11,-9,-7
-46.155,11,-9,-7
-46.155,11,-9,-7
-42.535,12,-13,-8
-38.01,9,-18,-4
-38.01,9,-18,-4
-38.01,9,-18,-4
-38.01,9,-18,-4
-38.01,9,-18,-3
-38.01,9,-18,-4
-43.44,12,-12,-7
-38.01,9,-18,-4
-42.535,12,-13,-8
-41.63,11,-14,-4
-41.63,11,-14,-4
-41.63,11,-14,-4
-39.82,9,-16,-2
-46.155,12,-9,-6
-41.63,11,-14,-4
-39.82,9,-16,-2
-41.63,11,-14,-4
-41.63,11,-14,-4
-39.82,9,-16,-2
-41.63,9,-14,-2
-41.63,9,-14,-2
-41.63,9,-14,-2
-42.535,10,-13,-3
-44.345,11,-11,-3
-44.345,11,-11,-3
-41.63,9,-14,-2
-41.63,9,-14,-2
-41.63,9,-14,-2
-41.63,9,-14,-2
-43.44,12,-12,-7
-41.63,11,-14,-6
-44.345,11,-11,-5
-43.44,12,-12,-6
-44.345,11,-11,-5
-43.44,12,-12,-7
-45.25,11,-10,-6
-43.44,11,-12,-6
-44.345,13,-11,-9
-43.44,12,-12,-6
-40.725,9,-15,-3
-40.725,9,-15,-3
-38.915,9,-17,-3
-40.725,9,-15,-3
-40.725,9,-15,-3
-40.725,8,-15,-2
-40.725,9,-15,-3
-40.725,9,-15,-3
-40.725,9,-15,-3
-40.725,9,-15,-3
-36.2,7,-20,-2
-36.2,7,-20,-2
-36.2,7,-20,-2
-36.2,7,-20,-2
-36.2,7,-20,-2
-36.2,7,-20,-2
-36.2,7,-20,-2
-36.2,7,-20,-2
-36.2,7,-20,-2
-36.2,7,-20,-2
-43.44,10,-12,-5
-43.44,10,-12,-5
-43.44,10,-12,-5
-43.44,10,-12,-5
-43.44,10,-12,-5
-43.44,10,-12,-5
-43.44,10,-12,-5
-43.44,10,-12,-5
-43.44,10,-12,-5
-43.44,10,-12,-5
-41.63,9,-14,-3
-41.63,9,-14,-3
-41.63,9,-14,-3
-41.63,9,-14,-3
-41.63,9,-14,-3
-41.63,9,-14,-3
-41.63,9,-14,-3
-41.63,9,-14,-3
-41.63,9,-14,-3
-41.63,9,-14,-3
-39.82,9,-16,-5
-39.82,9,-16,-5
-39.82,9,-16,-5
-39.82,9,-16,-5
-39.82,9,-16,-5
-39.82,9,-16,-5
-39.82,9,-16,-5
-39.82,9,-16,-5
-42.535,9,-13,-6
-42.535,9,-13,-6
-35.295,8,-21,-4
-35.295,8,-21,-4
-35.295,8,-21,-4
-35.295,8,-21,-2
-35.295,8,-21,-3
-35.295,8,-21,-2
-35.295,8,-21,-2
-35.295,8,-21,-4
-35.295,8,-21,-4
-35.295,8,-21,-4
-36.2,8,-20,-4
-36.2,8,-20,-4
-35.295,8,-21,-3
-34.39,8,-22,-4
-33.485,7,-23,-2
-35.295,8,-21,-3
-34.39,8,-22,-4
-33.485,7,-23,-2
-33.485,7,-23,-2
-33.485,7,-23,-2
-38.01,8,-18,-4
-38.01,8,-18,-4
-38.01,8,-18,-4
-38.01,8,-18,-4
-38.01,8,-18,-4
-38.01,8,-18,-4
-38.01,8,-18,-4
-38.01,8,-18,-4
-36.2,7,-20,-3
-38.01,8,-18,-4
-36.2,8,-20,-3
-38.915,9,-17,-4
-38.915,9,-17,-5
-36.2,8,-20,-3
-36.2,8,-20,-3
-36.2,8,-20,-3
-34.39,7,-22,-3
-38.915,9,-17,-5
-38.915,9,-17,-4
-38.915,9,-17,-5
-38.01,7,-18,-2
-38.01,7,-18,-2
-38.01,7,-18,-2
-38.01,7,-18,-2
-38.01,7,-18,-2
-38.01,7,-18,-2
-38.01,7,-18,-2
-38.01,7,-18,-2
-38.01,7,-18,-2
-38.01,7,-18,-2
-39.82,10,-16,-4
-39.82,10,-16,-4
-39.82,10,-16,-4
-39.82,10,-16,-4
-36.2,10,-20,-5
-36.2,10,-20,-5
-36.2,10,-20,-5
-36.2,10,-20,-5
-39.82,10,-16,-4
-39.82,10,-16,-4
-45.25,10,-10,-4
-45.25,10,-10,-4
-45.25,10,-10,-4
-45.25,10,-10,-4
-45.25,10,-10,-4
-45.25,10,-10,-4
-45.25,10,-10,-4
-45.25,10,-10,-4
-44.345,10,-11,-5
-45.25,10,-10,-4
-45.25,11,-10,-4
-45.25,11,-10,-4
-45.25,11,-10,-4
-45.25,11,-10,-4
-45.25,11,-10,-4
-45.25,11,-10,-4
-45.25,11,-10,-4
-45.25,11,-10,-4
-45.25,11,-10,-4
-45.25,11,-10,-4
-48.87,12,-6,-7
-48.87,12,-6,-7
-48.87,12,-6,-7
-48.87,12,-6,-7
-47.06,11,-8,-3
-48.87,12,-6,-7
-48.87,12,-6,-7
-48.87,12,-6,-7
-47.06,11,-8,-3
-47.06,11,-8,-3
-38.01,9,-18,-4
-36.2,9,-20,-3
-38.01,9,-18,-3
-38.01,9,-18,-4
-42.535,10,-13,-5
-38.01,9,-18,-4
-38.915,10,-17,-5
-38.01,9,-18,-4
-38.915,10,-17,-6
-42.535,10,-13,-5
-47.06,10,-8,-3
-47.06,10,-8,-3
-47.06,10,-8,-3
-47.06,10,-8,-3
-47.06,10,-8,-3
-47.06,10,-8,-3
-47.06,10,-8,-3
-47.06,10,-8,-3
-47.06,10,-8,-3
-47.06,10,-8,-3
-46.155,12,-9,-5
-47.965,12,-7,-6
-50.68,12,-4,-6
-46.155,12,-9,-5
-46.155,12,-9,-5
-47.965,12,-7,-6
-47.965,12,-7,-6
-46.155,12,-9,-5
-47.06,13,-8,-6
-46.155,12,-9,-5
-28.055,7,-29,-2
-29.865,8,-27,-3
-29.865,8,-27,-3
-29.865,8,-27,-3
-29.865,8,-27,-3
-29.865,8,-27,-3
-29.865,8,-27,-3
-29.865,8,-27,-3
-29.865,8,-27,-3
-29.865,7,-27,-2
-40.725,9,-15,-5
-40.725,9,-15,-5
-40.725,9,-15,-5
-40.725,9,-15,-5
-41.63,9,-14,-4
-41.63,9,-14,-5
-40.725,9,-15,-5
-40.725,9,-15,-5
-40.725,9,-15,-5
-40.725,9,-15,-5
-49.775,12,-5,-4
-49.775,12,-5,-4
-49.775,12,-5,-4
-49.775,12,-5,-5
-49.775,12,-5,-4
-49.775,12,-5,-4
-49.775,12,-5,-5
-49.775,12,-5,-4
-49.775,12,-5,-5
-49.775,12,-5,-4
-43.44,10,-12,-5
-43.44,10,-12,-5
-46.155,11,-9,-6
-43.44,10,-12,-5
-43.44,10,-12,-5
-43.44,10,-12,-5
-43.44,10,-12,-5
-43.44,10,-12,-5
-43.44,10,-12,-5
-43.44,10,-12,-5
-38.01,8,-18,-4
-38.01,8,-18,-4
-38.01,8,-18,-4
-39.82,9,-16,-3
-39.82,9,-16,-3
-38.01,8,-18,-4
-38.01,8,-18,-4
-38.01,8,-18,-4
-38.01,8,-18,-4
-38.01,8,-18,-4
-41.63,9,-14,-3
-40.725,10,-15,-5
-40.725,10,-15,-3
-40.725,10,-15,-3
-41.63,9,-14,-3
-40.725,10,-15,-3
-41.63,9,-14,-3
-41.63,9,-14,-3
-40.725,10,-15,-3
-41.63,9,-14,-3
-37.105,8,-19,-2
-34.39,7,-22,-1
-35.295,7,-21,-2
-37.105,8,-19,-3
-37.105,8,-19,-3
-34.39,7,-22,-1
-37.105,8,-19,-2
-35.295,8,-21,-1
-37.105,8,-19,-2
-37.105,8,-19,-2
-35.295,8,-21,-1
-35.295,8,-21,-1
-35.295,8,-21,-1
-28.96,6,-28,-2
-35.295,8,-21,-1
-35.295,8,-21,-1
-32.58,7,-24,-2
-35.295,8,-21,-1
-33.485,8,-23,-2
-30.77,7,-26,-2
