-21.72,5,-36,-2
-16.29,3,-42,-1
-20.815,5,-37,-2
-18.1,4,-40,-1
-19.005,4,-39,-2
-21.72,5,-36,-2
-18.1,4,-40,-3
-20.815,5,-37,-2
-20.815,5,-37,-2
-21.72,5,-36,-2
-35.295,11,-21,-8
-34.39,10,-22,-7
-36.2,12,-20,-9
-35.295,11,-21,-8
-34.39,10,-22,-7
-30.77,10,-26,-7
-29.865,10,-27,-7
-36.2,12,-20,-9
-34.39,10,-22,-7
-35.295,11,-21,-8
-26.245,6,-31,-3
-26.245,6,-31,-3
-26.245,6,-31,-3
-24.435,5,-33,-2
-26.245,6,-31,-3
-24.435,5,-33,-2
-26.245,6,-31,-3
-26.245,6,-31,-3
-24.435,5,-33,-2
-26.245,6,-31,-3
-21.72,4,-36,-3
-26.245,6,-31,-4
-20.815,5,-37,-2
-19.91,4,-38,-3
-26.245,6,-31,-4
-20.815,5,-37,-2
-26.245,6,-31,-4
-19.91,5,-38,-2
-19.91,5,-38,-2
-21.72,4,-36,-3
-27.15,6,-30,-3
-27.15,6,-30,-3
-27.15,6,-30,-3
-27.15,6,-30,-3
-27.15,6,-30,-3
-27.15,6,-30,-3
-27.15,6,-30,-3
-27.15,6,-30,-3
-27.15,6,-30,-3
-25.34,6,-32,-3
-39.82,10,-16,-7
-36.2,8,-20,-5
-36.2,9,-20,-6
-39.82,10,-16,-7
-39.82,10,-16,-7
-39.82,10,-16,-7
-34.39,9,-22,-6
-34.39,9,-22,-6
-36.2,9,-20,-6
-32.58,8,-24,-5
-39.82,10,-16,-7
-39.82,10,-16,-7
-32.58,8,-24,-5
-38.01,9,-18,-6
-38.01,9,-18,-6
-39.82,10,-16,-7
-38.01,9,-18,-6
-38.01,9,-18,-6
-39.82,10,-16,-7
-39.82,10,-16,-7
-44.345,13,-11,-10
-47.06,14,-8,-11
-47.06,14,-8,-11
-45.25,14,-10,-11
-43.44,14,-12,-11
-47.06,14,-8,-11
-45.25,14,-10,-11
-45.25,14,-10,-11
-47.06,14,-8,-11
-38.915,12,-17,-9
-23.53,5,-34,-3
-27.15,6,-30,-3
-23.53,5,-34,-3
-27.15,6,-30,-3
-18.1,4,-40,-2
-27.15,6,-30,-3
-27.15,6,-30,-3
-27.15,6,-30,-3
-27.15,6,-30,-3
-27.15,6,-30,-3
-35.295,8,-21,-5
-33.485,8,-23,-5
-35.295,8,-21,-5
-35.295,8,-21,-5
-35.295,8,-21,-5
-35.295,8,-21,-5
-35.295,8,-21,-5
-35.295,8,-21,-5
-35.295,8,-21,-5
-35.295,8,-21,-5
-23.53,5,-34,-3
-23.53,5,-34,-3
-23.53,6,-34,-3
-23.53,5,-34,-3
-23.53,5,-34,-3
-23.53,5,-34,-3
-23.53,6,-34,-4
-23.53,5,-34,-3
-23.53,5,-34,-3
-23.53,5,-34,-3
-38.01,10,-18,-7
-35.295,9,-21,-6
-35.295,9,-21,-6
-38.01,10,-18,-7
-36.2,9,-20,-6
-35.295,9,-21,-6
-36.2,9,-20,-6
-35.295,9,-21,-6
-38.915,10,-17,-7
-36.2,9,-20,-6
-32.58,6,-24,-3
-32.58,7,-24,-4
-32.58,7,-24,-4
-32.58,7,-24,-4
-32.58,7,-24,-4
-32.58,7,-24,-4
-32.58,7,-24,-4
-32.58,7,-24,-4
-32.58,7,-24,-4
-32.58,7,-24,-4
-30.77,7,-26,-4
-30.77,7,-26,-4
-30.77,7,-26,-4
-29.865,6,-27,-3
-30.77,7,-26,-4
-29.865,7,-27,-4
-29.865,6,-27,-3
-30.77,7,-26,-4
-30.77,7,-26,-4
-30.77,7,-26,-4
-33.485,8,-23,-5
-32.58,8,-24,-5
-34.39,8,-22,-5
-32.58,8,-24,-5
-31.675,8,-25,-5
-33.485,8,-23,-5
-32.58,8,-24,-5
-32.58,8,-24,-5
-32.58,7,-24,-4
-31.675,8,-25,-5
-23.53,6,-34,-3
-25.34,6,-32,-4
-23.53,5,-34,-2
-25.34,6,-32,-3
-25.34,6,-32,-4
-25.34,6,-32,-3
-25.34,6,-32,-4
-25.34,6,-32,-4
-25.34,6,-32,-4
-25.34,6,-32,-4
-28.96,6,-28,-4
-28.96,6,-28,-4
-28.96,6,-28,-4
-28.96,6,-28,-4
-28.96,6,-28,-4
-35.295,8,-21,-5
-35.295,8,-21,-5
-28.96,6,-28,-4
-35.295,8,-21,-5
-35.295,8,-21,-5
-41.63,13,-14,-10
-44.345,14,-11,-11
-42.535,13,-13,-10
-37.105,10,-19,-7
-38.01,10,-18,-7
-43.44,13,-12,-10
-41.63,12,-14,-9
-41.63,11,-14,-8
-38.01,11,-18,-8
-42.535,11,-13,-8
-30.77,6,-26,-3
-28.96,6,-28,-3
-30.77,6,-26,-3
-30.77,6,-26,-3
-30.77,6,-26,-3
-30.77,6,-26,-3
-30.77,6,-26,-3
-27.15,5,-30,-2
-28.96,6,-28,-3
-30.77,6,-26,-3
-18.1,4,-40,-2
-12.67,3,-46,-1
-19.91,4,-38,-1
-18.1,4,-40,-2
-16.29,3,-42,0
-18.1,4,-40,-2
-18.1,4,-40,-2
-18.1,4,-40,-2
-18.1,4,-40,-2
-19.91,4,-38,-2
-29.865,6,-27,-3
-28.96,6,-28,-3
-29.865,6,-27,-3
-28.96,6,-28,-3
-29.865,6,-27,-3
-28.96,6,-28,-3
-28.96,6,-28,-3
-26.245,6,-31,-3
-29.865,6,-27,-3
-26.245,6,-31,-3
-31.675,8,-25,-5
-30.77,8,-26,-5
-31.675,8,-25,-5
-31.675,8,-25,-5
-30.77,7,-26,-4
-32.58,8,-24,-5
-31.675,8,-25,-5
-30.77,7,-26,-4
-33.485,7,-23,-4
-33.485,7,-23,-4
-21.72,4,-36,-3
-21.72,4,-36,-1
-21.72,4,-36,-2
-21.72,4,-36,-2
-23.53,5,-34,-3
-23.53,5,-34,-3
-23.53,5,-34,-2
-23.53,5,-34,-3
-23.53,5,-34,-3
-23.53,5,-34,-3
-35.295,10,-21,-7
-34.39,9,-22,-6
-34.39,9,-22,-6
-34.39,9,-22,-6
-35.295,10,-21,-7
-35.295,10,-21,-7
-34.39,9,-22,-6
-35.295,10,-21,-7
-32.58,9,-24,-6
-34.39,9,-22,-6
-25.34,5,-32,-3
-25.34,5,-32,-3
-25.34,5,-32,-3
-25.34,5,-32,-3
-25.34,5,-32,-3
-25.34,5,-32,-3
-25.34,5,-32,-3
-25.34,5,-32,-3
-25.34,5,-32,-3
-25.34,5,-32,-3
-28.96,7,-28,-4
-30.77,7,-26,-4
-34.39,8,-22,-6
-28.96,7,-28,-4
-30.77,7,-26,-4
-30.77,7,-26,-4
-30.77,7,-26,-4
-29.865,7,-27,-4
-29.865,7,-27,-4
-29.865,7,-27,-4
-36.2,9,-20,-6
-35.295,8,-21,-5
-39.82,10,-14,-7
-38.915,10,-15,-7
-36.2,9,-20,-6
-36.2,9,-20,-6
-36.2,9,-20,-6
-36.2,9,-20,-6
-35.295,8,-21,-5
-36.2,9,-20,-6
-28.96,6,-28,-4
-30.77,6,-26,-3
-28.96,6,-28,-4
-30.77,6,-26,-3
-30.77,6,-26,-3
-28.96,6,-28,-4
-28.96,6,-28,-4
-30.77,6,-26,-3
-32.58,7,-24,-4
-30.77,6,-26,-3
-27.15,6,-30,-3
-27.15,6,-30,-3
-27.15,6,-30,-3
-27.15,6,-30,-3
-27.15,6,-30,-3
-27.15,6,-30,-3
-27.15,6,-30,-3
-27.15,6,-30,-3
-27.15,6,-30,-3
-27.15,6,-30,-3
-33.485,8,-23,-5
-35.295,8,-21,-5
-34.39,8,-22,-5
-35.295,9,-21,-6
-34.39,8,-22,-5
-31.675,7,-25,-4
-35.295,9,-21,-6
-29.865,8,-27,-5
-35.295,8,-21,-5
-35.295,9,-21,-6
-33.485,8,-23,-6
-33.485,8,-23,-6
-38.01,9,-18,-6
-38.01,9,-18,-6
-38.01,9,-18,-6
-38.01,9,-18,-6
-38.01,9,-18,-6
-38.01,9,-18,-6
-37.105,8,-19,-5
-38.01,9,-18,-6
-37.105,10,-19,-7
-32.58,9,-24,-6
-32.58,9,-24,-6
-32.58,9,-24,-6
-34.39,9,-22,-6
-32.58,9,-24,-6
-32.58,9,-24,-6
-32.58,9,-24,-6
-32.58,9,-24,-6
-32.58,8,-24,-5
-40.725,10,-15,-7
-37.105,10,-19,-7
-37.105,10,-19,-7
-37.105,10,-19,-7
-40.725,10,-15,-7
-40.725,10,-15,-7
-40.725,10,-15,-7
-38.01,11,-18,-8
-38.915,10,-17,-7
-38.01,9,-18,-6
-25.34,5,-32,-2
-25.34,5,-32,-2
-24.435,5,-33,-3
-24.435,5,-33,-3
-25.34,5,-32,-2
-24.435,5,-33,-3
-25.34,6,-32,-3
-25.34,5,-32,-2
-25.34,5,-32,-2
-24.435,5,-33,-3
-27.15,7,-30,-5
-29.865,7,-27,-5
-31.675,8,-25,-6
-29.865,7,-27,-4
-29.865,7,-27,-5
-29.865,7,-27,-5
-27.15,6,-30,-4
-29.865,7,-27,-4
-29.865,7,-27,-4
-27.15,7,-30,-5
-23.53,5,-34,-3
-23.53,5,-34,-3
-25.34,5,-32,-2
-23.53,5,-34,-3
-23.53,5,-34,-3
-27.15,6,-30,-3
-27.15,6,-30,-3
-27.15,6,-30,-3
-27.15,6,-30,-3
-27.15,6,-30,-3
-35.295,9,-21,-6
-35.295,9,-21,-6
-35.295,8,-21,-5
-35.295,9,-21,-6
-35.295,9,-21,-6
-35.295,9,-21,-6
-29.865,6,-27,-3
-34.39,8,-22,-5
-33.485,7,-23,-4
-35.295,8,-21,-5
-25.34,5,-32,-2
-27.15,6,-30,-4
-23.53,5,-34,-2
-27.15,6,-30,-4
-25.34,5,-32,-2
-28.96,6,-28,-4
-25.34,6,-32,-3
-28.96,6,-28,-4
-28.96,6,-28,-4
-28.96,6,-28,-4
-28.055,7,-29,-4
-28.96,8,-28,-5
-29.865,7,-27,-4
-29.865,7,-27,-4
-28.96,8,-28,-5
-28.96,8,-28,-5
-28.96,8,-28,-5
-31.675,8,-25,-5
-29.865,7,-27,-4
-28.055,7,-29,-4
-28.96,6,-28,-3
-29.865,6,-27,-3
-29.865,7,-27,-4
-29.865,6,-27,-3
-25.34,6,-32,-3
-28.96,6,-28,-3
-29.865,6,-27,-3
-30.77,7,-26,-4
-29.865,7,-27,-4
-28.96,6,-28,-3
-20.815,5,-37,-2
-25.34,6,-32,-3
-23.53,6,-34,-4
-20.815,4,-37,-1
-22.625,6,-35,-4
-22.625,6,-35,-3
-21.72,5,-36,-3
-25.34,6,-32,-4
-25.34,6,-32,-4
-20.815,4,-37,-1
-34.39,10,-20,-7
-33.485,8,-23,-5
-33.485,8,-23,-5
-34.39,9,-20,-6
-40.725,9,-15,-6
-34.39,9,-20,-6
-34.39,9,-20,-6
-34.39,9,-20,-6
-34.39,9,-20,-6
-34.39,9,-20,-6
-40.725,10,-15,-8
-36.2,9,-20,-7
-40.725,10,-15,-8
-40.725,10,-15,-8
-40.725,10,-15,-8
-36.2,9,-20,-7
-40.725,10,-15,-8
-37.105,10,-19,-7
-40.725,10,-15,-8
-40.725,10,-15,-8
-30.77,6,-26,-4
-33.485,7,-23,-5
-29.865,6,-27,-4
-29.865,7,-27,-5
-33.485,7,-23,-5
-33.485,7,-23,-5
-33.485,7,-23,-5
-28.055,7,-29,-5
-30.77,6,-26,-4
-33.485,7,-23,-5
-30.77,7,-26,-4
-30.77,7,-26,-5
-30.77,7,-26,-5
-30.77,7,-26,-5
-30.77,7,-26,-4
-27.15,7,-30,-5
-28.96,6,-28,-4
-30.77,7,-26,-4
-30.77,7,-26,-5
-30.77,7,-26,-5
-39.82,11,-16,-8
-38.01,10,-18,-7
-39.82,11,-16,-8
-38.915,11,-17,-8
-37.105,10,-19,-7
-39.82,11,-16,-8
-40.725,10,-15,-7
-38.915,10,-17,-7
-40.725,10,-15,-7
-38.915,10,-17,-7
-31.675,8,-25,-5
-31.675,8,-25,-5
-31.675,8,-25,-5
-31.675,8,-25,-5
-31.675,8,-25,-5
-31.675,8,-25,-5
-31.675,8,-25,-5
-31.675,8,-25,-5
-31.675,8,-25,-5
-31.675,8,-25,-5
-23.53,5,-34,-2
-23.53,5,-34,-3
-23.53,5,-34,-2
-25.34,6,-32,-3
-25.34,6,-32,-3
-25.34,6,-32,-3
-19.91,5,-38,-3
-23.53,5,-34,-3
-25.34,6,-32,-3
-21.72,5,-36,-2
-36.2,10,-20,-7
-36.2,10,-20,-7
-36.2,10,-20,-7
-36.2,10,-20,-7
-36.2,10,-20,-7
-36.2,10,-20,-7
-36.2,10,-20,-7
-34.39,9,-22,-6
-36.2,10,-20,-7
-34.39,10,-22,-8
-18.1,4,-40,-2
-19.91,4,-38,-2
-19.91,4,-38,-2
-18.1,4,-40,-2
-16.29,4,-42,-2
-19.91,4,-38,-2
-19.91,4,-38,-2
-18.1,4,-40,-2
-14.48,3,-44,0
-18.1,4,-40,-2
-32.58,7,-24,-5
-30.77,7,-26,-4
-32.58,7,-24,-5
-32.58,7,-24,-4
-32.58,7,-24,-4
-30.77,7,-26,-4
-34.39,7,-22,-5
-32.58,7,-24,-4
-32.58,7,-24,-4
-30.77,7,-26,-4
-14.48,3,-44,-1
-14.48,3,-44,-1
-14.48,3,-44,-1
-14.48,3,-44,-1
-14.48,3,-44,-1
-14.48,3,-44,-1
-14.48,3,-44,-1
-14.48,3,-44,-2
-14.48,3,-44,-1
-14.48,3,-44,-1
-38.01,12,-18,-9
-44.345,13,-11,-10
-39.82,12,-16,-9
-44.345,13,-11,-10
-39.82,12,-16,-9
-39.82,12,-16,-9
-38.01,12,-18,-9
-38.915,11,-17,-8
-38.915,11,-17,-8
-44.345,13,-11,-10
-37.105,9,-19,-6
-37.105,9,-19,-6
-35.295,9,-21,-6
-36.2,8,-20,-5
-36.2,8,-20,-5
-35.295,9,-21,-6
-38.01,9,-18,-6
-37.105,9,-19,-6
-37.105,9,-19,-6
-38.915,9,-17,-6
-38.915,10,-17,-7
-35.295,8,-21,-5
-36.2,9,-20,-6
-36.2,9,-20,-6
-38.01,9,-18,-6
-38.915,10,-17,-7
-38.915,10,-17,-7
-38.01,9,-18,-6
-38.01,9,-18,-6
-38.01,9,-18,-6
-32.58,7,-24,-4
-36.2,7,-20,-4
-32.58,7,-24,-4
-34.39,7,-22,-4
-36.2,7,-20,-4
-32.58,7,-24,-4
-36.2,7,-20,-4
-32.58,7,-24,-4
-32.58,7,-24,-5
-30.77,7,-26,-4
-28.96,6,-28,-4
-28.96,6,-28,-4
-28.96,6,-28,-4
-28.96,6,-28,-4
-30.77,7,-26,-4
-27.15,5,-30,-3
-27.15,5,-30,-3
-28.96,6,-28,-4
-28.96,6,-28,-4
-28.96,6,-28,-4
-28.96,7,-28,-5
-28.96,7,-28,-4
-30.77,8,-26,-5
-33.485,8,-23,-6
-34.39,8,-22,-5
-29.865,6,-27,-3
-34.39,8,-22,-5
-33.485,8,-23,-6
-33.485,8,-23,-6
-28.055,7,-29,-4
-25.34,7,-32,-4
-25.34,7,-32,-4
-25.34,7,-32,-4
-25.34,7,-32,-4
-25.34,7,-32,-4
-25.34,7,-32,-4
-23.53,6,-34,-3
-25.34,7,-32,-4
-25.34,7,-32,-4
-25.34,7,-32,-4
-28.96,7,-28,-5
-27.15,6,-30,-4
-28.96,6,-28,-3
-28.96,6,-28,-3
-28.96,6,-28,-3
-26.245,6,-31,-3
-29.865,8,-27,-6
-26.245,6,-31,-3
-27.15,6,-30,-3
-28.96,7,-28,-5
-33.485,8,-23,-5
-30.77,7,-26,-4
-33.485,8,-23,-5
-29.865,8,-27,-5
-33.485,8,-23,-5
-28.055,7,-29,-5
-30.77,7,-26,-4
-33.485,8,-23,-5
-33.485,8,-23,-5
-30.77,7,-26,-4
-33.485,8,-23,-5
-33.485,8,-23,-5
-33.485,8,-23,-5
-33.485,8,-23,-5
-33.485,8,-23,-5
-33.485,8,-23,-5
-33.485,8,-23,-5
-33.485,8,-23,-5
-33.485,8,-23,-5
-33.485,8,-23,-5
-43.44,10,-12,-8
-43.44,10,-12,-8
-43.44,10,-12,-8
-43.44,10,-12,-8
-43.44,10,-12,-8
-38.915,9,-17,-7
-43.44,10,-12,-8
-43.44,10,-12,-8
-43.44,10,-12,-8
-43.44,10,-12,-8
-39.82,13,-16,-10
-35.295,12,-21,-10
-39.82,13,-16,-10
-43.44,13,-12,-10
-48.87,15,-6,-12
-47.06,15,-8,-12
-45.25,15,-10,-13
-36.2,11,-20,-8
-35.295,12,-21,-10
-46.155,14,-9,-11
-38.915,10,-17,-7
-37.105,10,-19,-7
-38.915,10,-17,-7
-38.915,10,-17,-7
-38.915,10,-17,-7
-38.915,10,-17,-7
-38.915,10,-17,-7
-38.915,10,-17,-7
-38.915,10,-17,-7
-39.82,10,-16,-8
-27.15,5,-30,-2
-27.15,5,-30,-2
-28.96,6,-28,-3
-27.15,5,-30,-2
-27.15,6,-30,-3
-28.96,6,-28,-4
-27.15,6,-30,-3
-28.96,6,-28,-3
-27.15,6,-30,-3
-30.77,6,-26,-3
-30.77,6,-26,-3
-30.77,6,-26,-3
-30.77,6,-26,-3
-30.77,6,-26,-3
-30.77,6,-26,-3
-30.77,6,-26,-3
-30.77,6,-26,-3
-30.77,6,-26,-3
-30.77,6,-26,-3
-30.77,6,-26,-3
-18.1,4,-40,-2
-18.1,4,-40,-2
-19.91,5,-38,-3
-18.1,4,-40,-2
-19.91,5,-38,-3
-18.1,4,-40,-2
-18.1,4,-40,-2
-18.1,4,-40,-2
-19.91,5,-38,-3
-18.1,4,-40,-2
-30.77,7,-26,-4
-30.77,6,-26,-4
-30.77,6,-26,-4
-30.77,6,-26,-4
-34.39,7,-22,-4
-30.77,6,-26,-4
-30.77,6,-26,-4
-30.77,6,-26,-3
-30.77,6,-26,-3
-34.39,7,-22,-5
-28.96,6,-28,-5
-28.96,6,-28,-5
-28.96,6,-28,-5
-28.96,6,-28,-5
-28.96,6,-28,-5
-27.15,6,-30,-4
-25.34,6,-32,-5
-27.15,6,-30,-5
-23.53,5,-34,-3
-28.96,6,-28,-5
-23.53,5,-34,-3
-23.53,5,-34,-3
-27.15,6,-30,-3
-27.15,6,-30,-3
-23.53,5,-34,-3
-23.53,5,-34,-3
-23.53,5,-34,-3
-27.15,6,-30,-3
-23.53,5,-34,-3
-23.53,5,-34,-3
-23.53,5,-34,-2
-23.53,5,-34,-3
-23.53,5,-34,-2
-23.53,5,-34,-2
-23.53,5,-34,-2
-23.53,5,-34,-3
-23.53,5,-34,-3
-23.53,5,-34,-2
-23.53,5,-34,-2
-23.53,5,-34,-2
-25.34,5,-32,-2
-23.53,5,-34,-2
-21.72,4,-36,-1
-23.53,5,-34,-2
-21.72,4,-36,-1
-23.53,5,-34,-2
-23.53,5,-34,-2
-21.72,5,-36,-2
-21.72,4,-36,-2
-25.34,5,-32,-2
-30.77,7,-26,-4
-34.39,7,-22,-4
-35.295,7,-21,-4
-30.77,7,-26,-4
-34.39,7,-22,-4
-30.77,7,-26,-4
-34.39,7,-22,-4
-29.865,7,-27,-4
-34.39,7,-22,-4
-32.58,7,-24,-4
-27.15,6,-30,-3
-26.245,7,-31,-4
-27.15,6,-30,-3
-27.15,6,-30,-3
-27.15,6,-30,-3
-26.245,7,-31,-4
-26.245,6,-31,-3
-22.625,5,-35,-2
-24.435,6,-33,-3
-26.245,7,-31,-4
-37.105,9,-19,-6
-37.105,9,-19,-6
-35.295,9,-21,-6
-37.105,9,-19,-6
-35.295,9,-21,-6
-37.105,9,-19,-6
-37.105,9,-19,-6
-34.39,9,-22,-6
-37.105,9,-19,-6
-35.295,9,-21,-6
-33.485,8,-23,-5
-33.485,8,-23,-5
-31.675,7,-25,-4
-32.58,9,-24,-6
-33.485,8,-23,-5
-32.58,8,-24,-5
-32.58,8,-24,-5
-31.675,8,-25,-5
-31.675,7,-25,-4
-32.58,8,-24,-5
-23.53,5,-34,-3
-23.53,5,-34,-3
-23.53,5,-34,-3
-28.055,6,-29,-3
-28.055,6,-29,-3
-24.435,5,-33,-2
-22.625,5,-35,-2
-24.435,5,-33,-2
-21.72,6,-36,-3
-23.53,5,-34,-3
-23.53,6,-34,-3
-24.435,6,-33,-4
-23.53,6,-34,-3
-28.055,7,-29,-4
-28.055,7,-29,-4
-28.055,7,-29,-4
-28.055,7,-29,-4
-28.055,7,-29,-4
-28.055,7,-29,-4
-23.53,6,-34,-3
-38.01,10,-18,-7
-36.2,9,-20,-6
-34.39,8,-22,-5
-38.01,10,-18,-7
-28.96,8,-28,-5
-38.01,10,-18,-7
-38.01,10,-18,-7
-36.2,9,-20,-6
-28.96,8,-28,-5
-38.01,10,-18,-7
-38.01,9,-18,-6
-38.01,9,-18,-6
-38.915,10,-17,-7
-38.915,10,-17,-7
-38.915,10,-17,-7
-38.915,10,-17,-7
-38.915,10,-17,-7
-38.01,9,-18,-6
-38.915,10,-17,-7
-38.915,10,-17,-7
-23.53,6,-34,-3
-25.34,6,-32,-3
-21.72,5,-36,-2
-25.34,7,-32,-4
-25.34,6,-32,-3
-25.34,6,-32,-3
-25.34,6,-32,-3
-21.72,5,-36,-2
-25.34,7,-32,-4
-21.72,5,-36,-2
-25.34,5,-32,-3
-28.96,6,-28,-4
-25.34,5,-32,-3
-25.34,5,-32,-3
-28.96,6,-28,-4
-28.96,6,-28,-4
-28.96,6,-28,-4
-28.96,6,-28,-4
-28.96,6,-28,-4
-28.96,6,-28,-4
-35.295,10,-21,-7
-35.295,9,-21,-6
-35.295,9,-21,-6
-35.295,9,-21,-6
-35.295,9,-21,-6
-33.485,8,-23,-5
-35.295,9,-21,-6
-35.295,9,-21,-6
-35.295,9,-21,-6
-35.295,9,-21,-6
-38.01,9,-18,-6
-37.105,8,-19,-5
-38.01,9,-18,-6
-38.01,9,-18,-6
-38.01,9,-18,-6
-38.01,9,-18,-6
-38.01,9,-18,-6
-37.105,8,-19,-5
-38.01,9,-18,-6
-38.01,9,-18,-6
-34.39,10,-22,-7
-35.295,11,-21,-8
-31.675,10,-25,-7
-32.58,10,-24,-7
-35.295,11,-21,-8
-29.865,8,-27,-6
-32.58,10,-24,-7
-33.485,10,-23,-7
-32.58,10,-24,-7
-30.77,9,-26,-7
-25.34,5,-32,-2
-19.91,5,-38,-2
-23.53,6,-34,-3
-23.53,6,-34,-3
-23.53,5,-34,-2
-23.53,5,-34,-2
-23.53,5,-34,-2
-19.91,5,-38,-3
-25.34,5,-32,-2
-23.53,6,-34,-3
-32.58,9,-24,-7
-32.58,9,-24,-7
-32.58,9,-24,-7
-30.77,8,-26,-6
-30.77,8,-26,-6
-30.77,8,-26,-6
-32.58,9,-24,-7
-30.77,8,-26,-6
-30.77,8,-26,-6
-32.58,9,-24,-7
-23.53,5,-34,-3
-23.53,5,-34,-3
-23.53,5,-34,-3
-23.53,5,-34,-3
-23.53,5,-34,-3
-23.53,5,-34,-3
-23.53,5,-34,-2
-23.53,5,-34,-2
-23.53,5,-34,-2
-23.53,5,-34,-3
-28.96,7,-28,-4
-32.58,8,-24,-5
-30.77,7,-26,-5
-30.77,7,-26,-5
-30.77,7,-26,-4
-27.15,7,-30,-4
-30.77,7,-26,-4
-32.58,8,-24,-5
-32.58,8,-24,-5
-32.58,8,-24,-5
-38.01,11,-18,-8
-38.915,12,-17,-9
-39.82,13,-16,-10
-41.63,13,-14,-10
-39.82,13,-16,-10
-37.105,11,-19,-8
-36.2,11,-20,-8
-41.63,13,-14,-10
-35.295,10,-21,-7
-39.82,12,-16,-9
-39.82,12,-16,-9
-36.2,10,-20,-7
-36.2,9,-20,-6
-39.82,11,-16,-8
-34.39,9,-22,-6
-39.82,12,-16,-9
-34.39,9,-22,-6
-38.01,11,-18,-8
-34.39,9,-22,-6
-36.2,10,-20,-7
-32.58,9,-24,-6
-28.96,8,-28,-6
-27.15,7,-30,-4
-28.96,8,-28,-6
-28.96,8,-28,-6
-30.77,8,-26,-6
-28.96,8,-28,-6
-32.58,9,-24,-6
-28.96,8,-28,-6
-28.96,8,-28,-6
-28.055,9,-29,-6
-28.96,9,-28,-6
-29.865,8,-27,-5
-28.055,9,-29,-6
-28.96,9,-28,-6
-27.15,8,-30,-5
-29.865,8,-27,-5
-27.15,8,-30,-5
-27.15,8,-30,-5
-28.055,9,-29,-6
-19.91,4,-38,-2
-19.91,4,-38,-2
-20.815,4,-37,-1
-12.67,3,-46,-1
-19.91,4,-38,-2
-18.1,4,-40,-2
-20.815,4,-37,-1
-20.815,4,-37,-1
-20.815,4,-37,-1
-18.1,4,-40,-2
-47.965,15,-7,-12
-45.25,14,-10,-11
-44.345,13,-11,-10
-48.87,16,-6,-13
-44.345,13,-11,-10
-47.965,15,-7,-12
-47.965,15,-7,-12
-47.965,15,-7,-12
-46.155,15,-9,-12
-45.25,14,-10,-11
-25.34,5,-32,-3
-27.15,6,-30,-3
-27.15,6,-30,-4
-27.15,6,-30,-4
-25.34,5,-32,-3
-25.34,5,-32,-3
-27.15,6,-30,-4
-27.15,6,-30,-3
-27.15,6,-30,-4
-21.72,4,-36,-1
-23.53,5,-34,-3
-25.34,6,-32,-4
-23.53,5,-34,-3
-25.34,6,-32,-4
-23.53,5,-34,-3
-23.53,5,-34,-3
-25.34,6,-32,-4
-23.53,5,-34,-4
-23.53,5,-34,-4
-25.34,6,-32,-4
-33.485,10,-23,-7
-32.58,10,-24,-7
-33.485,10,-23,-7
-33.485,10,-23,-7
-33.485,10,-23,-7
-33.485,10,-23,-7
-33.485,10,-23,-7
-33.485,10,-23,-7
-33.485,10,-23,-7
-33.485,10,-23,-7
-36.2,9,-20,-6
-35.295,8,-21,-5
-36.2,9,-20,-6
-36.2,9,-20,-6
-35.295,8,-21,-5
-36.2,9,-20,-6
-36.2,8,-20,-5
-36.2,8,-20,-5
-35.295,8,-21,-5
-32.58,8,-24,-5
