-21.72,5,-36,-2
-19.005,4,-39,-2
-20.815,4,-37,-1
-22.625,5,-35,-2
-18.1,4,-40,-2
-16.29,3,-42,-1
-18.1,4,-40,-2
-20.815,5,-37,-2
-20.815,5,-37,-2
-18.1,4,-40,-1
-35.295,11,-21,-8
-36.2,12,-20,-9
-33.485,11,-23,-8
-35.295,11,-21,-8
-36.2,12,-20,-9
-33.485,11,-23,-8
-36.2,12,-20,-9
-36.2,12,-20,-9
-36.2,12,-20,-9
-35.295,11,-21,-8
-26.245,6,-31,-3
-26.245,6,-31,-3
-26.245,6,-31,-3
-26.245,6,-31,-3
-26.245,6,-31,-3
-26.245,6,-31,-3
-26.245,6,-31,-3
-26.245,6,-31,-3
-26.245,6,-31,-3
-26.245,6,-31,-3
-20.815,5,-37,-2
-26.245,6,-31,-4
-20.815,5,-37,-2
-20.815,5,-37,-2
-26.245,6,-31,-4
-20.815,5,-37,-2
-26.245,6,-31,-4
-21.72,4,-36,-3
-20.815,5,-37,-2
-21.72,4,-36,-3
-27.15,6,-30,-3
-27.15,6,-30,-3
-27.15,6,-30,-3
-27.15,6,-30,-3
-27.15,6,-30,-3
-27.15,6,-30,-4
-27.15,6,-30,-3
-27.15,6,-30,-3
-27.15,6,-30,-3
-27.15,6,-30,-3
-36.2,9,-20,-6
-36.2,9,-20,-6
-36.2,9,-20,-6
-36.2,8,-20,-5
-36.2,8,-20,-5
-36.2,8,-20,-5
-30.77,8,-26,-5
-36.2,8,-20,-5
-36.2,8,-20,-5
-36.2,9,-20,-6
-34.39,9,-22,-6
-34.39,9,-22,-6
-39.82,10,-16,-7
-36.2,10,-20,-7
-38.01,9,-18,-6
-39.82,10,-16,-7
-38.01,9,-18,-6
-38.01,9,-18,-6
-39.82,10,-16,-7
-39.82,10,-16,-7
-45.25,14,-10,-11
-47.06,14,-8,-11
-47.06,14,-8,-11
-47.06,14,-8,-11
-47.06,14,-8,-11
-43.44,13,-12,-10
-47.06,14,-8,-11
-47.06,14,-8,-11
-47.06,14,-8,-11
-47.06,14,-8,-11
-27.15,6,-30,-3
-25.34,6,-32,-3
-27.15,6,-30,-3
-27.15,6,-30,-3
-27.15,6,-30,-3
-27.15,6,-30,-3
-27.15,6,-30,-3
-27.15,6,-30,-3
-27.15,6,-30,-3
-27.15,6,-30,-3
-34.39,8,-22,-5
-34.39,8,-22,-5
-34.39,8,-22,-5
-34.39,8,-22,-5
-34.39,8,-22,-5
-34.39,8,-22,-5
-34.39,8,-22,-5
-34.39,8,-22,-5
-34.39,8,-22,-5
-34.39,8,-22,-5
-23.53,5,-34,-3
-23.53,5,-34,-3
-24.435,6,-33,-3
-24.435,6,-33,-3
-23.53,6,-34,-3
-23.53,5,-34,-3
-24.435,6,-33,-3
-23.53,5,-34,-3
-23.53,6,-34,-3
-22.625,5,-35,-3
-35.295,9,-21,-6
-38.915,10,-17,-7
-35.295,9,-21,-6
-35.295,9,-21,-6
-38.915,10,-17,-7
-35.295,9,-21,-6
-35.295,9,-21,-6
-35.295,9,-21,-6
-35.295,9,-21,-6
-35.295,9,-21,-6
-32.58,7,-24,-4
-32.58,7,-24,-4
-32.58,7,-24,-4
-32.58,7,-24,-4
-32.58,7,-24,-4
-32.58,7,-24,-4
-32.58,7,-24,-4
-32.58,7,-24,-4
-32.58,7,-24,-4
-32.58,7,-24,-4
-29.865,7,-27,-4
-29.865,7,-27,-4
-29.865,7,-27,-4
-29.865,7,-27,-4
-29.865,7,-27,-4
-29.865,7,-27,-4
-29.865,7,-27,-4
-29.865,7,-27,-4
-29.865,7,-27,-4
-29.865,7,-27,-4
-34.39,9,-22,-6
-32.58,8,-24,-5
-32.58,8,-24,-5
-32.58,8,-24,-5
-31.675,8,-25,-5
-29.865,7,-27,-4
-34.39,9,-22,-6
-29.865,7,-27,-4
-29.865,7,-27,-4
-32.58,8,-24,-5
-25.34,6,-32,-4
-25.34,6,-32,-4
-23.53,6,-34,-3
-25.34,6,-32,-4
-25.34,6,-32,-4
-25.34,6,-32,-4
-25.34,6,-32,-4
-25.34,6,-32,-4
-25.34,6,-32,-4
-25.34,6,-32,-4
-35.295,8,-21,-5
-28.96,6,-28,-4
-28.96,6,-28,-4
-28.96,6,-28,-4
-35.295,8,-21,-5
-28.96,6,-28,-4
-35.295,8,-21,-5
-35.295,8,-21,-5
-35.295,8,-21,-5
-35.295,8,-21,-5
-38.01,11,-18,-8
-38.01,11,-18,-8
-38.01,11,-18,-8
-44.345,14,-11,-11
-38.01,11,-18,-8
-42.535,14,-13,-11
-38.01,10,-18,-7
-42.535,13,-13,-10
-38.01,11,-18,-8
-42.535,13,-13,-10
-30.77,6,-26,-3
-30.77,6,-26,-3
-30.77,6,-26,-3
-28.96,6,-28,-3
-30.77,6,-26,-3
-30.77,6,-26,-3
-30.77,6,-26,-3
-30.77,6,-26,-3
-30.77,6,-26,-3
-30.77,6,-26,-3
-19.91,4,-38,-2
-18.1,4,-40,-2
-18.1,4,-40,-2
-19.91,4,-38,-1
-18.1,4,-40,-2
-19.91,4,-38,-2
-19.91,4,-38,-2
-19.91,4,-38,-1
-16.29,3,-42,0
-19.91,4,-38,-2
-29.865,6,-27,-3
-23.53,6,-34,-3
-28.96,6,-28,-3
-29.865,6,-27,-3
-29.865,6,-27,-3
-29.865,6,-27,-3
-25.34,6,-32,-4
-29.865,6,-27,-3
-23.53,6,-34,-3
-28.96,6,-28,-3
-30.77,8,-26,-5
-33.485,7,-23,-4
-30.77,8,-26,-5
-33.485,7,-23,-4
-33.485,7,-23,-4
-30.77,8,-26,-5
-33.485,7,-23,-4
-33.485,7,-23,-4
-33.485,7,-23,-4
-33.485,7,-23,-4
-21.72,4,-36,-3
-21.72,4,-36,-2
-21.72,4,-36,-1
-25.34,5,-32,-3
-21.72,4,-36,-1
-23.53,5,-34,-3
-23.53,5,-34,-3
-21.72,4,-36,-2
-21.72,4,-36,-2
-21.72,4,-36,-3
-35.295,10,-21,-7
-35.295,10,-21,-7
-35.295,10,-21,-7
-35.295,10,-21,-7
-35.295,10,-21,-7
-35.295,10,-21,-7
-35.295,10,-21,-7
-35.295,10,-21,-7
-35.295,10,-21,-7
-35.295,10,-21,-7
-25.34,5,-32,-3
-25.34,5,-32,-3
-22.625,5,-35,-3
-25.34,5,-32,-3
-25.34,5,-32,-3
-25.34,5,-32,-3
-25.34,5,-32,-3
-25.34,5,-32,-3
-25.34,5,-32,-3
-25.34,5,-32,-3
-28.96,7,-28,-4
-30.77,7,-26,-4
-30.77,7,-26,-4
-34.39,8,-22,-6
-34.39,8,-22,-6
-29.865,7,-27,-5
-30.77,7,-26,-4
-30.77,8,-26,-5
-34.39,8,-22,-6
-34.39,8,-22,-6
-36.2,9,-20,-6
-36.2,9,-20,-6
-36.2,9,-20,-6
-36.2,9,-20,-6
-36.2,9,-20,-6
-36.2,9,-20,-6
-36.2,9,-20,-6
-36.2,9,-20,-6
-36.2,9,-20,-6
-36.2,9,-20,-6
-30.77,6,-26,-3
-30.77,6,-26,-3
-30.77,6,-26,-3
-30.77,6,-26,-3
-30.77,6,-26,-3
-30.77,6,-26,-3
-30.77,6,-26,-3
-30.77,6,-26,-3
-30.77,6,-26,-3
-30.77,6,-26,-3
-27.15,6,-30,-3
-27.15,6,-30,-3
-27.15,5,-30,-2
-27.15,6,-30,-3
-27.15,6,-30,-3
-27.15,6,-30,-3
-27.15,6,-30,-3
-27.15,6,-30,-3
-27.15,6,-30,-3
-27.15,6,-30,-3
-35.295,8,-21,-5
-35.295,9,-21,-6
-33.485,8,-23,-5
-35.295,8,-21,-5
-35.295,8,-21,-5
-33.485,8,-23,-5
-35.295,8,-21,-5
-33.485,8,-23,-5
-35.295,8,-21,-5
-35.295,8,-21,-5
-38.01,9,-18,-6
-36.2,9,-20,-6
-36.2,9,-20,-6
-36.2,9,-20,-6
-36.2,9,-20,-6
-36.2,9,-20,-6
-38.01,9,-18,-6
-38.01,9,-18,-6
-38.01,9,-18,-6
-38.01,9,-18,-6
-32.58,9,-24,-6
-32.58,9,-24,-6
-32.58,9,-24,-6
-32.58,9,-24,-6
-32.58,9,-24,-6
-32.58,9,-24,-6
-32.58,9,-24,-6
-32.58,9,-24,-6
-32.58,9,-24,-6
-32.58,9,-24,-6
-40.725,10,-15,-7
-40.725,10,-15,-7
-40.725,10,-15,-7
-38.01,11,-18,-8
-40.725,10,-15,-7
-40.725,10,-15,-7
-40.725,10,-15,-7
-40.725,10,-15,-7
-40.725,10,-15,-7
-40.725,10,-15,-7
-24.435,5,-33,-3
-25.34,5,-32,-2
-24.435,5,-33,-3
-24.435,5,-33,-3
-24.435,5,-33,-3
-25.34,5,-32,-2
-24.435,5,-33,-3
-25.34,5,-32,-2
-25.34,5,-32,-2
-25.34,5,-32,-2
-31.675,8,-25,-6
-29.865,7,-27,-5
-29.865,7,-27,-4
-27.15,7,-30,-5
-29.865,7,-27,-5
-26.245,7,-31,-4
-29.865,7,-27,-4
-31.675,7,-25,-5
-27.15,7,-30,-5
-29.865,7,-27,-4
-25.34,5,-32,-2
-23.53,5,-34,-3
-23.53,5,-34,-3
-23.53,5,-34,-3
-23.53,5,-34,-3
-23.53,5,-34,-3
-25.34,5,-32,-2
-27.15,6,-30,-3
-25.34,5,-32,-2
-27.15,6,-30,-3
-35.295,8,-21,-5
-29.865,6,-27,-3
-35.295,8,-21,-5
-35.295,8,-21,-5
-35.295,8,-21,-5
-31.675,7,-25,-4
-35.295,8,-21,-5
-35.295,8,-21,-5
-33.485,7,-23,-4
-31.675,7,-25,-4
-27.15,6,-30,-4
-28.96,6,-28,-4
-28.96,6,-28,-4
-27.15,6,-30,-4
-28.96,6,-28,-4
-23.53,5,-34,-2
-28.96,6,-28,-4
-28.96,6,-28,-4
-28.96,6,-28,-4
-23.53,5,-34,-2
-29.865,7,-27,-4
-29.865,7,-27,-4
-28.96,8,-28,-5
-28.96,8,-28,-5
-28.96,8,-28,-5
-28.96,8,-28,-5
-28.96,8,-28,-5
-28.96,8,-28,-5
-28.96,8,-28,-5
-28.96,8,-28,-5
-29.865,6,-27,-3
-28.96,6,-28,-3
-29.865,6,-27,-3
-28.96,6,-28,-3
-28.96,6,-28,-3
-29.865,6,-27,-3
-29.865,7,-27,-4
-28.96,6,-28,-3
-29.865,6,-27,-3
-28.96,6,-28,-3
-25.34,6,-32,-4
-25.34,6,-32,-4
-25.34,6,-32,-4
-22.625,6,-35,-4
-25.34,6,-32,-4
-25.34,6,-32,-4
-20.815,4,-37,-1
-25.34,6,-32,-4
-20.815,4,-37,-1
-25.34,6,-32,-4
-34.39,9,-20,-6
-34.39,9,-20,-6
-34.39,9,-20,-6
-34.39,9,-20,-6
-34.39,9,-20,-6
-34.39,9,-20,-6
-34.39,9,-20,-6
-34.39,9,-20,-6
-34.39,9,-20,-6
-34.39,9,-20,-6
-37.105,10,-19,-7
-40.725,10,-15,-8
-40.725,10,-15,-8
-40.725,10,-15,-8
-40.725,10,-15,-8
-37.105,10,-19,-7
-36.2,9,-20,-7
-37.105,10,-19,-7
-40.725,10,-15,-8
-37.105,10,-19,-7
-33.485,7,-23,-5
-33.485,7,-23,-5
-33.485,7,-23,-5
-33.485,7,-23,-5
-33.485,7,-23,-5
-33.485,7,-23,-5
-33.485,7,-23,-5
-33.485,7,-23,-5
-33.485,7,-23,-5
-33.485,7,-23,-5
-30.77,7,-26,-5
-30.77,7,-26,-5
-30.77,7,-26,-5
-30.77,7,-26,-5
-30.77,7,-26,-5
-30.77,7,-26,-5
-30.77,7,-26,-5
-30.77,7,-26,-5
-30.77,7,-26,-5
-30.77,7,-26,-5
-39.82,11,-16,-8
-39.82,11,-16,-8
-40.725,10,-15,-7
-39.82,11,-16,-8
-39.82,11,-16,-8
-39.82,11,-16,-8
-39.82,11,-16,-8
-39.82,11,-16,-8
-39.82,11,-16,-8
-39.82,11,-16,-8
-31.675,8,-25,-5
-31.675,8,-25,-5
-28.055,6,-29,-3
-31.675,8,-25,-5
-31.675,8,-25,-5
-31.675,8,-25,-5
-31.675,8,-25,-5
-31.675,8,-25,-5
-31.675,8,-25,-5
-31.675,8,-25,-5
-25.34,6,-32,-3
-21.72,5,-36,-3
-21.72,5,-36,-3
-23.53,5,-34,-2
-21.72,5,-36,-3
-21.72,5,-36,-3
-23.53,5,-34,-3
-23.53,5,-34,-3
-23.53,5,-34,-3
-23.53,6,-34,-4
-36.2,10,-20,-7
-36.2,10,-20,-7
-36.2,10,-20,-7
-36.2,10,-20,-7
-36.2,10,-20,-7
-36.2,10,-20,-7
-34.39,10,-22,-7
-34.39,10,-22,-7
-36.2,10,-20,-7
-36.2,10,-20,-7
-18.1,4,-40,-2
-19.91,4,-38,-1
-19.91,4,-38,-1
-19.91,4,-38,-1
-19.91,4,-38,-2
-19.91,4,-38,-2
-19.91,4,-38,-2
-19.91,4,-38,-2
-19.91,4,-38,-2
-19.91,4,-38,-2
-32.58,7,-24,-5
-32.58,7,-24,-5
-32.58,7,-24,-5
-32.58,7,-24,-5
-30.77,6,-26,-4
-32.58,7,-24,-5
-32.58,7,-24,-5
-32.58,7,-24,-5
-32.58,7,-24,-5
-32.58,7,-24,-5
-14.48,3,-44,-1
-14.48,3,-44,-1
-14.48,3,-44,-1
-14.48,3,-44,-1
-14.48,3,-44,-1
-14.48,3,-44,-1
-14.48,4,-44,-2
-14.48,3,-44,-1
-14.48,3,-44,-1
-14.48,3,-44,-1
-39.82,12,-16,-9
-39.82,12,-16,-9
-39.82,12,-16,-9
-34.39,10,-22,-7
-34.39,10,-22,-7
-39.82,12,-16,-9
-39.82,12,-16,-9
-39.82,12,-16,-9
-39.82,12,-16,-9
-39.82,12,-16,-9
-37.105,9,-19,-6
-37.105,9,-19,-6
-37.105,9,-19,-6
-37.105,9,-19,-6
-37.105,9,-19,-6
-37.105,9,-19,-6
-37.105,9,-19,-6
-36.2,9,-20,-6
-37.105,9,-19,-6
-37.105,9,-19,-6
-38.915,10,-17,-7
-38.915,10,-17,-7
-36.2,9,-20,-6
-36.2,9,-20,-6
-38.915,10,-17,-7
-36.2,9,-20,-6
-37.105,10,-19,-7
-38.915,10,-17,-7
-38.915,10,-17,-7
-36.2,9,-20,-6
-36.2,7,-20,-4
-36.2,7,-20,-4
-32.58,7,-24,-5
-36.2,7,-20,-4
-32.58,7,-24,-5
-36.2,7,-20,-4
-32.58,7,-24,-5
-36.2,7,-20,-4
-32.58,7,-24,-5
-32.58,7,-24,-4
-28.96,6,-28,-4
-28.96,6,-28,-4
-28.96,6,-28,-4
-28.96,6,-28,-4
-28.96,6,-28,-4
-28.96,6,-28,-4
-28.96,6,-28,-4
-28.96,6,-28,-4
-28.96,6,-28,-4
-28.96,6,-28,-4
-32.58,8,-24,-6
-28.96,7,-28,-4
-28.96,7,-28,-4
-33.485,8,-23,-6
-33.485,8,-23,-6
-32.58,8,-24,-5
-33.485,8,-23,-6
-29.865,8,-27,-5
-29.865,6,-27,-3
-29.865,8,-27,-5
-25.34,7,-32,-4
-25.34,7,-32,-4
-25.34,7,-32,-4
-25.34,7,-32,-4
-25.34,7,-32,-4
-21.72,6,-36,-4
-25.34,7,-32,-4
-25.34,7,-32,-4
-25.34,7,-32,-4
-25.34,7,-32,-4
-29.865,7,-27,-5
-28.055,6,-29,-3
-29.865,7,-27,-5
-28.96,6,-28,-3
-28.055,6,-29,-3
-26.245,6,-31,-3
-28.96,6,-28,-3
-28.96,8,-28,-6
-28.055,7,-29,-5
-28.96,8,-28,-6
-30.77,7,-26,-4
-30.77,7,-26,-4
-33.485,8,-23,-5
-33.485,8,-23,-5
-33.485,8,-23,-5
-26.245,7,-31,-5
-28.96,7,-28,-4
-33.485,8,-23,-5
-33.485,8,-23,-5
-33.485,8,-23,-5
-30.77,8,-26,-5
-33.485,8,-23,-5
-33.485,8,-23,-5
-33.485,8,-23,-5
-33.485,8,-23,-5
-33.485,8,-23,-5
-33.485,8,-23,-5
-33.485,8,-23,-5
-33.485,8,-23,-5
-30.77,8,-26,-5
-43.44,10,-12,-8
-43.44,10,-12,-8
-42.535,10,-13,-7
-43.44,10,-12,-8
-43.44,10,-12,-8
-43.44,10,-12,-8
-43.44,10,-12,-8
-43.44,10,-12,-8
-43.44,10,-12,-8
-42.535,10,-13,-7
-48.87,15,-6,-12
-38.915,12,-17,-9
-39.82,13,-16,-10
-48.87,15,-6,-12
-48.87,15,-6,-12
-47.965,16,-7,-13
-31.675,12,-25,-10
-39.82,13,-16,-10
-48.87,15,-6,-12
-39.82,13,-16,-10
-38.915,10,-17,-7
-39.82,10,-16,-8
-38.915,10,-17,-7
-38.915,10,-17,-7
-38.915,10,-17,-7
-38.915,10,-17,-7
-38.915,10,-17,-7
-38.915,10,-17,-7
-38.915,10,-17,-7
-38.915,10,-17,-7
-28.96,6,-28,-3
-28.96,6,-28,-3
-27.15,5,-30,-2
-30.77,6,-26,-3
-28.96,6,-28,-3
-28.96,6,-28,-3
-28.96,6,-28,-3
-28.96,6,-28,-3
-28.96,6,-28,-3
-27.15,5,-30,-2
-30.77,6,-26,-3
-30.77,6,-26,-3
-30.77,6,-26,-3
-30.77,6,-26,-3
-30.77,6,-26,-3
-30.77,6,-26,-3
-30.77,6,-26,-3
-30.77,6,-26,-3
-30.77,6,-26,-3
-30.77,6,-26,-3
-19.91,5,-38,-2
-19.91,5,-38,-2
-19.91,5,-38,-2
-19.91,5,-38,-2
-19.91,5,-38,-3
-18.1,4,-40,-2
-18.1,4,-40,-2
-19.91,5,-38,-3
-19.91,5,-38,-2
-19.91,5,-38,-2
-30.77,6,-26,-3
-30.77,6,-26,-3
-30.77,6,-26,-3
-30.77,6,-26,-4
-30.77,6,-26,-4
-30.77,6,-26,-4
-30.77,6,-26,-3
-30.77,6,-26,-4
-30.77,6,-26,-4
-30.77,6,-26,-4
-25.34,5,-32,-3
-28.96,6,-28,-5
-25.34,5,-32,-4
-25.34,5,-32,-3
-27.15,6,-30,-5
-25.34,5,-32,-3
-28.96,6,-28,-5
-25.34,5,-32,-3
-25.34,6,-32,-5
-25.34,5,-32,-3
-23.53,5,-34,-3
-23.53,6,-34,-3
-23.53,5,-34,-3
-27.15,6,-30,-3
-23.53,5,-34,-3
-23.53,5,-34,-3
-23.53,5,-34,-3
-21.72,5,-36,-3
-23.53,5,-34,-3
-23.53,5,-34,-3
-23.53,5,-34,-2
-23.53,5,-34,-2
-23.53,5,-34,-2
-23.53,5,-34,-2
-23.53,5,-34,-2
-23.53,5,-34,-2
-23.53,5,-34,-2
-23.53,5,-34,-2
-23.53,5,-34,-2
-21.72,5,-36,-3
-25.34,5,-32,-2
-23.53,5,-34,-2
-23.53,5,-34,-2
-23.53,5,-34,-2
-23.53,5,-34,-2
-25.34,5,-32,-2
-21.72,4,-36,-2
-23.53,5,-34,-2
-25.34,5,-32,-2
-21.72,4,-36,-1
-34.39,7,-22,-4
-34.39,7,-22,-4
-32.58,7,-24,-4
-34.39,7,-22,-4
-34.39,7,-22,-4
-34.39,7,-22,-4
-34.39,7,-22,-4
-32.58,7,-24,-5
-32.58,7,-24,-5
-34.39,7,-22,-4
-27.15,6,-30,-3
-27.15,6,-30,-3
-27.15,6,-30,-3
-26.245,7,-31,-4
-26.245,7,-31,-4
-27.15,6,-30,-3
-26.245,7,-31,-4
-26.245,7,-31,-4
-27.15,6,-30,-3
-26.245,7,-31,-4
-37.105,9,-19,-6
-35.295,9,-21,-6
-37.105,9,-19,-6
-35.295,9,-21,-6
-35.295,9,-21,-6
-35.295,9,-21,-6
-35.295,8,-21,-6
-35.295,9,-21,-6
-35.295,9,-21,-6
-35.295,9,-21,-6
-32.58,8,-24,-5
-30.77,7,-26,-4
-32.58,8,-24,-5
-32.58,8,-24,-5
-32.58,8,-24,-5
-33.485,8,-23,-5
-32.58,8,-24,-5
-32.58,8,-24,-5
-33.485,8,-23,-5
-33.485,8,-23,-5
-23.53,5,-34,-3
-28.055,6,-29,-3
-28.055,6,-29,-3
-23.53,5,-34,-3
-28.055,6,-29,-3
-28.055,6,-29,-3
-28.055,6,-29,-3
-23.53,5,-34,-3
-22.625,5,-35,-2
-28.055,6,-29,-3
-25.34,6,-32,-3
-23.53,6,-34,-3
-25.34,6,-32,-3
-28.055,7,-29,-4
-25.34,6,-32,-3
-23.53,6,-34,-3
-28.055,7,-29,-4
-28.055,7,-29,-4
-28.055,7,-29,-4
-28.055,7,-29,-4
-38.01,10,-18,-7
-38.01,10,-18,-7
-28.96,8,-28,-5
-38.01,10,-18,-7
-38.01,10,-18,-7
-36.2,9,-20,-6
-28.96,8,-28,-5
-28.96,8,-28,-5
-38.01,10,-18,-7
-38.01,10,-18,-7
-38.915,10,-17,-7
-38.915,10,-17,-7
-38.915,10,-17,-7
-38.915,10,-17,-7
-38.915,10,-17,-7
-38.915,10,-17,-7
-38.915,10,-17,-7
-38.915,10,-17,-7
-38.915,10,-17,-7
-38.915,10,-17,-7
-25.34,6,-32,-3
-25.34,6,-32,-3
-25.34,7,-32,-4
-21.72,5,-36,-2
-25.34,6,-32,-3
-25.34,6,-32,-3
-25.34,6,-32,-3
-25.34,7,-32,-4
-25.34,7,-32,-4
-21.72,5,-36,-2
-28.96,6,-28,-4
-25.34,5,-32,-3
-28.96,6,-28,-4
-25.34,5,-32,-3
-25.34,5,-32,-3
-28.96,6,-28,-4
-25.34,5,-32,-3
-28.96,6,-28,-4
-25.34,5,-32,-3
-25.34,5,-32,-3
-35.295,9,-21,-6
-35.295,9,-21,-6
-35.295,9,-21,-6
-35.295,9,-21,-6
-35.295,9,-21,-6
-35.295,9,-21,-6
-35.295,9,-21,-6
-35.295,9,-21,-6
-35.295,9,-21,-6
-35.295,9,-21,-6
-38.01,9,-18,-6
-38.01,9,-18,-6
-38.01,9,-18,-6
-38.01,9,-18,-6
-38.01,9,-18,-6
-38.01,9,-18,-6
-38.01,9,-18,-6
-38.01,9,-18,-6
-38.01,9,-18,-6
-38.01,9,-18,-6
-28.96,9,-28,-7
-35.295,11,-21,-8
-32.58,11,-24,-9
-28.96,9,-28,-7
-35.295,11,-21,-8
-32.58,10,-24,-7
-32.58,10,-24,-7
-32.58,10,-24,-7
-32.58,10,-24,-7
-32.58,10,-24,-7
-25.34,5,-32,-2
-23.53,5,-34,-2
-23.53,6,-34,-3
-23.53,6,-34,-3
-23.53,6,-34,-3
-23.53,5,-34,-2
-23.53,5,-34,-2
-21.72,5,-36,-2
-23.53,5,-34,-2
-25.34,5,-32,-2
-30.77,8,-26,-6
-30.77,8,-26,-6
-30.77,8,-26,-6
-30.77,8,-26,-5
-30.77,8,-26,-6
-30.77,8,-26,-6
-30.77,8,-26,-5
-30.77,8,-26,-5
-30.77,8,-26,-5
-30.77,8,-26,-6
-23.53,5,-34,-2
-19.91,4,-38,-1
-23.53,5,-34,-3
-23.53,5,-34,-3
-23.53,5,-34,-3
-23.53,5,-34,-3
-23.53,5,-34,-3
-19.91,4,-38,-1
-23.53,5,-34,-3
-23.53,5,-34,-3
-30.77,7,-26,-5
-30.77,7,-26,-5
-30.77,7,-26,-5
-30.77,7,-26,-4
-30.77,7,-26,-4
-32.58,8,-24,-5
-30.77,7,-26,-5
-30.77,7,-26,-5
-30.77,7,-26,-5
-30.77,7,-26,-4
-37.105,11,-19,-8
-37.105,11,-19,-8
-41.63,13,-14,-10
-41.63,13,-14,-10
-41.63,13,-14,-10
-41.63,13,-14,-10
-37.105,11,-19,-8
-38.915,12,-17,-9
-38.915,12,-17,-9
-37.105,11,-19,-8
-39.82,11,-16,-8
-36.2,10,-20,-7
-34.39,9,-22,-6
-39.82,12,-16,-9
-34.39,9,-22,-6
-38.01,11,-18,-8
-34.39,9,-22,-6
-36.2,10,-20,-7
-34.39,9,-22,-6
-38.01,11,-18,-8
-30.77,8,-26,-5
-28.96,8,-28,-6
-28.96,8,-28,-6
-28.96,8,-28,-6
-28.96,8,-28,-6
-28.96,8,-28,-6
-28.96,8,-28,-6
-28.96,8,-28,-6
-28.96,8,-28,-6
-28.96,8,-28,-6
-28.96,9,-28,-6
-28.96,9,-28,-6
-28.055,9,-29,-6
-29.865,8,-27,-5
-29.865,8,-27,-5
-29.865,8,-27,-5
-28.055,9,-29,-6
-28.055,9,-29,-6
-29.865,8,-27,-5
-29.865,8,-27,-5
-20.815,4,-37,-1
-16.29,4,-42,-1
-20.815,4,-37,-1
-19.005,4,-39,-2
-18.1,4,-40,-2
-17.195,4,-41,-1
-20.815,4,-37,-1
-16.29,4,-42,-1
-19.005,4,-39,-2
-17.195,4,-41,-1
-47.965,15,-7,-12
-48.87,16,-6,-13
-47.965,15,-7,-12
-48.87,16,-6,-13
-47.965,15,-7,-12
-47.965,15,-7,-12
-47.965,15,-7,-12
-47.965,15,-7,-12
-47.965,15,-7,-12
-48.87,16,-6,-13
-27.15,6,-30,-3
-25.34,5,-32,-3
-27.15,6,-30,-4
-23.53,5,-34,-3
-27.15,6,-30,-4
-27.15,6,-30,-3
-27.15,6,-30,-3
-25.34,5,-32,-3
-25.34,5,-32,-3
-27.15,6,-30,-3
-25.34,6,-32,-4
-23.53,5,-34,-3
-23.53,5,-34,-3
-25.34,6,-32,-4
-25.34,6,-32,-4
-23.53,5,-34,-3
-23.53,5,-34,-3
-25.34,6,-32,-4
-23.53,5,-34,-3
-25.34,6,-32,-4
-33.485,10,-23,-7
-33.485,10,-23,-7
-33.485,10,-23,-7
-33.485,10,-23,-7
-33.485,10,-23,-7
-33.485,10,-23,-7
-33.485,10,-23,-7
-33.485,10,-23,-7
-33.485,10,-23,-7
-33.485,10,-23,-7
-36.2,9,-20,-6
-36.2,9,-20,-6
-36.2,9,-20,-6
-32.58,8,-24,-5
-36.2,9,-20,-6
-36.2,9,-20,-6
-36.2,9,-20,-6
-32.58,8,-24,-5
-32.58,8,-24,-5
-36.2,9,-20,-6
