-70.98,8,-18,-6
-74.36,8,-16,-6
-72.04,8,-14,-6
-70.98,7,-18,-5
-74.36,8,-16,-6
-67.6,7,-20,-5
-67.6,8,-20,-6
-74.36,8,-16,-6
-70.98,7,-18,-6
-74.36,8,-16,-6
-92.95,12,-5,-10
-92.95,12,-5,-10
-92.95,12,-5,-10
-91.26,12,-6,-10
-91.26,12,-6,-10
-91.26,12,-6,-10
-91.26,12,-6,-10
-92.95,12,-5,-10
-91.26,12,-6,-10
-91.26,12,-6,-10
-92.95,10,-5,-8
-92.95,10,-5,-8
-91.26,9,-6,-8
-96.33,10,-3,-8
-87.88,10,-8,-9
-91.26,9,-6,-8
-92.95,10,-5,-8
-87.88,10,-8,-8
-87.88,10,-8,-9
-92.95,10,-5,-8
-101.4,10,0,-8
-101.4,10,0,-8
-101.4,10,0,-8
-101.4,10,0,-8
-101.4,10,0,-8
-101.4,10,0,-8
-101.4,10,0,-8
-101.4,10,0,-8
-94.64,10,-4,-8
-101.4,10,0,-8
-78.8,10,-10,-8
-84.5,9,-10,-8
-78.8,10,-10,-8
-78.8,10,-10,-8
-84.5,9,-10,-8
-81.12,9,-12,-8
-84.5,9,-10,-8
-81.12,9,-12,-8
-84.5,9,-10,-8
-84.5,9,-10,-8
-91.26,10,-6,-8
-87.88,9,-8,-7
-94.64,10,-4,-9
-87.88,9,-8,-7
-91.26,10,-6,-9
-91.26,10,-6,-8
-91.26,10,-6,-9
-91.26,9,-6,-7
-91.26,10,-6,-8
-94.64,10,-4,-9
-101.4,10,0,-8
-101.4,10,0,-8
-101.4,10,0,-8
-101.4,10,0,-8
-101.4,10,0,-8
-101.4,10,0,-8
-101.4,10,0,-8
-98.02,10,-2,-8
-101.4,10,0,-8
-101.4,10,0,-8
-81.12,8,-12,-6
-77.74,8,-14,-6
-81.12,8,-12,-6
-81.12,8,-12,-6
-77.74,8,-14,-6
-77.74,8,-14,-6
-70.98,8,-18,-6
-81.12,8,-12,-6
-70.98,7,-18,-5
-70.98,8,-18,-6
-91.26,11,-6,-10
-91.26,10,-6,-8
-91.26,10,-6,-8
-91.26,11,-6,-10
-89.57,11,-7,-9
-91.26,10,-6,-8
-86.19,11,-9,-9
-91.26,11,-6,-10
-91.26,10,-6,-8
-91.26,10,-6,-8
-74.36,8,-16,-6
-65.91,7,-21,-5
-69.29,7,-19,-5
-74.36,8,-16,-6
-70.98,7,-18,-6
-70.98,7,-18,-6
-72.67,8,-17,-6
-70.98,8,-18,-6
-70.98,7,-18,-6
-70.98,7,-18,-6
-77.11,11,-11,-9
-86.19,13,-9,-11
-86.19,13,-9,-11
-86.19,13,-9,-11
-79.43,11,-13,-9
-74.36,10,-16,-8
-82.81,12,-11,-10
-92.95,14,-5,-12
-67.6,8,-20,-7
-86.19,13,-9,-11
-81.12,9,-12,-7
-81.12,8,-12,-7
-81.12,8,-12,-7
-81.12,8,-12,-7
-81.12,8,-12,-7
-81.12,8,-12,-7
-81.12,9,-12,-7
-81.12,8,-12,-7
-81.12,10,-12,-8
-81.12,8,-12,-7
-84.5,11,-10,-9
-84.5,11,-10,-9
-85.56,12,-6,-10
-81.12,9,-12,-7
-81.12,9,-12,-7
-81.12,10,-12,-8
-84.5,11,-10,-9
-77.74,10,-14,-8
-81.12,10,-12,-8
-84.5,11,-10,-9
-101.4,12,0,-11
-101.4,12,0,-11
-101.4,12,0,-11
-101.4,12,0,-11
-101.4,12,0,-11
-101.4,12,0,-11
-98.02,12,-2,-11
-101.4,12,0,-11
-101.4,12,0,-11
-101.4,12,0,-11
-70.98,8,-18,-6
-70.98,7,-18,-5
-70.98,7,-18,-5
-70.98,7,-18,-5
-70.98,7,-18,-5
-67.6,7,-20,-5
-67.6,7,-20,-5
-67.6,7,-20,-5
-74.36,8,-16,-6
-74.36,8,-16,-6
-84.5,9,-10,-8
-84.5,9,-10,-8
-87.88,10,-8,-9
-84.5,9,-10,-8
-84.5,9,-10,-8
-84.5,9,-10,-8
-84.5,9,-10,-8
-84.5,9,-10,-8
-81.12,8,-12,-7
-84.5,9,-10,-8
-101.4,10,0,-9
-101.4,10,0,-9
-101.4,10,0,-9
-101.4,10,0,-9
-101.4,10,0,-9
-101.4,10,0,-9
-101.4,10,0,-9
-101.4,10,0,-9
-101.4,10,0,-9
-101.4,10,0,-9
-84.5,9,-10,-8
-84.5,9,-10,-8
-84.5,9,-10,-8
-84.5,9,-10,-8
-81.12,8,-12,-7
-84.5,9,-10,-8
-84.5,9,-10,-8
-84.5,9,-10,-8
-81.12,8,-12,-6
-84.5,9,-10,-8
-94.64,12,-4,-10
-92.95,13,-5,-11
-98.02,12,-2,-10
-98.02,12,-2,-10
-94.64,12,-4,-10
-98.02,12,-2,-10
-91.26,12,-6,-10
-91.26,12,-6,-10
-91.26,12,-6,-10
-98.02,12,-2,-10
-81.12,8,-12,-7
-74.36,8,-16,-7
-77.74,9,-14,-7
-77.74,9,-14,-7
-74.36,8,-16,-6
-77.74,9,-14,-8
-77.74,8,-14,-7
-77.74,9,-14,-8
-77.74,9,-14,-7
-81.12,8,-12,-7
-72.67,10,-17,-8
-69.29,8,-19,-6
-70.98,8,-18,-7
-76.05,9,-15,-7
-74.36,8,-16,-7
-70.98,8,-18,-7
-70.98,8,-18,-7
-70.98,8,-18,-7
-67.6,8,-20,-7
-74.36,8,-16,-7
-82.18,9,-8,-7
-101.4,10,0,-9
-101.4,10,0,-9
-101.4,10,0,-9
-91.26,9,-6,-7
-87.88,9,-8,-7
-91.26,10,-6,-8
-101.4,10,0,-9
-87.88,9,-8,-7
-91.26,10,-6,-8
-101.4,10,0,-9
-101.4,10,0,-9
-101.4,10,0,-9
-101.4,10,0,-9
-98.02,10,-2,-9
-98.02,10,-2,-9
-101.4,10,0,-9
-101.4,10,0,-9
-98.02,10,-2,-9
-98.02,10,-2,-9
-94.64,10,-4,-8
-94.64,10,-4,-8
-94.64,10,-4,-8
-94.64,10,-4,-8
-91.26,10,-6,-9
-94.64,10,-4,-8
-94.64,10,-4,-8
-94.64,10,-4,-8
-94.64,10,-4,-8
-94.64,10,-4,-8
-74.36,9,-16,-7
-74.36,8,-16,-6
-74.36,8,-16,-6
-74.36,9,-16,-7
-67.6,8,-20,-6
-74.36,9,-16,-7
-67.6,7,-20,-6
-67.6,7,-20,-5
-70.98,8,-18,-6
-74.36,8,-16,-6
-94.64,12,-4,-10
-94.64,12,-4,-10
-94.64,12,-4,-10
-94.64,12,-4,-10
-94.64,12,-4,-10
-94.64,12,-4,-10
-98.02,12,-2,-10
-98.02,12,-2,-10
-94.64,12,-4,-10
-101.4,12,0,-10
-74.36,8,-16,-6
-74.36,8,-16,-6
-74.36,8,-16,-6
-70.98,8,-18,-7
-74.36,8,-16,-6
-65.28,8,-18,-6
-68.66,8,-16,-6
-70.98,7,-18,-5
-64.22,7,-22,-5
-70.98,9,-18,-7
-87.88,10,-8,-8
-92.95,11,-5,-9
-87.88,10,-8,-8
-87.88,10,-8,-8
-87.88,10,-8,-8
-91.26,10,-6,-8
-91.26,10,-6,-8
-87.88,10,-8,-8
-87.88,10,-8,-8
-87.88,10,-8,-8
-101.4,10,0,-9
-101.4,10,0,-9
-101.4,10,0,-9
-101.4,10,0,-9
-101.4,10,0,-9
-101.4,10,0,-9
-101.4,10,0,-9
-101.4,10,0,-9
-101.4,10,0,-9
-101.4,10,0,-9
-101.4,12,0,-10
-101.4,12,0,-10
-101.4,12,0,-10
-101.4,12,0,-10
-101.4,12,0,-10
-101.4,12,0,-10
-101.4,12,0,-10
-101.4,12,0,-10
-101.4,12,0,-10
-101.4,12,0,-10
-87.88,9,-8,-7
-87.88,9,-8,-7
-87.88,9,-8,-7
-87.88,9,-8,-8
-87.88,9,-8,-7
-91.26,10,-6,-8
-87.88,9,-8,-7
-87.88,9,-8,-7
-91.26,10,-6,-8
-91.26,10,-6,-8
-94.64,12,-4,-10
-94.64,12,-4,-10
-94.64,12,-4,-10
-94.64,12,-4,-10
-94.64,12,-4,-10
-94.64,12,-4,-10
-98.02,12,-2,-10
-98.02,12,-2,-10
-94.64,12,-4,-10
-101.4,12,0,-10
-91.26,9,-6,-7
-94.64,10,-4,-8
-91.26,9,-6,-7
-91.26,9,-6,-7
-87.88,9,-8,-7
-94.64,10,-4,-8
-94.64,10,-4,-8
-91.26,9,-6,-7
-87.88,9,-8,-7
-91.26,10,-6,-8
-77.74,8,-14,-6
-67.6,7,-20,-5
-77.74,8,-14,-6
-77.74,8,-14,-6
-77.74,8,-14,-6
-81.12,9,-12,-7
-74.36,8,-16,-6
-74.36,8,-16,-6
-74.36,8,-16,-6
-77.74,8,-14,-6
-74.36,10,-16,-8
-74.36,10,-16,-8
-79.43,10,-13,-8
-74.36,10,-16,-8
-76.05,10,-15,-8
-72.67,9,-17,-7
-74.36,10,-16,-8
-74.36,10,-16,-8
-79.43,10,-13,-8
-79.43,10,-13,-8
-84.5,9,-10,-8
-84.5,9,-10,-8
-84.5,9,-10,-8
-84.5,9,-10,-8
-84.5,9,-10,-8
-84.5,9,-10,-8
-84.5,9,-10,-8
-84.5,9,-10,-8
-81.12,8,-12,-7
-84.5,9,-10,-8
-101.4,10,0,-9
-101.4,10,0,-9
-101.4,10,0,-9
-101.4,10,0,-9
-101.4,10,0,-9
-101.4,10,0,-9
-101.4,10,0,-9
-101.4,10,0,-9
-101.4,10,0,-9
-101.4,10,0,-9
-101.4,10,0,-8
-101.4,10,0,-9
-101.4,10,0,-9
-101.4,10,0,-9
-101.4,10,0,-8
-98.02,10,-2,-8
-101.4,10,0,-9
-101.4,10,0,-9
-101.4,10,0,-8
-101.4,10,0,-8
-81.12,8,-12,-6
-84.5,9,-10,-8
-84.5,9,-10,-7
-84.5,9,-10,-8
-84.5,9,-10,-7
-84.5,9,-10,-7
-87.88,10,-8,-9
-84.5,9,-10,-8
-84.5,9,-10,-7
-84.5,9,-10,-8
-101.4,10,0,-9
-101.4,10,0,-9
-101.4,10,0,-9
-101.4,10,0,-9
-101.4,10,0,-9
-101.4,10,0,-9
-101.4,10,0,-9
-101.4,10,0,-9
-101.4,10,0,-9
-101.4,10,0,-9
-70.98,7,-18,-6
-74.36,8,-16,-7
-64.22,7,-22,-6
-65.91,7,-21,-5
-74.36,8,-16,-7
-70.98,7,-18,-6
-72.67,8,-17,-6
-65.91,7,-21,-5
-70.98,7,-18,-6
-70.98,7,-18,-6
-91.26,11,-6,-9
-91.26,11,-6,-9
-91.26,11,-6,-9
-87.88,10,-8,-8
-98.02,11,-2,-9
-87.88,11,-8,-9
-91.26,11,-6,-9
-91.26,11,-6,-9
-94.64,11,-4,-9
-94.64,10,-4,-8
-77.74,10,-14,-8
-84.5,11,-10,-9
-84.5,11,-10,-9
-76.05,10,-15,-8
-81.12,10,-12,-8
-74.36,10,-16,-8
-86.19,11,-9,-9
-81.12,10,-12,-8
-72.67,8,-17,-6
-84.5,11,-10,-9
-94.64,12,-4,-11
-94.64,12,-4,-11
-94.64,12,-4,-10
-94.64,12,-4,-11
-94.64,12,-4,-11
-94.64,12,-4,-11
-94.64,12,-4,-11
-94.64,12,-4,-11
-98.02,12,-2,-11
-98.02,12,-2,-10
-91.26,10,-6,-8
-94.64,10,-4,-8
-91.26,10,-6,-8
-94.64,10,-4,-8
-87.88,9,-8,-7
-81.12,9,-12,-7
-87.88,9,-8,-7
-91.26,10,-6,-8
-94.64,10,-4,-8
-87.88,9,-8,-7
-79.43,14,-13,-12
-79.43,12,-13,-10
-86.19,14,-9,-12
-86.19,14,-9,-12
-81.12,13,-12,-11
-86.19,15,-9,-13
-79.43,12,-13,-10
-79.43,12,-13,-10
-79.43,14,-13,-12
-76.05,12,-15,-10
-94.64,10,-4,-8
-87.88,9,-8,-8
-101.4,11,0,-9
-87.88,9,-8,-7
-101.4,11,0,-9
-101.4,11,0,-9
-94.64,11,-4,-9
-87.88,9,-8,-7
-87.88,10,-8,-8
-87.88,9,-8,-8
-91.26,10,-6,-9
-92.95,10,-5,-8
-94.64,10,-4,-9
-91.26,10,-6,-9
-94.64,10,-4,-9
-91.26,10,-6,-9
-92.95,10,-5,-8
-94.64,10,-4,-9
-94.64,10,-4,-9
-91.26,10,-6,-9
-81.12,8,-12,-6
-70.98,7,-18,-5
-74.36,8,-16,-6
-77.74,8,-14,-6
-74.36,8,-16,-6
-74.36,8,-16,-6
-74.36,8,-16,-6
-74.36,8,-16,-6
-74.36,8,-16,-6
-81.12,8,-12,-6
-92.95,12,-5,-10
-92.95,12,-5,-10
-91.26,13,-6,-11
-92.95,12,-5,-10
-92.95,12,-5,-10
-92.95,12,-5,-10
-92.95,12,-5,-10
-96.33,12,-3,-10
-92.95,12,-5,-10
-92.95,12,-5,-10
-91.26,10,-6,-8
-101.4,10,0,-9
-101.4,10,0,-9
-91.26,10,-6,-8
-91.26,9,-6,-7
-87.88,9,-8,-7
-101.4,10,0,-9
-91.26,9,-6,-7
-94.64,10,-4,-8
-91.26,9,-6,-7
-81.12,10,-12,-8
-74.36,8,-16,-7
-70.98,8,-18,-7
-81.12,10,-12,-8
-81.12,10,-12,-8
-74.36,9,-16,-7
-84.5,11,-10,-9
-81.12,10,-12,-8
-77.74,10,-14,-8
-84.5,11,-10,-9
-70.98,7,-18,-5
-70.98,7,-18,-5
-74.36,8,-16,-7
-74.36,8,-16,-6
-74.36,8,-16,-7
-74.36,8,-16,-6
-70.98,7,-18,-5
-74.36,9,-16,-7
-74.36,8,-16,-6
-70.98,7,-18,-5
-72.67,8,-17,-6
-70.98,8,-18,-6
-77.74,8,-14,-6
-74.36,10,-16,-8
-70.98,8,-18,-6
-77.74,8,-14,-6
-64.22,8,-22,-6
-65.91,9,-21,-7
-72.67,8,-17,-6
-72.67,8,-17,-6
-81.12,8,-12,-6
-81.12,9,-12,-7
-81.12,8,-12,-7
-87.88,10,-8,-8
-81.12,8,-12,-7
-84.5,9,-10,-8
-81.12,8,-12,-7
-81.12,9,-12,-7
-81.12,9,-12,-7
-77.74,8,-14,-6
-101.4,10,0,-8
-101.4,10,0,-8
-101.4,10,0,-8
-101.4,10,0,-8
-101.4,10,0,-8
-101.4,10,0,-8
-101.4,10,0,-8
-98.02,10,-2,-8
-101.4,10,0,-8
-101.4,10,0,-8
-84.5,10,-10,-8
-86.19,11,-9,-9
-84.5,10,-10,-8
-81.12,10,-12,-8
-84.5,10,-10,-8
-84.5,10,-10,-8
-84.5,10,-10,-8
-81.12,10,-12,-8
-84.5,10,-10,-8
-84.5,10,-10,-8
-92.95,11,-5,-9
-86.19,10,-9,-8
-82.81,11,-11,-9
-94.64,12,-4,-10
-86.19,10,-9,-8
-98.02,11,-2,-9
-87.88,10,-8,-8
-92.95,11,-5,-9
-87.88,10,-8,-8
-92.95,11,-5,-9
-87.25,10,-5,-8
-98.02,10,-2,-8
-98.02,10,-2,-8
-98.02,10,-2,-8
-98.02,10,-2,-8
-98.02,10,-2,-8
-98.02,10,-2,-8
-98.02,10,-2,-8
-84.5,10,-10,-8
-98.02,10,-2,-8
-84.5,9,-10,-7
-84.5,9,-10,-7
-75.42,8,-12,-6
-84.5,9,-10,-7
-84.5,9,-10,-7
-84.5,9,-10,-7
-84.5,9,-10,-7
-84.5,9,-10,-7
-84.5,9,-10,-7
-84.5,9,-10,-7
-67.6,9,-20,-7
-67.6,9,-20,-7
-69.29,8,-19,-6
-76.05,8,-15,-6
-77.74,9,-14,-8
-76.05,8,-15,-6
-76.05,8,-15,-6
-70.98,10,-18,-8
-76.05,8,-15,-6
-76.05,8,-15,-6
-77.74,8,-14,-6
-74.36,8,-16,-6
-74.36,8,-16,-6
-81.12,9,-12,-7
-74.36,8,-16,-6
-74.36,8,-16,-6
-77.74,9,-14,-7
-77.74,8,-14,-6
-77.74,8,-14,-6
-74.36,8,-16,-6
-70.98,9,-18,-7
-70.98,8,-18,-6
-70.98,7,-18,-5
-74.36,8,-16,-6
-70.98,8,-18,-6
-70.98,7,-18,-5
-74.36,8,-16,-6
-74.36,8,-16,-6
-74.36,8,-16,-6
-81.12,8,-12,-7
-67.6,9,-20,-7
-64.22,8,-22,-6
-67.6,9,-20,-7
-67.6,9,-20,-7
-64.22,8,-22,-6
-67.6,8,-20,-6
-60.84,8,-24,-6
-64.22,8,-22,-6
-64.22,9,-22,-7
-60.84,7,-24,-5
-76.05,13,-15,-11
-86.19,15,-9,-13
-77.74,14,-14,-12
-77.74,14,-14,-12
-84.5,14,-10,-12
-76.05,13,-15,-11
-77.74,14,-14,-12
-84.5,14,-10,-12
-84.5,14,-10,-12
-77.74,14,-14,-12
-101.4,10,0,-9
-101.4,10,0,-9
-101.4,10,0,-9
-101.4,10,0,-9
-101.4,10,0,-9
-101.4,10,0,-9
-101.4,10,0,-9
-101.4,10,0,-9
-101.4,10,0,-9
-101.4,10,0,-9
-94.64,11,-4,-9
-87.88,10,-8,-8
-87.88,11,-8,-9
-84.5,10,-10,-8
-91.26,11,-6,-9
-94.64,11,-4,-9
-85.56,10,-6,-8
-101.4,11,0,-9
-81.12,10,-12,-8
-83.87,10,-7,-8
-94.64,11,-4,-9
-82.81,10,-11,-8
-86.19,9,-9,-7
-94.64,11,-4,-9
-81.12,9,-12,-7
-81.12,9,-12,-7
-86.19,9,-9,-7
-84.5,9,-10,-7
-94.64,11,-4,-9
-86.19,9,-9,-7
-87.88,9,-8,-7
-87.88,9,-8,-7
-87.88,9,-8,-7
-87.88,9,-8,-7
-84.5,9,-10,-7
-87.88,9,-8,-7
-87.88,9,-8,-7
-84.5,9,-10,-7
-84.5,9,-10,-7
-87.88,9,-8,-7
-91.26,10,-6,-9
-101.4,10,0,-9
-91.26,9,-6,-7
-81.12,8,-12,-6
-101.4,10,0,-9
-101.4,10,0,-9
-87.88,9,-8,-7
-101.4,10,0,-9
-101.4,10,0,-9
-101.4,10,0,-9
-101.4,12,0,-11
-101.4,12,0,-11
-96.33,12,-3,-10
-101.4,12,0,-11
-101.4,12,0,-11
-101.4,12,0,-11
-101.4,12,0,-11
-101.4,12,0,-11
-101.4,12,0,-11
-101.4,12,0,-11
-94.64,10,-4,-8
-101.4,10,0,-9
-94.64,10,-4,-8
-94.64,10,-4,-8
-94.64,10,-4,-8
-94.64,10,-4,-8
-94.64,10,-4,-8
-92.32,10,-2,-8
-101.4,10,0,-9
-94.64,10,-4,-8
-87.88,9,-8,-8
-91.26,9,-6,-8
-87.88,9,-8,-7
-91.26,10,-6,-8
-84.5,9,-10,-7
-87.88,9,-8,-7
-87.88,9,-8,-7
-87.88,9,-8,-7
-87.88,10,-8,-9
-87.88,9,-8,-7
-92.95,11,-5,-9
-87.25,11,-5,-9
-92.95,11,-5,-9
-92.95,11,-5,-9
-89.57,11,-7,-9
-89.57,11,-7,-9
-92.95,11,-5,-9
-87.88,12,-8,-10
-89.57,11,-7,-9
-92.95,11,-5,-9
-75.42,8,-12,-6
-81.12,9,-12,-7
-77.74,8,-14,-6
-75.42,9,-12,-7
-82.18,10,-8,-8
-77.74,8,-14,-6
-81.12,10,-12,-8
-77.74,8,-14,-6
-81.12,10,-12,-8
-82.18,10,-8,-8
-84.5,9,-10,-7
-75.42,8,-12,-6
-84.5,9,-10,-7
-77.74,8,-14,-6
-74.36,8,-16,-6
-77.74,8,-14,-6
-74.36,8,-16,-6
-84.5,9,-10,-7
-84.5,9,-10,-7
-77.74,8,-14,-6
-91.26,10,-6,-9
-91.26,9,-6,-7
-94.64,10,-4,-8
-91.26,9,-6,-7
-91.26,10,-6,-9
-87.88,9,-8,-7
-91.26,10,-6,-8
-91.26,10,-6,-8
-91.26,10,-6,-9
-91.26,10,-6,-9
-101.4,10,0,-9
-101.4,10,0,-9
-101.4,10,0,-9
-101.4,10,0,-9
-101.4,10,0,-9
-101.4,10,0,-9
-101.4,10,0,-9
-101.4,10,0,-9
-101.4,10,0,-9
-101.4,10,0,-9
-94.64,11,-4,-9
-89.57,11,-7,-9
-96.33,11,-3,-9
-89.57,11,-7,-9
-94.64,11,-4,-9
-96.33,11,-3,-9
-94.64,11,-4,-9
-94.64,11,-4,-9
-98.02,10,-2,-8
-96.33,11,-3,-9
-91.26,11,-6,-9
-94.64,10,-4,-8
-92.95,11,-5,-9
-94.64,10,-4,-8
-94.64,10,-4,-8
-92.95,11,-5,-9
-92.95,11,-5,-9
-84.5,9,-10,-7
-84.5,9,-10,-7
-92.95,11,-5,-9
-77.74,8,-14,-6
-81.12,8,-12,-6
-81.12,8,-12,-6
-74.36,8,-16,-6
-81.12,8,-12,-6
-74.36,8,-16,-6
-74.36,8,-16,-6
-77.74,8,-14,-6
-74.36,8,-16,-6
-81.12,8,-12,-6
-81.12,9,-12,-7
-81.12,9,-12,-7
-81.12,9,-12,-7
-81.12,9,-12,-7
-84.5,10,-10,-8
-81.12,9,-12,-7
-81.12,9,-12,-7
-81.12,9,-12,-7
-84.5,10,-10,-8
-81.12,9,-12,-7
-88.94,12,-4,-10
-91.26,12,-6,-10
-94.64,12,-4,-10
-85.56,11,-6,-9
-101.4,12,0,-10
-85.56,11,-6,-9
-101.4,12,0,-10
-88.94,12,-4,-10
-84.5,11,-10,-9
-101.4,12,0,-10
-84.5,9,-10,-8
-84.5,9,-10,-8
-89.57,9,-7,-7
-84.5,9,-10,-8
-87.88,10,-8,-8
-89.57,9,-7,-7
-89.57,9,-7,-7
-82.81,10,-11,-8
-82.81,10,-11,-8
-92.95,10,-5,-8
-98.02,10,-2,-8
-101.4,10,0,-8
-101.4,10,0,-9
-101.4,10,0,-8
-101.4,10,0,-9
-101.4,10,0,-8
-101.4,10,0,-9
-101.4,10,0,-9
-101.4,10,0,-9
-101.4,10,0,-9
-84.5,9,-10,-8
-84.5,9,-10,-8
-84.5,9,-10,-8
-84.5,9,-10,-8
-81.12,8,-12,-7
-84.5,9,-10,-8
-84.5,9,-10,-8
-84.5,9,-10,-8
-81.12,8,-12,-6
-84.5,9,-10,-8
-81.12,8,-12,-7
-81.12,9,-12,-7
-81.12,8,-12,-7
-81.12,8,-12,-7
-74.36,8,-16,-7
-81.12,8,-12,-7
-77.74,9,-14,-7
-81.12,9,-12,-7
-81.12,8,-12,-7
-87.88,10,-8,-8
-67.6,9,-20,-7
-64.22,8,-22,-6
-62.53,8,-23,-6
-62.53,8,-23,-6
-64.22,8,-22,-6
-65.28,8,-18,-6
-62.53,8,-23,-6
-55.77,6,-27,-4
-64.22,8,-22,-6
-67.6,8,-20,-6
-89.57,11,-7,-9
-89.57,11,-7,-9
-92.95,11,-5,-9
-91.26,11,-6,-9
-87.25,11,-5,-9
-85.56,11,-6,-9
-91.26,12,-6,-10
-86.19,11,-9,-9
-98.02,11,-2,-9
-87.25,11,-5,-9
-84.5,11,-10,-9
-87.88,12,-8,-10
-87.88,12,-8,-10
-87.88,12,-8,-10
-87.88,12,-8,-10
-84.5,11,-10,-9
-87.88,12,-8,-10
-81.12,10,-12,-8
-87.88,12,-8,-10
-87.88,12,-8,-10
-87.88,9,-8,-7
-91.26,9,-6,-7
-87.88,10,-8,-8
-87.88,9,-8,-7
-91.26,9,-6,-7
-87.88,9,-8,-7
-91.26,9,-6,-7
-91.26,9,-6,-7
-87.88,9,-8,-7
-81.12,9,-12,-7
-94.64,10,-4,-9
-94.64,10,-4,-8
-94.64,10,-4,-8
-91.26,9,-6,-7
-94.64,10,-4,-8
-94.64,10,-4,-8
-94.64,10,-4,-8
-91.26,10,-6,-9
-91.26,9,-6,-7
-94.64,10,-4,-8
-81.12,8,-12,-7
-81.12,8,-12,-7
-81.12,8,-12,-7
-81.12,8,-12,-7
-81.12,8,-12,-7
-81.12,8,-12,-7
-81.12,8,-12,-7
-81.12,8,-12,-7
-81.12,8,-12,-7
-81.12,8,-12,-7
-87.88,10,-8,-8
-80.49,11,-9,-9
-87.88,10,-8,-8
-82.18,10,-8,-8
-91.26,10,-6,-8
-87.88,10,-8,-8
-91.26,10,-6,-8
-85.56,11,-6,-9
-82.18,11,-8,-9
-91.26,10,-6,-8
-84.5,9,-10,-7
-84.5,9,-10,-7
-84.5,9,-10,-7
-87.88,10,-8,-8
-84.5,9,-10,-7
-84.5,9,-10,-7
-81.12,8,-12,-6
-84.5,9,-10,-7
-87.88,9,-8,-7
-81.12,8,-12,-6
-70.98,7,-18,-6
-76.05,9,-15,-7
-65.91,8,-21,-6
-70.98,8,-18,-7
-72.67,8,-17,-6
-65.91,8,-21,-6
-69.29,8,-19,-6
-76.05,9,-15,-7
-65.91,8,-21,-6
-72.67,8,-17,-6
-81.12,8,-12,-6
-84.5,9,-10,-7
-81.12,8,-12,-6
-84.5,9,-10,-7
-81.12,8,-12,-6
-81.12,9,-12,-8
-84.5,9,-10,-7
-81.12,8,-12,-6
-87.88,10,-8,-9
-84.5,9,-10,-7
-87.88,9,-8,-8
-91.26,9,-6,-8
-91.26,10,-6,-9
-91.26,9,-6,-8
-91.26,10,-6,-9
-91.26,9,-6,-8
-91.26,10,-6,-9
-94.64,10,-4,-9
-91.26,10,-6,-9
-87.88,10,-8,-9
-92.95,13,-5,-11
-101.4,12,0,-10
-94.64,12,-4,-10
-94.64,12,-4,-10
-101.4,12,0,-10
-96.33,12,-3,-10
-98.02,12,-2,-10
-92.95,13,-5,-11
-94.64,12,-4,-10
-96.33,13,-3,-11
-101.4,10,0,-8
-101.4,10,0,-8
-101.4,10,0,-8
-101.4,10,0,-8
-101.4,10,0,-8
-101.4,10,0,-8
-101.4,10,0,-8
-98.02,10,-2,-8
-101.4,10,0,-8
-101.4,10,0,-8
