-70.98,8,-18,-6
-77.74,9,-14,-7
-70.98,8,-18,-6
-70.98,7,-18,-5
-74.36,8,-16,-6
-70.98,7,-18,-5
-74.36,8,-16,-6
-70.98,8,-18,-6
-70.98,7,-18,-5
-77.74,8,-14,-6
-89.57,13,-7,-11
-92.95,13,-5,-11
-87.88,11,-8,-9
-94.64,12,-4,-10
-91.26,12,-6,-10
-89.57,12,-7,-10
-92.95,14,-5,-12
-98.02,13,-2,-11
-94.64,12,-4,-10
-92.95,14,-5,-12
-92.95,10,-5,-8
-89.57,10,-7,-8
-89.57,10,-7,-8
-91.26,9,-6,-8
-92.95,10,-5,-8
-92.95,10,-5,-8
-91.26,9,-6,-8
-92.95,11,-5,-9
-92.95,10,-5,-8
-87.88,9,-8,-8
-101.4,10,0,-8
-101.4,10,0,-8
-98.02,10,-2,-8
-94.64,10,-4,-8
-91.26,9,-6,-7
-92.32,10,-2,-8
-101.4,10,0,-8
-101.4,10,0,-8
-101.4,10,0,-8
-98.02,10,-2,-8
-87.88,10,-8,-9
-87.88,10,-8,-9
-84.5,9,-10,-8
-84.5,9,-10,-8
-78.8,10,-10,-9
-77.74,9,-14,-8
-78.8,10,-10,-8
-87.88,10,-8,-9
-87.88,10,-8,-9
-84.5,9,-10,-8
-87.88,9,-8,-7
-91.26,9,-6,-7
-87.88,10,-8,-8
-91.26,9,-6,-7
-91.26,10,-6,-8
-91.26,10,-6,-8
-91.26,10,-6,-8
-91.26,10,-6,-8
-91.26,10,-6,-8
-87.88,10,-8,-8
-98.02,10,-2,-8
-101.4,10,0,-8
-98.02,10,-2,-8
-98.02,10,-2,-8
-101.4,10,0,-8
-101.4,10,0,-8
-98.02,10,-2,-8
-94.64,10,-4,-8
-98.02,10,-2,-8
-98.02,10,-2,-8
-70.98,7,-18,-5
-70.98,8,-18,-6
-67.6,8,-20,-6
-70.98,8,-18,-6
-70.98,7,-18,-5
-81.12,8,-12,-6
-81.12,8,-12,-6
-77.74,8,-14,-6
-70.98,7,-18,-5
-70.98,7,-18,-5
-94.64,11,-4,-9
-92.95,10,-5,-8
-84.5,10,-10,-8
-89.57,11,-7,-9
-87.88,11,-8,-9
-91.26,10,-6,-8
-89.57,10,-7,-8
-91.26,11,-6,-10
-91.26,11,-6,-10
-94.64,11,-4,-9
-69.29,8,-19,-6
-69.29,7,-19,-5
-67.6,7,-20,-6
-74.36,8,-16,-6
-72.67,8,-17,-6
-70.98,7,-18,-6
-74.36,8,-16,-6
-64.22,8,-22,-6
-70.98,8,-18,-6
-70.98,7,-18,-6
-81.12,12,-12,-10
-82.81,11,-11,-9
-76.05,10,-15,-8
-84.5,12,-10,-10
-79.43,11,-13,-9
-79.43,12,-13,-10
-82.81,12,-11,-10
-76.05,11,-15,-9
-82.81,11,-11,-9
-76.05,11,-15,-9
-81.12,8,-12,-7
-81.12,8,-12,-7
-81.12,9,-12,-7
-81.12,8,-12,-7
-81.12,8,-12,-7
-81.12,8,-12,-7
-81.12,8,-12,-7
-81.12,8,-12,-7
-81.12,8,-12,-7
-81.12,9,-12,-7
-84.5,10,-10,-8
-87.88,12,-8,-10
-81.12,9,-12,-7
-87.88,13,-8,-11
-84.5,10,-10,-8
-77.74,10,-14,-8
-85.56,12,-6,-10
-84.5,10,-10,-8
-81.12,9,-12,-7
-87.88,11,-8,-9
-96.33,12,-3,-10
-101.4,12,0,-11
-101.4,12,0,-11
-98.02,12,-2,-11
-101.4,12,0,-11
-101.4,12,0,-11
-101.4,12,0,-11
-96.33,12,-3,-10
-99.71,12,-1,-10
-99.71,12,-1,-10
-64.22,7,-22,-5
-67.6,7,-20,-6
-67.6,7,-20,-5
-74.36,8,-16,-6
-67.6,7,-20,-5
-74.36,8,-16,-6
-67.6,7,-20,-5
-70.98,7,-18,-5
-67.6,8,-20,-6
-64.22,7,-22,-6
-84.5,9,-10,-8
-81.12,9,-12,-7
-84.5,9,-10,-8
-84.5,9,-10,-8
-84.5,9,-10,-8
-84.5,9,-10,-8
-84.5,10,-10,-9
-84.5,9,-10,-8
-84.5,9,-10,-8
-84.5,9,-10,-8
-87.88,12,-8,-10
-86.19,11,-9,-9
-101.4,10,0,-9
-101.4,10,0,-9
-101.4,10,0,-9
-87.88,12,-8,-10
-101.4,10,0,-9
-94.64,11,-4,-9
-101.4,10,0,-9
-101.4,10,0,-9
-81.12,9,-12,-7
-84.5,9,-10,-8
-84.5,9,-10,-8
-84.5,9,-10,-8
-81.12,8,-12,-7
-84.5,9,-10,-8
-84.5,9,-10,-8
-84.5,9,-10,-8
-81.12,9,-12,-7
-77.74,9,-14,-7
-98.02,12,-2,-10
-94.64,12,-4,-10
-98.02,12,-2,-10
-94.64,12,-4,-10
-91.26,12,-6,-10
-94.64,12,-4,-10
-89.57,11,-7,-9
-94.64,12,-4,-10
-94.64,12,-4,-10
-94.64,12,-4,-10
-77.74,8,-14,-7
-70.98,8,-18,-6
-70.98,8,-18,-6
-77.74,8,-14,-6
-81.12,8,-12,-7
-77.74,8,-14,-7
-77.74,9,-14,-7
-74.36,8,-16,-7
-81.12,8,-12,-7
-81.12,8,-12,-7
-72.67,8,-17,-6
-74.36,9,-16,-7
-76.05,9,-15,-7
-69.29,9,-19,-7
-74.36,8,-16,-7
-76.05,9,-15,-7
-76.05,9,-15,-7
-76.05,10,-15,-8
-76.05,10,-15,-8
-76.05,9,-15,-7
-87.88,10,-8,-8
-91.26,9,-6,-7
-101.4,10,0,-9
-91.26,9,-6,-7
-94.64,10,-4,-8
-101.4,10,0,-9
-101.4,10,0,-9
-94.64,10,-4,-9
-91.26,9,-6,-7
-84.5,9,-10,-7
-98.02,10,-2,-8
-101.4,10,0,-9
-101.4,10,0,-9
-94.64,10,-4,-9
-98.02,10,-2,-8
-98.02,10,-2,-9
-101.4,10,0,-9
-94.64,10,-4,-9
-98.02,10,-2,-9
-98.02,10,-2,-8
-94.64,10,-4,-8
-94.64,10,-4,-8
-94.64,10,-4,-8
-94.64,10,-4,-8
-94.64,10,-4,-9
-94.64,10,-4,-8
-94.64,10,-4,-8
-94.64,10,-4,-8
-89.57,10,-7,-8
-94.64,10,-4,-8
-67.6,7,-20,-5
-74.36,8,-16,-6
-77.74,9,-14,-7
-74.36,8,-16,-6
-70.98,7,-18,-5
-67.6,7,-20,-5
-70.98,8,-18,-7
-77.74,8,-14,-7
-74.36,8,-16,-6
-74.36,8,-16,-6
-94.64,12,-4,-10
-101.4,12,0,-10
-101.4,12,0,-10
-101.4,12,0,-10
-98.02,12,-2,-10
-94.64,12,-4,-10
-98.02,12,-2,-10
-94.64,12,-4,-10
-101.4,12,0,-10
-94.64,12,-4,-10
-67.6,9,-20,-7
-77.74,9,-14,-8
-74.36,8,-16,-7
-74.36,8,-16,-6
-67.6,8,-20,-7
-74.36,8,-16,-7
-77.74,9,-14,-7
-74.36,9,-16,-7
-74.36,8,-16,-6
-74.36,8,-16,-7
-91.26,10,-6,-8
-91.26,10,-6,-8
-92.95,11,-5,-9
-91.26,11,-6,-9
-86.19,9,-9,-7
-91.26,10,-6,-8
-91.26,10,-6,-8
-87.88,10,-8,-8
-87.88,10,-8,-8
-91.26,10,-6,-8
-101.4,10,0,-9
-101.4,10,0,-9
-101.4,10,0,-9
-91.26,10,-6,-8
-101.4,10,0,-9
-101.4,10,0,-9
-87.88,9,-8,-7
-101.4,10,0,-9
-101.4,10,0,-9
-101.4,10,0,-9
-101.4,12,0,-10
-101.4,12,0,-10
-101.4,12,0,-10
-101.4,12,0,-10
-94.64,12,-4,-10
-101.4,12,0,-10
-94.64,12,-4,-10
-101.4,12,0,-10
-101.4,12,0,-10
-101.4,12,0,-10
-77.74,8,-14,-6
-94.64,10,-4,-8
-94.64,10,-4,-8
-84.5,9,-10,-7
-87.88,9,-8,-7
-87.88,9,-8,-7
-91.26,10,-6,-8
-87.88,9,-8,-8
-91.26,10,-6,-8
-84.5,9,-10,-7
-98.02,12,-2,-10
-94.64,12,-4,-10
-92.95,11,-5,-9
-98.02,12,-2,-10
-94.64,12,-4,-10
-101.4,12,0,-10
-92.95,11,-5,-9
-94.64,12,-4,-10
-94.64,12,-4,-10
-98.02,12,-2,-10
-92.32,10,-2,-8
-92.32,10,-2,-8
-91.26,9,-6,-7
-94.64,10,-4,-8
-91.26,9,-6,-7
-91.26,9,-6,-7
-91.26,9,-6,-8
-91.26,9,-6,-7
-91.26,9,-6,-7
-87.88,9,-8,-7
-77.74,9,-14,-7
-74.36,8,-16,-6
-77.74,8,-14,-6
-81.12,8,-12,-6
-77.74,8,-14,-6
-77.74,8,-14,-6
-77.74,8,-14,-6
-70.98,7,-18,-5
-70.98,7,-18,-5
-74.36,9,-16,-7
-74.36,10,-16,-8
-79.43,10,-13,-8
-72.67,9,-17,-7
-70.98,8,-18,-6
-76.05,11,-15,-9
-79.43,11,-13,-9
-67.6,8,-20,-6
-67.6,9,-20,-7
-71.41,9,-11,-7
-72.67,9,-17,-7
-84.5,9,-10,-8
-84.5,9,-10,-8
-84.5,9,-10,-8
-81.12,8,-12,-7
-74.36,8,-16,-7
-87.88,10,-8,-9
-84.5,9,-10,-8
-84.5,9,-10,-8
-81.12,8,-12,-7
-81.12,8,-12,-7
-91.26,11,-6,-9
-101.4,10,0,-9
-101.4,10,0,-9
-101.4,10,0,-9
-98.02,11,-2,-9
-101.4,10,0,-9
-91.26,10,-6,-8
-101.4,10,0,-9
-101.4,10,0,-9
-101.4,10,0,-9
-98.02,10,-2,-8
-91.26,9,-6,-7
-98.02,10,-2,-9
-101.4,10,0,-8
-98.02,10,-2,-9
-98.02,10,-2,-9
-98.02,10,-2,-8
-98.02,10,-2,-9
-101.4,10,0,-8
-98.02,10,-2,-9
-84.5,9,-10,-7
-81.12,9,-12,-7
-84.5,9,-10,-7
-87.88,10,-8,-9
-84.5,9,-10,-8
-84.5,10,-10,-8
-81.12,8,-12,-7
-84.5,9,-10,-7
-84.5,9,-10,-7
-84.5,9,-10,-7
-84.5,9,-10,-8
-101.4,10,0,-9
-101.4,10,0,-9
-101.4,10,0,-9
-94.64,10,-4,-9
-101.4,10,0,-9
-101.4,10,0,-9
-91.26,10,-6,-8
-101.4,10,0,-9
-101.4,10,0,-9
-64.22,7,-22,-6
-67.6,7,-20,-6
-70.98,7,-18,-6
-74.36,8,-16,-7
-74.36,8,-16,-7
-72.67,8,-17,-6
-70.98,7,-18,-6
-70.98,7,-18,-6
-64.22,7,-22,-6
-70.98,7,-18,-6
-94.64,11,-4,-9
-94.64,10,-4,-8
-94.64,11,-4,-9
-87.88,9,-8,-7
-94.64,10,-4,-8
-94.64,12,-4,-10
-87.88,10,-8,-8
-87.88,10,-8,-9
-84.5,11,-10,-9
-91.26,11,-6,-9
-76.05,10,-15,-8
-77.74,9,-14,-7
-79.43,10,-13,-8
-77.74,10,-14,-8
-91.26,11,-6,-9
-76.05,10,-15,-8
-79.43,11,-13,-9
-89.57,12,-7,-10
-81.12,10,-12,-8
-86.19,10,-9,-8
-94.64,12,-4,-10
-98.02,12,-2,-10
-94.64,12,-4,-10
-98.02,12,-2,-10
-94.64,12,-4,-10
-94.64,12,-4,-10
-94.64,12,-4,-10
-94.64,12,-4,-10
-94.64,12,-4,-10
-94.64,12,-4,-10
-94.64,10,-4,-8
-87.88,9,-8,-7
-94.64,10,-4,-8
-94.64,10,-4,-8
-87.88,10,-8,-8
-87.88,10,-8,-8
-87.88,9,-8,-7
-91.26,10,-6,-8
-91.26,10,-6,-8
-94.64,10,-4,-8
-67.6,10,-20,-8
-81.12,13,-12,-11
-82.81,12,-11,-10
-72.67,12,-17,-10
-77.74,13,-14,-11
-86.19,14,-9,-12
-84.5,13,-10,-11
-79.43,14,-13,-12
-77.74,13,-14,-11
-69.29,10,-19,-8
-101.4,11,0,-9
-84.5,9,-10,-8
-84.5,9,-10,-8
-91.26,10,-6,-8
-87.88,9,-8,-8
-87.88,10,-8,-8
-84.5,10,-10,-9
-101.4,11,0,-9
-91.26,10,-6,-8
-94.64,11,-4,-9
-91.26,10,-6,-9
-87.88,9,-8,-8
-89.57,10,-7,-8
-91.26,10,-6,-9
-86.19,10,-9,-8
-91.26,10,-6,-9
-92.95,11,-5,-9
-91.26,10,-6,-9
-92.95,10,-5,-8
-92.95,10,-5,-8
-74.36,8,-16,-6
-75.42,8,-12,-6
-75.42,8,-12,-6
-75.42,8,-12,-6
-70.98,7,-18,-5
-74.36,8,-16,-6
-68.66,8,-16,-6
-70.98,7,-18,-5
-77.74,8,-14,-6
-81.12,8,-12,-6
-92.95,12,-5,-10
-92.95,12,-5,-10
-87.88,12,-8,-10
-91.26,11,-6,-9
-92.95,12,-5,-10
-92.95,12,-5,-10
-91.26,11,-6,-9
-89.57,11,-7,-10
-96.33,12,-3,-10
-89.57,11,-7,-10
-84.5,9,-10,-7
-91.26,9,-6,-7
-91.26,10,-6,-8
-94.64,10,-4,-8
-101.4,10,0,-9
-91.26,9,-6,-7
-91.26,9,-6,-7
-91.26,9,-6,-7
-91.26,10,-6,-8
-87.88,9,-8,-7
-84.5,11,-10,-9
-74.36,10,-16,-8
-77.74,9,-14,-7
-77.74,9,-14,-7
-74.36,9,-16,-7
-81.12,11,-12,-9
-74.36,9,-16,-7
-81.12,9,-12,-7
-81.12,10,-12,-8
-77.74,9,-14,-7
-77.74,8,-14,-7
-70.98,8,-18,-6
-74.36,8,-16,-6
-74.36,8,-16,-6
-72.04,8,-14,-6
-74.36,8,-16,-6
-74.36,8,-16,-7
-70.98,7,-18,-5
-70.98,8,-18,-6
-74.36,9,-16,-8
-70.98,8,-18,-6
-72.67,9,-17,-7
-70.98,8,-18,-6
-72.67,8,-17,-6
-70.98,8,-18,-6
-70.98,8,-18,-6
-72.67,9,-17,-7
-72.67,8,-17,-6
-72.67,8,-17,-6
-77.74,8,-14,-6
-81.12,9,-12,-7
-81.12,9,-12,-7
-77.74,8,-14,-6
-74.36,8,-16,-7
-81.12,9,-12,-7
-77.74,9,-14,-7
-81.12,8,-12,-7
-81.12,9,-12,-7
-81.12,9,-12,-7
-77.74,10,-14,-8
-94.64,10,-4,-8
-98.02,10,-2,-8
-98.02,10,-2,-8
-94.64,10,-4,-8
-101.4,10,0,-8
-101.4,10,0,-8
-101.4,10,0,-8
-94.64,10,-4,-8
-94.64,10,-4,-9
-98.02,10,-2,-8
-94.64,12,-4,-10
-84.5,11,-10,-9
-81.12,10,-12,-8
-84.5,10,-10,-8
-79.43,10,-13,-8
-82.81,10,-11,-8
-84.5,12,-10,-10
-87.88,11,-8,-9
-86.19,12,-9,-10
-82.81,11,-11,-9
-84.5,10,-10,-8
-89.57,12,-7,-10
-91.26,11,-6,-9
-87.88,12,-8,-10
-89.57,11,-7,-9
-87.88,11,-8,-9
-92.95,11,-5,-9
-87.88,10,-8,-8
-92.95,11,-5,-9
-87.88,10,-8,-8
-98.02,10,-2,-8
-98.02,10,-2,-8
-86.19,9,-9,-7
-86.19,10,-9,-8
-87.25,10,-5,-8
-89.57,10,-7,-8
-85.56,10,-6,-8
-98.02,10,-2,-8
-98.02,10,-2,-8
-85.56,10,-6,-8
-81.12,9,-12,-7
-84.5,9,-10,-7
-82.18,9,-8,-7
-84.5,9,-10,-7
-81.12,8,-12,-6
-87.88,9,-8,-7
-84.5,9,-10,-7
-84.5,9,-10,-7
-81.12,9,-12,-7
-78.8,9,-10,-7
-76.05,8,-15,-6
-70.98,9,-18,-7
-76.05,8,-15,-6
-74.36,9,-16,-7
-74.36,9,-16,-7
-70.98,8,-18,-6
-74.36,9,-16,-7
-70.98,9,-18,-7
-76.05,8,-15,-6
-76.05,9,-15,-7
-81.12,9,-12,-7
-77.74,8,-14,-6
-82.18,10,-8,-8
-77.74,8,-14,-6
-81.12,9,-12,-7
-81.12,10,-12,-8
-77.74,8,-14,-6
-77.74,8,-14,-6
-77.74,8,-14,-6
-81.12,9,-12,-7
-70.98,8,-18,-6
-74.36,8,-16,-6
-67.6,7,-20,-5
-74.36,8,-16,-6
-81.12,8,-12,-6
-67.6,7,-20,-5
-70.98,7,-18,-5
-67.6,7,-20,-5
-77.74,8,-14,-6
-77.74,8,-14,-6
-64.22,8,-22,-6
-64.22,9,-22,-7
-64.22,8,-22,-6
-64.22,8,-22,-6
-64.22,8,-22,-6
-64.22,8,-22,-6
-60.84,7,-24,-5
-64.22,9,-22,-7
-60.84,8,-24,-6
-64.22,8,-22,-6
-76.05,13,-15,-11
-87.88,14,-8,-12
-87.88,14,-8,-12
-76.05,13,-15,-11
-86.19,13,-9,-11
-74.36,12,-16,-10
-84.5,14,-10,-12
-82.81,13,-11,-11
-84.5,14,-10,-12
-76.05,13,-15,-11
-87.88,9,-8,-7
-101.4,10,0,-9
-101.4,10,0,-9
-101.4,10,0,-9
-101.4,10,0,-9
-101.4,10,0,-9
-101.4,10,0,-9
-101.4,10,0,-9
-87.88,9,-8,-7
-91.26,9,-6,-7
-87.88,10,-8,-8
-94.64,11,-4,-9
-91.26,12,-6,-10
-84.5,10,-10,-8
-82.81,9,-11,-7
-85.56,10,-6,-8
-84.5,10,-10,-8
-83.24,10,-4,-8
-91.26,11,-6,-9
-87.88,11,-8,-9
-82.81,10,-11,-8
-84.5,9,-10,-7
-94.64,11,-4,-9
-82.18,9,-8,-7
-79.43,8,-13,-6
-82.18,9,-8,-7
-81.12,9,-12,-7
-87.25,10,-5,-8
-86.19,10,-9,-8
-84.5,11,-10,-9
-84.5,9,-10,-7
-87.88,9,-8,-7
-87.88,9,-8,-7
-87.88,9,-8,-7
-91.26,10,-6,-8
-91.26,10,-6,-8
-84.5,9,-10,-7
-84.5,9,-10,-7
-87.88,9,-8,-7
-91.26,10,-6,-8
-87.88,9,-8,-8
-87.88,10,-8,-8
-98.02,10,-2,-8
-91.26,9,-6,-7
-91.26,10,-6,-9
-91.26,9,-6,-7
-101.4,10,0,-9
-91.26,10,-6,-8
-87.88,10,-8,-8
-101.4,10,0,-9
-94.64,12,-4,-11
-94.64,12,-4,-11
-101.4,12,0,-11
-101.4,12,0,-11
-99.71,12,-1,-10
-98.02,12,-2,-11
-98.02,12,-2,-11
-98.02,12,-2,-11
-101.4,12,0,-11
-98.02,12,-2,-11
-94.64,10,-4,-8
-94.64,10,-4,-8
-98.02,10,-2,-8
-94.64,10,-4,-8
-94.64,10,-4,-8
-98.02,10,-2,-8
-101.4,10,0,-9
-98.02,10,-2,-8
-101.4,10,0,-9
-94.64,10,-4,-8
-84.5,9,-10,-7
-87.88,10,-8,-8
-84.5,9,-10,-7
-87.88,9,-8,-7
-91.26,9,-6,-7
-87.88,9,-8,-7
-87.88,10,-8,-8
-87.88,9,-8,-7
-87.88,9,-8,-7
-84.5,9,-10,-7
-89.57,10,-7,-8
-89.57,11,-7,-9
-94.64,11,-4,-9
-89.57,11,-7,-9
-91.26,11,-6,-9
-92.95,11,-5,-9
-89.57,11,-7,-9
-91.26,11,-6,-9
-92.95,11,-5,-9
-91.26,11,-6,-9
-81.12,8,-12,-6
-75.42,8,-12,-6
-77.74,8,-14,-6
-75.42,8,-12,-6
-81.12,8,-12,-7
-81.12,10,-12,-8
-77.74,8,-14,-6
-74.36,8,-16,-6
-75.42,8,-12,-6
-84.5,10,-10,-8
-81.12,9,-12,-7
-77.74,9,-14,-7
-81.12,9,-12,-7
-77.74,9,-14,-7
-81.12,8,-12,-6
-84.5,9,-10,-7
-81.12,8,-12,-6
-74.36,8,-16,-6
-81.12,8,-12,-6
-84.5,9,-10,-7
-84.5,9,-10,-8
-94.64,10,-4,-8
-87.88,9,-8,-7
-91.26,10,-6,-8
-94.64,10,-4,-8
-87.88,10,-8,-8
-87.88,9,-8,-7
-91.26,10,-6,-8
-91.26,10,-6,-8
-87.88,9,-8,-7
-101.4,10,0,-9
-101.4,10,0,-9
-101.4,10,0,-9
-101.4,10,0,-9
-101.4,10,0,-9
-101.4,10,0,-9
-94.64,12,-4,-10
-101.4,10,0,-9
-91.26,11,-6,-9
-101.4,10,0,-9
-99.71,10,-1,-8
-89.57,11,-7,-9
-92.95,10,-5,-8
-99.71,10,-1,-8
-89.57,11,-7,-9
-92.95,11,-5,-9
-92.95,10,-5,-8
-96.33,11,-3,-9
-92.95,10,-5,-8
-94.64,11,-4,-9
-86.19,10,-9,-8
-94.64,10,-4,-8
-92.95,10,-5,-8
-94.64,10,-4,-8
-92.95,11,-5,-9
-91.26,10,-6,-8
-89.57,11,-7,-9
-87.88,10,-8,-8
-94.64,11,-4,-9
-92.95,10,-5,-8
-67.6,7,-20,-5
-81.12,8,-12,-6
-81.12,8,-12,-6
-81.12,8,-12,-7
-70.98,7,-18,-5
-81.12,8,-12,-7
-81.12,8,-12,-7
-70.98,7,-18,-5
-70.98,7,-18,-5
-74.36,8,-16,-6
-81.12,9,-12,-7
-87.88,10,-8,-8
-81.12,10,-12,-8
-82.81,9,-11,-7
-87.88,10,-8,-8
-87.88,10,-8,-8
-81.12,10,-12,-8
-84.5,10,-10,-8
-82.81,10,-11,-8
-86.19,10,-9,-8
-87.88,11,-8,-9
-88.94,12,-4,-10
-84.5,10,-10,-8
-101.4,12,0,-10
-87.88,12,-8,-10
-85.56,12,-6,-10
-85.56,12,-6,-10
-88.94,12,-4,-10
-91.26,12,-6,-10
-84.5,11,-10,-9
-89.57,9,-7,-7
-89.57,10,-7,-8
-84.5,9,-10,-8
-84.5,9,-10,-8
-84.5,9,-10,-8
-89.57,9,-7,-7
-84.5,9,-10,-8
-86.19,10,-9,-8
-84.5,9,-10,-8
-86.19,10,-9,-8
-94.64,10,-4,-8
-98.02,10,-2,-8
-87.88,9,-8,-7
-91.26,10,-6,-8
-101.4,10,0,-8
-98.02,10,-2,-8
-94.64,10,-4,-8
-98.02,10,-2,-8
-98.02,10,-2,-8
-101.4,10,0,-8
-84.5,9,-10,-8
-84.5,9,-10,-8
-84.5,9,-10,-8
-81.12,8,-12,-7
-84.5,9,-10,-8
-84.5,9,-10,-8
-84.5,9,-10,-8
-84.5,9,-10,-8
-77.74,9,-14,-7
-81.12,8,-12,-7
-81.12,8,-12,-7
-81.12,8,-12,-7
-77.74,9,-14,-7
-87.88,10,-8,-8
-87.88,10,-8,-8
-74.36,9,-16,-7
-77.74,9,-14,-7
-84.5,9,-10,-7
-77.74,9,-14,-7
-77.74,9,-14,-7
-72.67,9,-17,-7
-65.91,8,-21,-6
-70.98,8,-18,-6
-72.67,9,-17,-7
-70.98,9,-18,-7
-60.84,8,-24,-6
-70.98,9,-18,-7
-70.98,8,-18,-6
-65.91,7,-21,-5
-65.91,8,-21,-6
-94.64,12,-4,-10
-89.57,11,-7,-9
-89.57,11,-7,-9
-87.88,11,-8,-9
-89.57,11,-7,-9
-89.57,11,-7,-9
-89.57,11,-7,-9
-82.81,11,-11,-9
-91.26,12,-6,-10
-87.88,12,-8,-10
-87.88,12,-8,-10
-84.5,12,-10,-10
-74.36,10,-16,-8
-81.12,11,-12,-9
-87.88,12,-8,-10
-87.88,12,-8,-10
-91.26,13,-6,-11
-84.5,11,-10,-9
-81.12,10,-12,-8
-84.5,12,-10,-10
-87.88,10,-8,-8
-84.5,9,-10,-7
-91.26,10,-6,-8
-87.88,9,-8,-7
-84.5,9,-10,-7
-91.26,10,-6,-8
-91.26,9,-6,-7
-91.26,9,-6,-7
-87.88,9,-8,-7
-84.5,9,-10,-7
-87.88,9,-8,-7
-98.02,10,-2,-8
-94.64,10,-4,-8
-94.64,10,-4,-8
-94.64,10,-4,-8
-91.26,9,-6,-8
-94.64,10,-4,-8
-98.02,10,-2,-8
-91.26,9,-6,-7
-91.26,10,-6,-9
-81.12,8,-12,-7
-81.12,10,-12,-8
-81.12,8,-12,-7
-81.12,8,-12,-7
-91.26,11,-6,-9
-81.12,8,-12,-7
-81.12,8,-12,-7
-81.12,8,-12,-7
-77.74,9,-14,-7
-81.12,8,-12,-7
-91.26,10,-6,-8
-89.57,12,-7,-10
-91.26,11,-6,-9
-87.88,10,-8,-8
-88.94,11,-4,-9
-91.26,12,-6,-10
-91.26,10,-6,-8
-79.43,10,-13,-8
-91.26,10,-6,-8
-87.88,10,-8,-8
-87.88,9,-8,-7
-87.88,10,-8,-8
-91.26,10,-6,-8
-87.88,9,-8,-7
-91.26,10,-6,-8
-91.26,9,-6,-7
-87.88,9,-8,-7
-87.88,9,-8,-7
-91.26,10,-6,-8
-78.8,9,-10,-7
-70.98,7,-18,-6
-72.67,8,-17,-6
-65.91,8,-21,-6
-77.74,10,-14,-8
-67.6,9,-20,-7
-70.98,7,-18,-6
-72.67,9,-17,-7
-70.98,8,-18,-6
-67.6,7,-20,-6
-70.98,7,-18,-6
-81.12,8,-12,-7
-87.88,10,-8,-8
-84.5,10,-10,-8
-84.5,9,-10,-7
-77.74,9,-14,-7
-84.5,9,-10,-8
-77.74,8,-14,-6
-77.74,8,-14,-7
-84.5,9,-10,-7
-81.12,10,-12,-9
-87.88,9,-8,-8
-91.26,9,-6,-8
-91.26,10,-6,-9
-91.26,10,-6,-9
-91.26,9,-6,-8
-91.26,10,-6,-9
-87.88,10,-8,-9
-91.26,9,-6,-8
-91.26,10,-6,-9
-87.88,10,-8,-9
-92.95,11,-5,-9
-94.64,12,-4,-10
-94.64,12,-4,-10
-89.57,10,-7,-8
-91.26,12,-6,-10
-96.33,12,-3,-10
-94.64,12,-4,-10
-94.64,12,-4,-10
-87.88,12,-8,-10
-92.95,12,-5,-10
-101.4,10,0,-8
-101.4,10,0,-9
-98.02,10,-2,-8
-98.02,10,-2,-8
-101.4,10,0,-8
-101.4,10,0,-8
-101.4,10,0,-8
-98.02,10,-2,-8
-98.02,10,-2,-8
-101.4,10,0,-8
