-34.39,7,-22,-4
-34.39,7,-22,-4
-34.39,7,-22,-4
-34.39,7,-22,-4
-30.77,6,-26,-3
-34.39,7,-22,-4
-34.39,7,-22,-4
-34.39,7,-22,-4
-34.39,7,-22,-4
-34.39,7,-22,-4
-31.675,7,-25,-3
-32.58,7,-24,-3
-31.675,7,-25,-3
-32.58,7,-24,-3
-31.675,7,-25,-3
-31.675,7,-25,-3
-32.58,7,-24,-3
-32.58,7,-24,-3
-32.58,7,-24,-3
-32.58,7,-24,-3
-33.485,8,-23,-4
-33.485,8,-23,-4
-33.485,8,-23,-4
-33.485,8,-23,-4
-34.39,8,-22,-5
-34.39,8,-22,-5
-33.485,8,-23,-4
-34.39,8,-22,-5
-33.485,8,-23,-4
-33.485,8,-23,-4
-36.2,9,-20,-6
-34.39,9,-22,-6
-34.39,8,-22,-5
-34.39,9,-22,-6
-31.675,8,-25,-5
-36.2,9,-20,-6
-36.2,9,-20,-6
-34.39,9,-22,-6
-34.39,9,-22,-6
-30.77,8,-26,-5
-21.72,5,-36,-2
-23.53,5,-34,-3
-25.34,6,-32,-2
-23.53,5,-34,-4
-23.53,5,-34,-3
-25.34,6,-32,-3
-23.53,5,-34,-3
-23.53,5,-34,-4
-21.72,5,-36,-2
-25.34,6,-32,-3
-47.06,14,-8,-10
-49.775,15,-5,-11
-47.06,14,-8,-10
-49.775,15,-5,-11
-47.06,14,-8,-10
-47.06,14,-8,-10
-47.06,14,-8,-10
-47.06,14,-8,-10
-49.775,15,-5,-11
-47.06,14,-8,-10
-23.53,5,-34,-2
-23.53,5,-34,-2
-23.53,5,-34,-2
-23.53,5,-34,-2
-23.53,5,-34,-2
-23.53,5,-34,-2
-23.53,5,-34,-2
-21.72,4,-36,-1
-21.72,4,-36,-1
-23.53,5,-34,-2
-33.485,7,-23,-3
-33.485,7,-23,-3
-33.485,7,-23,-3
-27.15,5,-30,-2
-33.485,7,-23,-3
-27.15,5,-30,-2
-33.485,7,-23,-3
-27.15,5,-30,-2
-33.485,7,-23,-3
-27.15,5,-30,-2
-38.915,10,-17,-6
-38.01,9,-18,-5
-38.915,10,-17,-6
-37.105,9,-19,-5
-39.82,10,-16,-6
-38.01,9,-18,-5
-38.01,9,-18,-5
-38.01,9,-18,-5
-38.915,10,-17,-6
-38.915,10,-17,-6
-39.82,10,-16,-7
-38.01,9,-18,-5
-39.82,11,-16,-7
-41.63,11,-14,-7
-41.63,11,-14,-7
-41.63,11,-14,-7
-39.82,10,-16,-7
-39.82,10,-16,-7
-41.63,11,-14,-7
-39.82,10,-16,-7
-45.25,11,-10,-7
-45.25,11,-10,-7
-45.25,11,-10,-7
-44.345,10,-11,-6
-44.345,10,-11,-6
-47.965,11,-7,-7
-44.345,10,-11,-6
-47.965,11,-7,-7
-47.965,11,-7,-7
-39.82,10,-16,-6
-39.82,10,-16,-6
-47.06,13,-8,-9
-47.06,13,-8,-9
-46.155,12,-9,-8
-47.06,13,-8,-9
-47.06,13,-8,-9
-42.535,12,-13,-9
-42.535,12,-13,-9
-44.345,12,-11,-8
-47.06,13,-8,-9
-23.53,5,-34,-2
-27.15,6,-30,-3
-28.055,6,-29,-2
-21.72,5,-36,-1
-23.53,5,-34,-2
-28.055,6,-29,-2
-24.435,5,-33,-2
-23.53,5,-34,-2
-24.435,5,-33,-2
-28.055,6,-29,-2
-35.295,9,-21,-6
-35.295,8,-21,-5
-34.39,9,-22,-6
-33.485,8,-23,-5
-32.58,7,-24,-4
-34.39,8,-22,-5
-35.295,8,-21,-5
-35.295,8,-21,-5
-35.295,8,-21,-5
-35.295,8,-21,-5
-30.77,8,-26,-5
-30.77,8,-26,-4
-28.96,7,-28,-3
-30.77,8,-26,-5
-30.77,8,-26,-4
-30.77,8,-26,-5
-30.77,8,-26,-4
-30.77,8,-26,-4
-30.77,8,-26,-5
-30.77,8,-26,-5
-33.485,8,-23,-4
-32.58,7,-24,-3
-33.485,7,-23,-3
-33.485,7,-23,-3
-32.58,7,-24,-3
-33.485,7,-23,-3
-33.485,7,-23,-3
-33.485,7,-23,-3
-32.58,7,-24,-3
-31.675,7,-25,-3
-32.58,9,-24,-6
-32.58,9,-24,-6
-32.58,9,-24,-6
-32.58,9,-24,-6
-32.58,9,-24,-6
-32.58,9,-24,-6
-32.58,9,-24,-6
-32.58,9,-24,-6
-32.58,9,-24,-6
-32.58,9,-24,-6
-36.2,8,-20,-5
-36.2,9,-18,-5
-36.2,9,-18,-5
-34.39,8,-22,-5
-36.2,9,-20,-6
-37.105,9,-17,-6
-35.295,8,-21,-4
-36.2,9,-20,-6
-36.2,9,-18,-5
-36.2,9,-18,-5
-38.915,10,-17,-7
-39.82,10,-16,-7
-37.105,9,-19,-6
-38.915,10,-17,-7
-38.915,10,-17,-7
-38.915,10,-17,-7
-38.915,10,-17,-7
-37.105,9,-19,-6
-38.915,10,-17,-7
-41.63,10,-14,-6
-38.915,9,-17,-5
-38.915,9,-17,-5
-38.915,9,-17,-5
-38.915,9,-17,-5
-34.39,10,-22,-7
-38.915,9,-17,-5
-38.915,9,-17,-5
-36.2,11,-20,-8
-38.915,9,-17,-5
-38.915,9,-17,-5
-38.01,9,-18,-6
-38.01,9,-18,-6
-38.01,9,-18,-6
-36.2,9,-20,-6
-38.01,9,-18,-6
-38.01,9,-18,-6
-38.01,9,-18,-6
-38.01,9,-18,-6
-38.01,9,-18,-6
-38.01,9,-18,-6
-33.485,7,-23,-4
-33.485,7,-23,-4
-33.485,7,-23,-4
-33.485,7,-23,-4
-33.485,7,-23,-4
-33.485,7,-23,-4
-33.485,7,-23,-4
-33.485,7,-23,-4
-33.485,7,-23,-4
-33.485,7,-23,-4
-32.58,8,-24,-5
-32.58,8,-24,-5
-33.485,8,-23,-5
-32.58,8,-24,-5
-32.58,8,-24,-5
-31.675,7,-25,-4
-32.58,8,-24,-5
-28.96,7,-28,-3
-31.675,7,-25,-4
-28.96,6,-28,-3
-36.2,8,-20,-4
-38.01,9,-18,-5
-35.295,8,-21,-4
-38.01,9,-18,-5
-34.39,8,-22,-4
-37.105,8,-19,-4
-34.39,9,-22,-5
-34.39,8,-22,-4
-37.105,9,-19,-5
-33.485,8,-23,-4
-34.39,8,-22,-4
-35.295,8,-21,-4
-35.295,8,-21,-4
-35.295,8,-21,-4
-35.295,8,-21,-4
-35.295,8,-21,-4
-33.485,8,-23,-5
-35.295,8,-21,-4
-33.485,8,-23,-5
-35.295,8,-21,-4
-24.435,6,-33,-2
-23.53,5,-34,-1
-24.435,6,-33,-2
-23.53,5,-34,-2
-24.435,6,-33,-2
-24.435,6,-33,-2
-23.53,5,-34,-2
-23.53,5,-34,-2
-23.53,5,-34,-2
-23.53,5,-34,-2
-38.01,10,-18,-6
-37.105,9,-19,-5
-38.01,10,-18,-6
-37.105,9,-19,-5
-37.105,9,-19,-5
-37.105,9,-19,-5
-37.105,9,-19,-5
-36.2,8,-20,-4
-38.01,10,-18,-6
-38.01,10,-18,-6
-25.34,6,-32,-2
-25.34,6,-32,-2
-21.72,5,-36,-2
-27.15,6,-30,-2
-25.34,6,-32,-2
-25.34,5,-32,-2
-27.15,6,-30,-2
-27.15,6,-30,-2
-27.15,6,-30,-2
-27.15,6,-30,-2
-39.82,8,-16,-4
-39.82,8,-16,-4
-39.82,8,-16,-4
-39.82,8,-16,-4
-39.82,8,-16,-4
-38.915,8,-17,-4
-38.915,8,-17,-4
-39.82,8,-16,-4
-39.82,8,-16,-4
-39.82,8,-16,-4
-41.63,12,-14,-8
-42.535,12,-13,-8
-43.44,12,-12,-8
-38.915,11,-17,-7
-42.535,12,-13,-8
-42.535,12,-13,-8
-40.725,11,-15,-7
-39.82,11,-16,-7
-42.535,12,-13,-8
-43.44,12,-12,-8
-28.96,7,-28,-5
-28.96,7,-28,-5
-26.245,6,-31,-4
-29.865,7,-27,-5
-28.055,7,-29,-5
-28.96,7,-28,-5
-27.15,6,-30,-4
-28.055,6,-29,-4
-27.15,6,-30,-4
-29.865,7,-27,-5
-27.15,6,-30,-3
-28.96,6,-28,-2
-28.96,6,-28,-2
-28.96,6,-28,-2
-27.15,6,-30,-3
-27.15,6,-28,-2
-27.15,6,-30,-3
-28.96,6,-28,-2
-30.77,6,-26,-2
-28.96,6,-28,-2
-36.2,9,-20,-5
-34.39,9,-22,-5
-39.82,10,-16,-6
-36.2,9,-20,-5
-36.2,9,-20,-5
-38.01,10,-18,-6
-35.295,8,-21,-4
-35.295,8,-21,-4
-36.2,9,-20,-5
-36.2,9,-20,-5
-34.39,7,-22,-4
-34.39,7,-22,-4
-33.485,7,-23,-3
-34.39,7,-22,-4
-32.58,6,-24,-3
-34.39,7,-22,-4
-33.485,7,-23,-4
-31.675,7,-25,-3
-34.39,7,-22,-4
-32.58,6,-24,-3
-38.01,8,-18,-6
-39.82,9,-16,-6
-37.105,8,-19,-5
-37.105,8,-19,-5
-37.105,9,-19,-6
-37.105,8,-19,-5
-39.82,9,-16,-6
-37.105,8,-19,-5
-37.105,8,-19,-5
-39.82,9,-16,-6
-28.96,6,-28,-3
-32.58,7,-24,-5
-30.77,7,-26,-5
-32.58,7,-24,-5
-30.77,7,-26,-5
-27.15,6,-30,-4
-27.15,6,-30,-4
-30.77,6,-26,-4
-28.96,6,-28,-3
-30.77,7,-26,-5
-27.15,6,-30,-2
-27.15,6,-30,-2
-28.96,6,-28,-4
-27.15,6,-30,-2
-27.15,6,-30,-2
-27.15,6,-30,-3
-25.34,5,-32,-2
-25.34,6,-32,-4
-27.15,6,-30,-4
-25.34,5,-32,-2
-32.58,6,-24,-3
-32.58,6,-24,-3
-32.58,6,-24,-3
-32.58,6,-24,-3
-32.58,6,-24,-3
-20.815,4,-37,-2
-32.58,6,-24,-3
-27.15,5,-30,-2
-32.58,6,-24,-3
-32.58,6,-24,-3
-34.39,8,-22,-6
-34.39,7,-22,-5
-34.39,7,-22,-5
-31.675,7,-25,-4
-28.055,7,-29,-4
-33.485,7,-23,-5
-34.39,7,-22,-5
-28.055,7,-29,-4
-34.39,8,-22,-6
-34.39,7,-22,-5
-43.44,12,-12,-8
-41.63,11,-14,-7
-43.44,12,-12,-8
-43.44,12,-12,-8
-41.63,11,-14,-7
-43.44,12,-12,-8
-43.44,12,-12,-8
-43.44,12,-12,-8
-43.44,12,-12,-8
-43.44,12,-12,-8
-40.725,10,-15,-6
-40.725,10,-15,-6
-40.725,10,-15,-6
-40.725,10,-15,-6
-40.725,10,-15,-6
-40.725,10,-15,-6
-41.63,11,-14,-7
-39.82,10,-16,-6
-39.82,10,-16,-6
-40.725,9,-15,-5
-34.39,8,-22,-5
-32.58,8,-24,-6
-36.2,9,-20,-5
-32.58,8,-24,-6
-32.58,9,-24,-6
-28.96,7,-28,-4
-34.39,9,-22,-5
-34.39,9,-22,-5
-34.39,9,-22,-5
-30.77,8,-26,-5
-36.2,10,-20,-7
-38.01,11,-18,-8
-34.39,9,-22,-6
-38.01,11,-18,-8
-38.01,11,-18,-8
-38.01,11,-18,-8
-36.2,10,-20,-7
-36.2,10,-20,-7
-38.01,11,-18,-8
-38.01,11,-18,-8
-42.535,13,-13,-10
-43.44,13,-12,-10
-40.725,12,-15,-9
-43.44,13,-12,-10
-41.63,13,-14,-10
-41.63,13,-14,-10
-38.915,12,-17,-9
-38.01,11,-18,-8
-43.44,13,-12,-10
-39.82,13,-16,-10
-23.53,5,-34,-2
-18.1,4,-40,-2
-19.91,4,-38,-2
-21.72,5,-36,-2
-20.815,4,-37,-1
-19.91,4,-38,-2
-20.815,4,-37,-1
-23.53,5,-34,-2
-20.815,4,-37,-1
-20.815,4,-37,-1
-41.63,11,-14,-7
-41.63,10,-14,-6
-39.82,11,-16,-7
-41.63,11,-14,-7
-42.535,11,-13,-7
-39.82,11,-16,-8
-41.63,11,-14,-7
-42.535,11,-13,-8
-41.63,11,-14,-7
-42.535,11,-13,-7
-30.77,7,-26,-3
-30.77,7,-26,-3
-30.77,8,-26,-4
-30.77,7,-26,-3
-31.675,7,-25,-3
-30.77,7,-26,-3
-30.77,7,-26,-3
-30.77,7,-26,-3
-30.77,8,-26,-4
-30.77,7,-26,-3
-47.06,10,-8,-6
-47.06,10,-8,-6
-47.06,10,-8,-6
-47.06,10,-8,-6
-47.06,10,-8,-6
-46.155,10,-9,-6
-47.06,10,-8,-6
-47.06,10,-8,-6
-47.06,10,-8,-6
-47.06,10,-8,-6
-35.295,7,-21,-4
-34.39,8,-22,-4
-36.2,8,-20,-5
-36.2,9,-20,-5
-37.105,8,-19,-5
-37.105,8,-19,-5
-37.105,8,-19,-5
-37.105,8,-19,-5
-36.2,8,-20,-5
-37.105,8,-19,-5
-46.155,10,-9,-6
-41.63,10,-14,-6
-41.63,10,-14,-6
-42.535,11,-13,-7
-41.63,10,-14,-6
-42.535,11,-13,-7
-45.25,11,-10,-7
-46.155,10,-9,-6
-46.155,10,-9,-6
-41.63,10,-14,-6
-28.96,6,-28,-2
-28.96,6,-28,-2
-28.96,6,-28,-3
-28.96,6,-28,-3
-28.96,6,-28,-3
-28.96,6,-28,-2
-28.96,6,-28,-2
-28.96,6,-28,-2
-28.96,6,-28,-3
-28.96,6,-28,-2
-23.53,5,-34,-1
-25.34,7,-32,-3
-24.435,6,-33,-2
-24.435,6,-33,-3
-25.34,7,-32,-4
-25.34,7,-32,-4
-25.34,7,-32,-4
-19.91,5,-38,-2
-25.34,7,-32,-4
-23.53,6,-34,-2
-32.58,7,-24,-3
-32.58,7,-24,-3
-32.58,7,-24,-3
-30.77,6,-26,-2
-30.77,7,-26,-4
-32.58,7,-24,-3
-32.58,7,-24,-3
-32.58,7,-24,-3
-32.58,7,-24,-3
-30.77,6,-26,-2
-39.82,11,-16,-8
-41.63,12,-14,-9
-41.63,12,-14,-9
-41.63,12,-14,-9
-42.535,12,-13,-10
-40.725,11,-15,-8
-44.345,12,-11,-10
-38.01,10,-18,-6
-40.725,11,-15,-8
-40.725,11,-15,-8
-24.435,5,-33,-2
-24.435,5,-33,-2
-24.435,5,-33,-2
-24.435,5,-33,-2
-24.435,5,-33,-2
-23.53,5,-34,-3
-23.53,5,-34,-3
-23.53,5,-34,-3
-24.435,5,-33,-2
-23.53,5,-34,-3
-27.15,6,-30,-3
-27.15,6,-30,-3
-28.96,7,-28,-4
-27.15,6,-30,-3
-28.96,7,-28,-4
-28.96,7,-28,-4
-28.96,7,-28,-4
-28.96,7,-28,-4
-28.96,7,-28,-4
-27.15,6,-30,-3
-23.53,5,-34,-3
-27.15,6,-30,-3
-23.53,5,-34,-2
-25.34,6,-32,-3
-25.34,6,-32,-3
-25.34,5,-32,-2
-27.15,6,-30,-3
-27.15,6,-30,-3
-27.15,6,-30,-3
-25.34,5,-32,-2
-25.34,6,-32,-4
-25.34,6,-32,-4
-25.34,6,-32,-4
-21.72,6,-34,-3
-25.34,6,-32,-4
-25.34,6,-32,-4
-22.625,5,-35,-2
-23.53,6,-32,-4
-25.34,6,-32,-4
-25.34,6,-32,-4
-28.96,7,-28,-5
-27.15,6,-30,-2
-28.96,6,-28,-4
-27.15,6,-30,-2
-28.96,6,-28,-4
-25.34,5,-32,-2
-27.15,6,-30,-3
-28.96,7,-28,-5
-27.15,6,-30,-3
-28.96,7,-28,-5
-36.2,11,-20,-7
-31.675,7,-25,-5
-30.77,8,-26,-5
-34.39,8,-22,-6
-35.295,9,-21,-7
-37.105,10,-19,-7
-38.915,11,-17,-8
-35.295,9,-21,-7
-34.39,9,-22,-6
-31.675,7,-25,-4
-40.725,9,-15,-5
-41.63,10,-14,-6
-41.63,10,-14,-6
-41.63,10,-14,-6
-41.63,10,-14,-6
-40.725,9,-15,-5
-40.725,9,-15,-5
-41.63,10,-14,-6
-41.63,10,-14,-6
-38.01,9,-18,-5
-31.675,7,-25,-3
-32.58,8,-24,-5
-32.58,8,-24,-5
-33.485,8,-23,-5
-33.485,8,-23,-4
-32.58,8,-24,-5
-33.485,9,-23,-5
-34.39,8,-22,-4
-31.675,7,-25,-4
-33.485,9,-23,-5
-34.39,7,-22,-3
-34.39,7,-22,-3
-33.485,7,-23,-3
-32.58,7,-24,-3
-34.39,7,-22,-3
-31.675,6,-25,-2
-34.39,7,-22,-3
-34.39,7,-22,-3
-31.675,6,-25,-2
-31.675,6,-25,-2
-39.82,10,-16,-6
-34.39,9,-22,-6
-34.39,9,-22,-6
-41.63,10,-14,-6
-41.63,10,-14,-6
-39.82,10,-16,-6
-41.63,10,-14,-6
-38.01,9,-18,-6
-38.01,9,-18,-6
-41.63,10,-14,-6
-35.295,8,-21,-5
-35.295,8,-21,-5
-28.96,7,-28,-4
-35.295,8,-21,-5
-35.295,8,-21,-5
-35.295,8,-21,-5
-35.295,8,-21,-5
-35.295,8,-21,-5
-35.295,8,-21,-5
-35.295,8,-21,-5
-24.435,6,-33,-3
-24.435,6,-33,-2
-24.435,6,-33,-2
-24.435,6,-33,-2
-24.435,6,-33,-2
-24.435,6,-33,-2
-24.435,6,-33,-3
-24.435,6,-33,-2
-25.34,6,-32,-2
-24.435,6,-33,-2
-23.53,7,-34,-3
-28.96,10,-28,-6
-27.15,9,-30,-6
-26.245,8,-31,-5
-27.15,9,-30,-6
-27.15,9,-30,-6
-28.96,9,-28,-6
-28.96,9,-28,-6
-27.15,8,-30,-4
-26.245,8,-31,-5
-38.915,9,-17,-5
-35.295,8,-21,-4
-35.295,8,-21,-4
-38.01,8,-18,-4
-38.01,8,-18,-4
-38.915,9,-17,-5
-38.915,9,-17,-5
-38.915,9,-17,-5
-38.01,8,-18,-4
-38.01,8,-18,-4
-41.63,11,-14,-7
-41.63,11,-14,-7
-41.63,11,-14,-8
-41.63,10,-14,-6
-41.63,11,-14,-7
-41.63,10,-14,-6
-39.82,10,-16,-7
-41.63,11,-14,-7
-39.82,10,-16,-6
-41.63,10,-14,-6
-32.58,7,-24,-3
-34.39,7,-22,-4
-34.39,7,-22,-4
-34.39,7,-22,-4
-34.39,7,-22,-4
-34.39,7,-22,-4
-32.58,7,-24,-3
-30.77,6,-26,-3
-34.39,7,-22,-4
-34.39,7,-22,-4
-36.2,9,-20,-6
-32.58,7,-24,-3
-38.01,9,-18,-5
-38.01,9,-18,-5
-32.58,7,-24,-3
-36.2,9,-20,-5
-32.58,7,-24,-3
-38.01,9,-18,-5
-38.01,9,-18,-5
-32.58,7,-24,-3
-36.2,8,-20,-4
-33.485,8,-23,-4
-28.96,7,-28,-3
-33.485,8,-23,-4
-28.055,7,-29,-3
-37.105,9,-19,-5
-33.485,7,-23,-3
-35.295,8,-21,-4
-36.2,8,-20,-4
-35.295,8,-21,-4
-30.77,6,-26,-3
-33.485,7,-23,-3
-30.77,6,-26,-3
-32.58,7,-24,-4
-32.58,7,-24,-4
-33.485,7,-23,-3
-32.58,7,-24,-4
-33.485,7,-23,-3
-32.58,7,-24,-4
-30.77,6,-26,-3
-27.15,6,-30,-3
-27.15,6,-30,-3
-28.96,6,-28,-2
-27.15,6,-30,-3
-28.96,6,-28,-3
-28.96,6,-28,-2
-27.15,6,-30,-3
-28.96,6,-28,-2
-27.15,6,-30,-3
-27.15,6,-30,-3
-27.15,6,-30,-4
-23.53,6,-34,-2
-24.435,6,-33,-3
-27.15,6,-30,-4
-24.435,5,-33,-2
-27.15,6,-30,-4
-24.435,6,-33,-3
-23.53,5,-34,-2
-27.15,6,-30,-4
-25.34,5,-32,-2
-30.77,6,-26,-2
-30.77,6,-26,-2
-30.77,6,-26,-2
-30.77,6,-26,-2
-30.77,6,-26,-2
-27.15,6,-30,-2
-30.77,6,-26,-2
-30.77,6,-26,-2
-30.77,6,-26,-2
-30.77,6,-26,-2
-30.77,7,-26,-4
-30.77,7,-26,-4
-30.77,7,-26,-4
-30.77,7,-26,-4
-30.77,7,-26,-4
-30.77,7,-26,-4
-30.77,7,-26,-4
-30.77,7,-26,-4
-30.77,7,-26,-4
-29.865,6,-27,-3
-31.675,8,-25,-4
-35.295,8,-21,-4
-34.39,8,-22,-4
-37.105,8,-19,-4
-35.295,8,-21,-4
-37.105,8,-19,-4
-37.105,8,-19,-4
-37.105,8,-19,-4
-37.105,8,-19,-4
-31.675,7,-25,-3
-47.965,14,-7,-10
-47.06,13,-8,-9
-47.965,14,-7,-10
-43.44,13,-12,-9
-47.06,13,-8,-9
-47.06,13,-8,-9
-47.06,13,-8,-9
-47.965,14,-7,-10
-47.06,13,-8,-9
-47.965,14,-7,-10
-44.345,12,-11,-8
-44.345,12,-11,-8
-41.63,11,-14,-8
-40.725,11,-15,-7
-44.345,12,-11,-8
-44.345,12,-11,-8
-40.725,11,-15,-7
-41.63,11,-14,-8
-44.345,12,-11,-8
-44.345,12,-11,-8
-38.01,8,-18,-4
-30.77,6,-26,-3
-30.77,6,-26,-3
-38.01,8,-18,-4
-37.105,8,-19,-5
-33.485,7,-23,-3
-38.01,8,-18,-4
-38.01,8,-18,-4
-38.01,8,-18,-4
-38.01,8,-18,-4
-32.58,8,-24,-4
-34.39,10,-22,-6
-33.485,9,-23,-5
-34.39,10,-22,-6
-32.58,8,-24,-4
-33.485,9,-23,-5
-34.39,10,-22,-6
-34.39,10,-22,-6
-32.58,8,-24,-4
-34.39,10,-22,-6
-51.585,15,-3,-11
-51.585,15,-3,-11
-51.585,15,-3,-11
-47.06,15,-8,-11
-43.44,13,-12,-9
-51.585,15,-3,-11
-49.775,15,-5,-11
-51.585,15,-3,-11
-51.585,15,-3,-11
-49.775,15,-5,-11
-24.435,5,-33,-1
-26.245,6,-31,-3
-24.435,5,-33,-1
-24.435,5,-33,-1
-24.435,6,-33,-3
-24.435,5,-33,-1
-24.435,6,-33,-3
-27.15,6,-30,-3
-27.15,6,-30,-3
-27.15,6,-30,-2
-34.39,9,-22,-6
-34.39,9,-22,-6
-33.485,8,-23,-5
-34.39,9,-22,-6
-32.58,9,-22,-6
-33.485,8,-23,-5
-33.485,8,-23,-5
-33.485,8,-23,-5
-34.39,9,-22,-6
-34.39,9,-22,-6
-23.53,6,-34,-3
-25.34,6,-32,-4
-23.53,5,-34,-4
-23.53,6,-34,-3
-21.72,4,-36,-1
-23.53,5,-34,-4
-21.72,5,-36,-2
-25.34,6,-32,-4
-23.53,6,-34,-3
-23.53,5,-34,-2
-25.34,6,-32,-2
-26.245,6,-31,-3
-23.53,5,-34,-1
-26.245,6,-31,-3
-26.245,6,-31,-3
-27.15,7,-30,-4
-24.435,6,-33,-2
-26.245,7,-31,-3
-25.34,6,-32,-3
-26.245,7,-31,-3
-33.485,9,-23,-5
-34.39,8,-22,-4
-33.485,8,-23,-4
-34.39,8,-22,-4
-34.39,8,-22,-4
-33.485,9,-23,-5
-34.39,8,-22,-4
-34.39,8,-22,-4
-32.58,7,-24,-3
-34.39,8,-22,-4
-38.915,10,-17,-6
-39.82,11,-16,-7
-39.82,11,-16,-7
-38.915,10,-17,-6
-40.725,12,-15,-8
-39.82,11,-16,-7
-38.915,10,-17,-6
-39.82,11,-16,-7
-39.82,11,-16,-7
-39.82,12,-16,-8
-30.77,9,-26,-6
-29.865,8,-27,-5
-28.96,7,-28,-4
-32.58,9,-24,-6
-29.865,8,-27,-5
-29.865,8,-27,-5
-28.055,7,-29,-4
-29.865,8,-27,-5
-30.77,9,-26,-6
-35.295,9,-21,-7
-30.77,6,-26,-2
-30.77,6,-26,-2
-30.77,6,-26,-2
-30.77,6,-26,-2
-30.77,6,-26,-2
-32.58,7,-24,-4
-32.58,7,-24,-4
-32.58,7,-24,-4
-30.77,6,-26,-2
-32.58,7,-24,-4
-30.77,6,-26,-3
-31.675,6,-25,-3
-31.675,6,-25,-3
-31.675,6,-25,-3
-31.675,6,-25,-3
-31.675,6,-25,-3
-31.675,6,-25,-3
-31.675,6,-25,-3
-30.77,6,-26,-3
-31.675,6,-25,-3
-36.2,7,-20,-3
-36.2,7,-20,-3
-36.2,7,-20,-3
-36.2,7,-20,-3
-36.2,7,-20,-3
-36.2,7,-20,-3
-34.39,7,-22,-3
-36.2,7,-20,-3
-36.2,7,-20,-3
-36.2,7,-20,-3
-38.915,11,-17,-7
-38.01,11,-18,-7
-37.105,10,-19,-6
-39.82,12,-16,-9
-38.01,11,-18,-8
-37.105,10,-19,-6
-38.915,11,-17,-7
-38.915,12,-17,-8
-37.105,10,-19,-6
-38.915,12,-17,-8
-30.77,7,-26,-5
-27.15,5,-30,-2
-30.77,6,-26,-4
-30.77,7,-26,-4
-27.15,5,-30,-2
-30.77,7,-26,-5
-30.77,6,-26,-4
-27.15,6,-30,-3
-30.77,6,-26,-4
-30.77,7,-26,-5
-30.77,7,-26,-3
-28.055,6,-29,-3
-29.865,8,-27,-5
-26.245,6,-31,-3
-26.245,7,-31,-3
-21.72,5,-36,-2
-28.96,7,-28,-4
-28.055,6,-29,-2
-29.865,8,-27,-4
-25.34,6,-32,-3
-34.39,8,-22,-5
-34.39,8,-22,-5
-34.39,8,-22,-5
-34.39,8,-22,-5
-34.39,8,-22,-5
-33.485,8,-23,-5
-34.39,8,-22,-5
-33.485,7,-23,-4
-34.39,8,-22,-5
-34.39,8,-22,-5
-25.34,5,-32,-1
-21.72,4,-36,-1
-38.01,10,-18,-7
-25.34,5,-32,-3
-28.96,6,-28,-2
-25.34,5,-32,-1
-32.58,8,-24,-5
-25.34,5,-32,-2
-38.01,10,-18,-7
-34.39,9,-22,-6
-36.2,8,-20,-4
-36.2,7,-20,-4
-36.2,8,-20,-4
-30.77,7,-26,-3
-34.39,7,-22,-3
-30.77,7,-26,-3
-34.39,7,-22,-3
-36.2,7,-20,-4
-36.2,8,-20,-4
-30.77,7,-26,-4
-42.535,11,-13,-7
-42.535,11,-13,-7
-41.63,11,-14,-7
-42.535,11,-13,-7
-42.535,11,-13,-7
-43.44,11,-12,-7
-40.725,11,-15,-7
-41.63,11,-14,-7
-42.535,11,-13,-7
-43.44,12,-12,-8
