-38.01,9,-18,-3
-38.915,8,-17,-2
-38.915,8,-17,-2
-38.01,9,-18,-3
-39.82,9,-16,-2
-38.915,8,-17,-2
-39.82,9,-16,-2
-38.915,8,-17,-2
-38.915,8,-17,-2
-38.915,8,-17,-2
-47.965,12,-7,-6
-41.63,11,-14,-4
-41.63,11,-14,-4
-47.965,12,-7,-5
-41.63,10,-14,-3
-41.63,11,-14,-4
-47.965,12,-7,-6
-41.63,11,-14,-4
-41.63,11,-14,-4
-47.06,12,-8,-5
-38.915,8,-17,-2
-42.535,9,-13,-3
-39.82,9,-16,-2
-42.535,9,-13,-3
-42.535,9,-13,-3
-42.535,9,-13,-3
-42.535,9,-13,-3
-39.82,9,-16,-2
-38.915,8,-17,-2
-38.915,8,-17,-2
-47.965,12,-7,-6
-47.06,11,-8,-5
-51.585,13,-3,-6
-47.965,13,-7,-6
-47.06,11,-8,-4
-47.965,12,-7,-5
-47.965,13,-7,-6
-47.06,11,-8,-5
-51.585,13,-3,-7
-47.965,12,-7,-4
-44.345,11,-11,-5
-44.345,11,-11,-6
-44.345,11,-11,-5
-44.345,11,-11,-5
-44.345,11,-11,-6
-44.345,11,-11,-6
-44.345,11,-11,-5
-44.345,11,-11,-5
-44.345,11,-11,-5
-44.345,11,-11,-6
-38.915,9,-17,-3
-38.915,9,-17,-3
-38.01,8,-18,-3
-38.01,8,-18,-3
-38.01,8,-18,-3
-38.01,8,-18,-3
-38.01,8,-18,-3
-38.01,8,-18,-3
-38.01,8,-18,-3
-38.01,8,-18,-3
-43.44,10,-12,-3
-43.44,10,-12,-3
-43.44,10,-12,-3
-43.44,10,-12,-3
-43.44,10,-12,-3
-43.44,10,-12,-3
-43.44,10,-12,-3
-43.44,10,-12,-3
-43.44,10,-12,-3
-43.44,10,-12,-3
-47.06,10,-8,-3
-47.06,10,-8,-3
-47.06,10,-8,-3
-47.06,10,-8,-3
-47.06,10,-8,-3
-47.06,10,-8,-3
-47.06,10,-8,-3
-47.06,10,-8,-3
-39.82,9,-16,-4
-47.06,10,-8,-3
-43.44,10,-12,-3
-43.44,10,-12,-3
-43.44,10,-12,-3
-43.44,10,-12,-3
-43.44,10,-12,-3
-43.44,10,-12,-3
-43.44,10,-12,-3
-43.44,10,-12,-3
-43.44,10,-12,-3
-43.44,10,-12,-3
-37.105,9,-19,-3
-37.105,9,-19,-3
-37.105,9,-19,-3
-37.105,10,-19,-4
-37.105,9,-19,-3
-37.105,9,-19,-3
-35.295,10,-21,-4
-35.295,10,-21,-4
-37.105,10,-19,-4
-37.105,10,-19,-4
-42.535,9,-13,-3
-42.535,9,-13,-3
-42.535,9,-13,-4
-42.535,9,-13,-3
-42.535,9,-13,-3
-42.535,9,-13,-3
-36.2,7,-20,-2
-42.535,9,-13,-3
-36.2,7,-20,-2
-36.2,7,-20,-2
-50.68,11,-4,-4
-48.87,11,-6,-4
-50.68,11,-4,-4
-50.68,11,-4,-4
-50.68,11,-4,-4
-50.68,11,-4,-4
-50.68,11,-4,-4
-50.68,11,-4,-4
-47.965,11,-7,-4
-47.965,11,-7,-4
-47.06,10,-8,-2
-47.06,10,-8,-2
-47.06,10,-8,-2
-47.06,10,-8,-2
-47.06,10,-8,-2
-47.06,10,-8,-2
-47.06,10,-8,-2
-47.06,10,-8,-2
-47.06,10,-8,-2
-47.06,10,-8,-2
-45.25,10,-10,-3
-45.25,10,-10,-4
-45.25,10,-10,-3
-36.2,7,-20,-2
-45.25,10,-10,-3
-36.2,7,-20,-2
-36.2,7,-20,-2
-45.25,10,-10,-3
-45.25,10,-10,-3
-36.2,7,-20,-2
-43.44,9,-12,-3
-43.44,10,-12,-5
-43.44,9,-12,-3
-43.44,9,-12,-3
-43.44,9,-12,-3
-43.44,9,-12,-3
-41.63,10,-14,-5
-43.44,10,-12,-5
-43.44,9,-12,-3
-43.44,9,-12,-3
-39.82,9,-16,-3
-42.535,11,-13,-5
-36.2,9,-20,-4
-36.2,9,-20,-4
-36.2,9,-20,-4
-36.2,9,-20,-4
-43.44,11,-12,-6
-38.01,10,-18,-3
-43.44,11,-12,-6
-43.44,11,-12,-6
-41.63,9,-14,-2
-38.01,8,-18,-3
-41.63,9,-14,-2
-38.01,9,-18,-2
-41.63,9,-14,-2
-41.63,9,-14,-2
-40.725,9,-15,-5
-41.63,9,-14,-2
-41.63,9,-14,-2
-41.63,9,-14,-2
-36.2,8,-20,-3
-33.485,7,-23,-2
-36.2,8,-20,-3
-36.2,8,-20,-3
-36.2,8,-20,-3
-36.2,8,-20,-3
-36.2,8,-20,-3
-35.295,8,-21,-1
-36.2,8,-20,-3
-36.2,8,-20,-3
-29.865,7,-27,-2
-29.865,7,-27,-2
-30.77,6,-26,-1
-30.77,6,-26,-1
-30.77,6,-26,-1
-30.77,6,-26,-1
-29.865,7,-27,-2
-30.77,6,-26,-1
-30.77,6,-26,-1
-33.485,7,-23,-2
-50.68,14,-4,-9
-48.87,13,-6,-8
-52.49,15,-2,-10
-50.68,14,-4,-9
-46.155,13,-9,-8
-46.155,13,-9,-8
-50.68,14,-4,-9
-52.49,15,-2,-10
-52.49,15,-2,-10
-50.68,14,-4,-9
-40.725,9,-15,-2
-37.105,8,-19,-2
-37.105,8,-19,-2
-40.725,9,-15,-4
-38.915,9,-17,-3
-40.725,9,-15,-4
-40.725,9,-15,-4
-40.725,9,-15,-4
-40.725,9,-15,-4
-40.725,9,-15,-4
-45.25,11,-10,-4
-46.155,11,-9,-5
-46.155,11,-9,-5
-46.155,11,-9,-5
-46.155,11,-9,-5
-46.155,11,-9,-5
-45.25,11,-10,-4
-46.155,11,-9,-5
-45.25,11,-10,-4
-45.25,11,-10,-4
-38.915,9,-17,-3
-39.82,9,-16,-2
-38.915,9,-17,-3
-39.82,9,-16,-2
-39.82,9,-16,-2
-39.82,9,-16,-2
-39.82,9,-16,-2
-38.915,9,-17,-3
-39.82,9,-16,-2
-39.82,9,-16,-2
-34.39,7,-22,-3
-34.39,7,-22,-3
-33.485,7,-23,-1
-34.39,7,-22,-2
-34.39,7,-22,-2
-34.39,7,-22,-3
-34.39,7,-22,-3
-34.39,7,-22,-2
-34.39,7,-22,-2
-34.39,7,-22,-3
-38.915,9,-17,-2
-38.915,9,-17,-2
-38.915,9,-17,-2
-38.915,9,-17,-2
-38.915,9,-17,-2
-38.915,9,-17,-1
-38.915,9,-17,-2
-38.915,9,-17,-2
-37.105,9,-19,-2
-38.915,9,-17,-2
-43.44,9,-12,-4
-43.44,9,-12,-4
-41.63,9,-14,-5
-43.44,9,-12,-4
-43.44,9,-12,-4
-39.82,9,-16,-5
-39.82,9,-16,-5
-43.44,9,-12,-4
-43.44,9,-12,-4
-39.82,9,-16,-5
-42.535,10,-13,-4
-42.535,10,-13,-4
-42.535,10,-13,-4
-45.25,12,-10,-6
-45.25,12,-10,-6
-42.535,10,-13,-4
-42.535,10,-13,-4
-42.535,10,-13,-4
-45.25,12,-10,-6
-42.535,10,-13,-4
-35.295,9,-21,-2
-35.295,9,-21,-2
-34.39,8,-22,-3
-35.295,9,-21,-2
-35.295,9,-21,-2
-33.485,8,-23,-3
-35.295,9,-21,-2
-37.105,9,-19,-4
-37.105,9,-19,-4
-33.485,8,-23,-3
-44.345,13,-11,-8
-43.44,12,-12,-7
-49.775,13,-5,-9
-43.44,12,-12,-6
-49.775,13,-5,-9
-49.775,13,-5,-9
-49.775,13,-5,-9
-47.965,13,-7,-8
-43.44,12,-12,-6
-49.775,13,-5,-9
-41.63,10,-14,-3
-41.63,10,-14,-3
-41.63,10,-14,-3
-45.25,11,-10,-3
-41.63,10,-14,-3
-41.63,10,-14,-3
-41.63,10,-14,-3
-45.25,11,-10,-3
-41.63,10,-14,-3
-39.82,11,-16,-5
-39.82,10,-16,-5
-39.82,10,-16,-5
-42.535,11,-13,-5
-39.82,10,-16,-5
-41.63,10,-14,-5
-38.01,10,-18,-3
-41.63,10,-14,-5
-42.535,11,-13,-5
-42.535,11,-13,-5
-39.82,10,-16,-5
-44.345,10,-11,-3
-44.345,10,-11,-3
-44.345,10,-11,-3
-44.345,10,-11,-3
-44.345,10,-11,-3
-44.345,10,-11,-3
-44.345,10,-11,-3
-44.345,10,-11,-3
-44.345,10,-11,-3
-44.345,10,-11,-3
-50.68,12,-4,-6
-50.68,12,-4,-6
-50.68,12,-4,-6
-50.68,12,-4,-6
-50.68,12,-4,-6
-50.68,12,-4,-6
-50.68,12,-4,-6
-50.68,12,-4,-6
-50.68,12,-4,-6
-50.68,12,-4,-6
-45.25,10,-10,-4
-44.345,11,-11,-6
-45.25,10,-10,-4
-45.25,10,-10,-4
-45.25,10,-10,-4
-45.25,10,-10,-4
-45.25,10,-10,-4
-45.25,10,-10,-4
-45.25,10,-10,-4
-45.25,10,-10,-4
-49.775,13,-5,-6
-48.87,12,-6,-5
-47.06,13,-8,-6
-47.06,13,-8,-6
-48.87,12,-6,-5
-48.87,12,-6,-5
-48.87,12,-6,-5
-48.87,12,-6,-5
-49.775,12,-5,-3
-49.775,12,-5,-3
-49.775,11,-5,-4
-49.775,11,-5,-4
-49.775,11,-5,-3
-49.775,11,-5,-4
-49.775,11,-5,-4
-49.775,11,-5,-4
-49.775,11,-5,-4
-49.775,11,-5,-3
-49.775,11,-5,-3
-49.775,11,-5,-3
-39.82,8,-16,-1
-39.82,8,-16,-1
-39.82,8,-16,-1
-39.82,8,-16,-1
-39.82,8,-16,-1
-39.82,8,-16,-1
-39.82,8,-16,-1
-39.82,8,-16,-1
-39.82,8,-16,-1
-39.82,8,-16,-1
-38.01,8,-18,-2
-38.01,8,-18,-2
-36.2,8,-20,-3
-38.01,8,-18,-2
-38.01,8,-18,-2
-38.01,8,-18,-2
-38.01,8,-18,-2
-38.01,8,-18,-2
-38.01,8,-18,-2
-32.58,7,-24,-3
-44.345,11,-11,-5
-44.345,11,-11,-5
-44.345,11,-11,-4
-42.535,10,-13,-3
-39.82,9,-16,-2
-42.535,10,-13,-3
-41.63,10,-14,-5
-42.535,10,-13,-4
-39.82,10,-16,-5
-42.535,10,-13,-4
-42.535,9,-13,-3
-40.725,9,-15,-2
-42.535,9,-13,-3
-40.725,9,-15,-2
-40.725,9,-15,-2
-42.535,9,-13,-3
-42.535,9,-13,-3
-40.725,9,-15,-2
-42.535,9,-13,-3
-42.535,10,-13,-5
-45.25,10,-10,-2
-45.25,10,-10,-2
-45.25,10,-10,-2
-45.25,10,-10,-2
-45.25,10,-10,-2
-45.25,10,-10,-2
-45.25,10,-10,-2
-39.82,10,-16,-3
-45.25,10,-10,-2
-45.25,11,-10,-6
-45.25,10,-10,-3
-45.25,10,-10,-3
-45.25,10,-10,-3
-47.965,12,-7,-4
-45.25,10,-10,-4
-45.25,10,-10,-3
-47.965,12,-7,-5
-45.25,10,-10,-3
-45.25,10,-10,-4
-45.25,10,-10,-3
-43.44,11,-12,-5
-43.44,11,-12,-5
-43.44,11,-12,-5
-43.44,11,-12,-5
-43.44,11,-12,-5
-43.44,11,-12,-5
-43.44,11,-12,-5
-43.44,11,-12,-5
-43.44,11,-12,-5
-43.44,11,-12,-5
-38.915,9,-17,-4
-38.915,9,-17,-4
-38.915,9,-17,-4
-38.915,9,-17,-4
-38.915,9,-17,-4
-38.915,9,-17,-4
-38.915,9,-17,-4
-38.915,9,-17,-4
-38.915,9,-17,-4
-38.915,9,-17,-4
-42.535,10,-13,-4
-42.535,10,-13,-3
-42.535,10,-13,-3
-42.535,10,-13,-3
-42.535,10,-13,-3
-42.535,10,-13,-4
-42.535,10,-13,-3
-42.535,10,-13,-3
-45.25,11,-10,-4
-42.535,10,-13,-3
-46.155,11,-9,-5
-50.68,14,-4,-6
-46.155,11,-9,-5
-51.585,14,-3,-6
-46.155,11,-9,-5
-48.87,13,-6,-7
-50.68,14,-4,-6
-52.49,14,-2,-8
-46.155,11,-9,-5
-46.155,11,-9,-5
-45.25,12,-10,-6
-45.25,12,-10,-6
-45.25,12,-10,-6
-45.25,12,-10,-6
-45.25,12,-10,-6
-45.25,12,-10,-6
-45.25,12,-10,-6
-45.25,12,-10,-6
-45.25,12,-10,-6
-45.25,12,-10,-6
-44.345,11,-11,-3
-44.345,11,-11,-4
-41.63,10,-14,-4
-44.345,11,-11,-3
-44.345,11,-11,-3
-44.345,11,-11,-3
-44.345,11,-11,-3
-44.345,11,-11,-3
-45.25,12,-10,-4
-41.63,10,-14,-4
-48.87,12,-6,-5
-51.585,11,-3,-4
-51.585,11,-3,-4
-51.585,11,-3,-4
-51.585,11,-3,-4
-51.585,11,-3,-4
-48.87,12,-6,-5
-48.87,12,-6,-5
-48.87,12,-6,-5
-51.585,11,-3,-4
-43.44,10,-12,-3
-43.44,10,-12,-3
-38.01,10,-18,-4
-43.44,10,-12,-3
-40.725,9,-15,-3
-43.44,10,-12,-3
-43.44,10,-12,-3
-43.44,10,-12,-3
-43.44,10,-12,-3
-40.725,9,-15,-3
-38.01,8,-18,-2
-38.01,9,-18,-3
-38.01,9,-18,-3
-39.82,10,-16,-4
-38.915,9,-17,-3
-43.44,11,-12,-4
-38.01,9,-18,-3
-43.44,11,-12,-4
-38.01,8,-18,-2
-38.01,8,-18,-2
-42.535,11,-13,-5
-42.535,11,-13,-5
-42.535,11,-13,-5
-42.535,10,-13,-3
-42.535,11,-13,-5
-42.535,11,-13,-5
-42.535,11,-13,-5
-42.535,10,-13,-3
-42.535,11,-13,-5
-42.535,10,-13,-3
-38.915,9,-17,-4
-38.915,9,-17,-4
-35.295,8,-21,-2
-38.915,9,-17,-4
-38.915,9,-17,-4
-38.915,9,-17,-4
-38.915,9,-17,-4
-38.915,9,-17,-4
-38.915,9,-17,-4
-38.915,9,-17,-4
-41.63,10,-14,-4
-44.345,11,-11,-5
-44.345,11,-11,-5
-44.345,11,-11,-5
-41.63,10,-14,-4
-40.725,10,-15,-5
-41.63,10,-14,-5
-41.63,10,-14,-4
-41.63,10,-14,-4
-41.63,10,-14,-4
-46.155,13,-9,-6
-47.965,13,-7,-7
-41.63,11,-14,-5
-46.155,13,-9,-6
-39.82,11,-16,-5
-39.82,11,-16,-5
-41.63,11,-14,-5
-47.965,13,-7,-7
-46.155,13,-9,-6
-39.82,11,-16,-5
-42.535,10,-13,-4
-42.535,10,-13,-4
-42.535,10,-13,-4
-42.535,10,-13,-4
-42.535,10,-13,-4
-42.535,10,-13,-4
-47.965,13,-7,-5
-47.06,13,-8,-5
-45.25,12,-10,-6
-42.535,10,-13,-4
-45.25,10,-10,-1
-45.25,10,-10,-2
-45.25,10,-10,-1
-45.25,10,-10,-2
-45.25,10,-10,-1
-45.25,10,-10,-1
-45.25,10,-10,-1
-45.25,10,-10,-2
-45.25,10,-10,-2
-42.535,9,-13,-1
-38.915,9,-17,-3
-41.63,10,-14,-3
-44.345,10,-11,-4
-41.63,10,-14,-3
-41.63,10,-14,-3
-41.63,10,-14,-3
-41.63,10,-14,-3
-41.63,10,-14,-3
-44.345,10,-11,-4
-41.63,10,-14,-3
-42.535,11,-13,-5
-49.775,13,-5,-7
-38.915,10,-17,-4
-47.965,13,-7,-7
-42.535,11,-13,-5
-38.915,10,-17,-4
-42.535,11,-13,-5
-42.535,11,-13,-5
-40.725,11,-15,-5
-38.915,10,-17,-4
-35.295,9,-21,-2
-36.2,9,-20,-4
-41.63,10,-14,-5
-36.2,9,-20,-4
-35.295,9,-21,-2
-39.82,10,-16,-3
-39.82,10,-16,-3
-38.01,10,-18,-3
-41.63,10,-14,-5
-41.63,10,-14,-5
-42.535,10,-13,-3
-42.535,10,-13,-3
-46.155,11,-9,-3
-42.535,10,-13,-3
-42.535,10,-13,-3
-42.535,10,-13,-3
-46.155,11,-9,-3
-46.155,11,-9,-3
-42.535,10,-13,-3
-46.155,11,-9,-3
-38.915,9,-17,-2
-38.915,9,-17,-2
-41.63,10,-14,-5
-39.82,9,-16,-2
-39.82,9,-16,-2
-39.82,9,-16,-2
-41.63,10,-14,-5
-41.63,10,-14,-5
-39.82,9,-16,-2
-41.63,10,-14,-5
-41.63,9,-14,-3
-47.06,10,-8,-5
-47.06,10,-8,-5
-41.63,9,-14,-3
-38.915,9,-17,-4
-47.06,10,-8,-5
-47.06,10,-8,-5
-47.06,10,-8,-5
-47.06,10,-8,-5
-47.06,10,-8,-5
-34.39,8,-22,-5
-34.39,8,-22,-5
-34.39,8,-22,-5
-34.39,8,-22,-5
-34.39,8,-22,-5
-34.39,8,-22,-5
-33.485,8,-23,-4
-34.39,8,-22,-5
-33.485,8,-23,-4
-33.485,8,-23,-4
-37.105,8,-19,-4
-38.01,8,-18,-2
-38.01,8,-18,-2
-38.01,8,-18,-2
-38.01,8,-18,-2
-38.01,8,-18,-2
-37.105,8,-19,-3
-38.01,8,-18,-2
-38.01,8,-18,-2
-38.01,8,-18,-2
-43.44,10,-12,-3
-47.06,11,-8,-5
-45.25,10,-10,-4
-45.25,10,-10,-4
-45.25,10,-10,-4
-45.25,10,-10,-4
-45.25,10,-10,-4
-45.25,10,-10,-4
-45.25,10,-10,-4
-45.25,10,-10,-4
-42.535,10,-13,-5
-46.155,11,-9,-4
-45.25,11,-10,-5
-46.155,11,-9,-4
-45.25,11,-10,-5
-45.25,11,-10,-5
-46.155,11,-9,-4
-45.25,11,-10,-5
-46.155,11,-9,-4
-46.155,11,-9,-4
-43.44,10,-12,-3
-43.44,10,-12,-3
-43.44,10,-12,-3
-43.44,10,-12,-3
-39.82,9,-16,-4
-43.44,10,-12,-4
-43.44,10,-12,-4
-43.44,10,-12,-3
-43.44,10,-12,-4
-43.44,10,-12,-4
-44.345,12,-11,-5
-44.345,12,-11,-5
-46.155,10,-9,-4
-44.345,12,-11,-5
-44.345,12,-11,-5
-42.535,10,-13,-4
-44.345,12,-11,-5
-43.44,11,-12,-6
-44.345,12,-11,-6
-46.155,10,-9,-4
-47.06,13,-8,-7
-47.06,13,-8,-7
-47.06,13,-8,-7
-47.06,13,-8,-7
-47.06,13,-8,-7
-47.06,13,-8,-7
-47.06,13,-8,-7
-47.06,13,-8,-7
-47.06,13,-8,-7
-47.06,13,-8,-7
-44.345,10,-11,-4
-48.87,10,-6,-5
-48.87,10,-6,-5
-44.345,10,-11,-4
-44.345,10,-11,-4
-48.87,10,-6,-5
-44.345,10,-11,-4
-44.345,10,-11,-4
-48.87,10,-6,-5
-48.87,10,-6,-5
-44.345,10,-11,-3
-46.155,10,-9,-3
-51.585,11,-3,-3
-45.25,11,-10,-5
-51.585,11,-3,-3
-51.585,11,-3,-3
-44.345,10,-11,-3
-51.585,11,-3,-3
-51.585,11,-3,-3
-51.585,11,-3,-3
-44.345,10,-11,-4
-44.345,10,-11,-4
-44.345,10,-11,-4
-46.155,11,-9,-6
-44.345,10,-11,-4
-45.25,11,-10,-5
-44.345,10,-11,-4
-44.345,10,-11,-4
-46.155,11,-9,-6
-46.155,11,-9,-6
-46.155,10,-9,-6
-40.725,9,-15,-4
-38.01,8,-18,-2
-40.725,9,-15,-4
-40.725,9,-15,-4
-43.44,9,-12,-4
-40.725,9,-15,-5
-40.725,9,-15,-5
-40.725,9,-15,-5
-40.725,9,-15,-4
-45.25,10,-10,-3
-42.535,10,-13,-4
-51.585,13,-3,-6
-42.535,10,-13,-4
-51.585,13,-3,-6
-51.585,13,-3,-6
-51.585,13,-3,-6
-51.585,13,-3,-6
-45.25,10,-10,-3
-51.585,13,-3,-6
-41.63,9,-14,-3
-36.2,7,-20,-1
-36.2,7,-20,-1
-41.63,9,-14,-3
-41.63,9,-14,-3
-41.63,9,-14,-2
-41.63,9,-14,-3
-36.2,7,-20,-1
-41.63,9,-14,-2
-41.63,9,-14,-3
-46.155,11,-9,-4
-47.06,11,-8,-4
-46.155,11,-9,-4
-46.155,11,-9,-4
-47.06,11,-8,-4
-47.06,11,-8,-4
-46.155,11,-9,-6
-46.155,11,-9,-6
-47.06,11,-8,-4
-46.155,11,-9,-4
-33.485,7,-23,-2
-33.485,7,-23,-2
-33.485,7,-23,-2
-33.485,7,-23,-2
-31.675,6,-25,-1
-31.675,6,-25,-1
-33.485,7,-23,-2
-31.675,6,-25,-1
-31.675,6,-25,-1
-33.485,7,-23,-2
-38.01,8,-18,-3
-43.44,10,-12,-2
-43.44,10,-12,-2
-43.44,10,-12,-2
-43.44,10,-12,-2
-36.2,7,-20,-2
-43.44,10,-12,-2
-43.44,10,-12,-2
-43.44,10,-12,-2
-39.82,8,-16,-3
-45.25,11,-10,-4
-45.25,11,-10,-4
-45.25,11,-10,-4
-41.63,9,-14,-2
-45.25,11,-10,-4
-45.25,11,-10,-4
-45.25,11,-10,-4
-41.63,9,-14,-2
-45.25,11,-10,-4
-45.25,11,-10,-4
-46.155,10,-9,-4
-42.535,10,-13,-3
-42.535,9,-13,-3
-46.155,10,-9,-4
-42.535,9,-13,-3
-42.535,10,-13,-3
-46.155,10,-9,-4
-42.535,10,-13,-3
-42.535,10,-13,-3
-46.155,10,-9,-4
-46.155,11,-9,-5
-46.155,11,-9,-5
-44.345,11,-11,-4
-44.345,11,-11,-4
-44.345,11,-11,-5
-44.345,11,-11,-4
-45.25,11,-10,-5
-44.345,11,-11,-4
-44.345,11,-11,-4
-44.345,11,-11,-4
-41.63,10,-14,-5
-41.63,10,-14,-5
-41.63,10,-14,-5
-41.63,10,-14,-5
-41.63,10,-14,-5
-41.63,10,-14,-5
-41.63,10,-14,-5
-41.63,10,-14,-5
-41.63,10,-14,-5
-42.535,10,-13,-3
-47.965,12,-7,-4
-45.25,11,-10,-4
-45.25,11,-10,-4
-45.25,11,-10,-4
-46.155,12,-9,-6
-45.25,11,-10,-5
-45.25,11,-10,-5
-45.25,11,-10,-4
-47.06,12,-8,-5
-45.25,11,-10,-4
-40.725,11,-15,-4
-47.965,14,-7,-7
-40.725,11,-15,-4
-47.965,14,-7,-7
-47.965,14,-7,-7
-40.725,11,-15,-4
-40.725,10,-15,-5
-47.965,14,-7,-7
-40.725,11,-15,-4
-47.965,14,-7,-7
-39.82,9,-16,-2
-41.63,9,-14,-3
-39.82,9,-16,-2
-39.82,8,-16,-3
-39.82,9,-16,-2
-39.82,9,-16,-2
-39.82,8,-16,-3
-39.82,9,-16,-2
-39.82,9,-16,-2
-39.82,9,-16,-2
-46.155,11,-9,-4
-46.155,11,-9,-4
-46.155,11,-9,-4
-49.775,12,-5,-5
-46.155,11,-9,-4
-46.155,11,-9,-4
-46.155,11,-9,-4
-49.775,12,-5,-5
-49.775,12,-5,-5
-46.155,11,-9,-4
-43.44,11,-12,-3
-43.44,11,-12,-3
-43.44,11,-12,-3
-42.535,10,-13,-5
-43.44,11,-12,-3
-42.535,10,-13,-5
-43.44,11,-12,-3
-42.535,10,-13,-5
-43.44,11,-12,-3
-42.535,10,-13,-5
-38.915,9,-17,-2
-38.01,9,-18,-3
-38.915,9,-17,-2
-38.915,10,-17,-4
-38.915,10,-17,-4
-38.915,9,-17,-2
-38.915,9,-17,-2
-38.915,9,-17,-2
-38.01,9,-18,-3
-38.01,9,-18,-3
-33.485,7,-23,-1
-37.105,9,-19,-3
-35.295,8,-21,-3
-37.105,9,-19,-3
-36.2,8,-20,-2
-35.295,8,-21,-1
-35.295,8,-21,-1
-36.2,8,-20,-2
-35.295,7,-21,-1
-37.105,9,-19,-3
-34.39,7,-22,-2
-33.485,7,-23,-2
-33.485,7,-23,-2
-34.39,7,-22,-2
-34.39,7,-22,-2
-34.39,7,-22,-2
-33.485,7,-23,-2
-33.485,7,-23,-2
-31.675,7,-25,-3
-34.39,7,-22,-2
-47.06,11,-8,-5
-47.06,11,-8,-5
-47.06,11,-8,-5
-47.965,11,-7,-6
-43.44,10,-12,-5
-43.44,10,-12,-5
-43.44,10,-12,-5
-47.965,11,-7,-6
-45.25,9,-10,-3
-43.44,10,-12,-5
-38.01,7,-18,-4
-38.01,7,-18,-4
-36.2,7,-20,-3
-36.2,7,-20,-3
-36.2,8,-20,-4
-38.01,7,-18,-4
-36.2,7,-20,-3
-36.2,7,-20,-3
-36.2,7,-20,-2
-38.01,7,-18,-4
-43.44,10,-12,-3
-49.775,12,-5,-3
-43.44,10,-12,-3
-43.44,10,-12,-3
-43.44,10,-12,-3
-43.44,10,-12,-3
-43.44,10,-12,-3
-43.44,10,-12,-3
-43.44,10,-12,-3
-43.44,10,-12,-3
-37.105,8,-19,-2
-37.105,8,-19,-2
-36.2,8,-20,-2
-37.105,8,-19,-2
-37.105,8,-19,-2
-38.01,8,-18,-2
-38.01,8,-18,-2
-38.01,8,-18,-2
-38.01,8,-18,-2
-37.105,8,-19,-3
-44.345,9,-11,-2
-42.535,10,-13,-4
-44.345,9,-11,-2
-44.345,9,-11,-2
-44.345,9,-11,-2
-42.535,10,-13,-4
-40.725,9,-15,-3
-42.535,10,-13,-4
-44.345,10,-11,-4
-44.345,9,-11,-2
-35.295,8,-21,-1
-35.295,8,-21,-1
-34.39,7,-22,-1
-34.39,7,-22,-1
-35.295,8,-21,0
-38.01,8,-18,-2
-38.01,8,-18,-2
-36.2,8,-20,-1
-35.295,8,-21,0
-38.01,8,-18,-4
-42.535,11,-13,-6
-42.535,11,-13,-6
-42.535,11,-13,-6
-44.345,11,-11,-5
-42.535,11,-13,-6
-48.87,13,-6,-6
-44.345,11,-11,-5
-44.345,11,-11,-4
-42.535,11,-13,-5
-44.345,11,-11,-5
-33.485,7,-23,-3
-35.295,8,-21,-4
-28.055,6,-29,-2
-36.2,8,-20,-3
-35.295,8,-21,-4
-35.295,8,-21,-4
-31.675,7,-25,-3
-36.2,8,-20,-3
-35.295,8,-21,-4
-36.2,8,-20,-3
-54.3,12,0,-3
-54.3,12,0,-3
-54.3,12,0,-3
-47.965,11,-7,-4
-48.87,11,-6,-4
-47.965,11,-7,-4
-54.3,12,0,-3
-48.87,11,-6,-4
-54.3,12,0,-3
-47.965,11,-7,-4
