-38.07,10,-6,-4
-38.07,10,-6,-4
-38.07,10,-6,-4
-38.07,10,-6,-4
-38.07,10,-6,-4
-38.07,10,-6,-4
-38.07,10,-6,-4
-38.07,10,-6,-4
-38.07,10,-6,-4
-38.07,10,-6,-4
-36.66,10,-8,-3
-38.07,11,-6,-5
-36.66,10,-8,-3
-36.66,10,-8,-3
-36.66,10,-8,-3
-36.66,10,-8,-3
-36.66,10,-8,-3
-36.66,10,-8,-3
-36.66,10,-8,-3
-36.66,10,-8,-3
-40.185,10,-3,-4
-40.185,10,-3,-4
-40.185,10,-3,-4
-40.185,10,-3,-4
-40.185,10,-3,-4
-40.185,10,-3,-4
-40.185,10,-3,-4
-40.185,10,-3,-4
-40.185,10,-3,-4
-40.185,10,-3,-4
-33.135,9,-13,-4
-33.135,9,-13,-4
-33.135,9,-13,-4
-33.135,9,-13,-4
-33.135,9,-13,-4
-35.955,10,-9,-5
-33.135,9,-13,-4
-33.135,9,-13,-4
-35.955,10,-9,-5
-35.955,10,-9,-5
-40.89,12,-2,-5
-40.89,12,-2,-5
-40.89,12,-2,-5
-40.89,11,-2,-3
-40.89,12,-2,-5
-40.89,12,-2,-5
-40.89,11,-2,-3
-40.89,12,-2,-5
-40.89,12,-2,-5
-40.89,12,-2,-5
-36.66,10,-8,-3
-35.955,10,-9,-4
-36.66,10,-8,-3
-36.66,10,-8,-3
-36.66,10,-8,-3
-36.66,10,-8,-3
-36.66,10,-8,-3
-37.365,10,-7,-5
-35.955,10,-9,-4
-37.365,10,-7,-5
-41.595,11,-1,-4
-39.48,10,-4,-3
-39.48,10,-4,-3
-37.365,10,-7,-5
-37.365,10,-7,-5
-38.775,10,-5,-4
-37.365,10,-7,-5
-37.365,10,-7,-5
-37.365,10,-7,-5
-41.595,11,-1,-4
-30.315,8,-17,-2
-30.315,8,-17,-2
-32.43,8,-14,-2
-30.315,8,-17,-2
-32.43,8,-14,-2
-32.43,8,-14,-2
-30.315,8,-17,-2
-30.315,8,-17,-2
-32.43,8,-14,-2
-32.43,8,-14,-2
-38.07,9,-6,-4
-38.07,9,-6,-4
-38.07,9,-6,-4
-38.07,9,-6,-4
-38.07,9,-6,-4
-38.07,9,-6,-4
-38.07,9,-6,-4
-38.07,9,-6,-4
-38.07,9,-6,-4
-38.07,9,-6,-4
-37.365,10,-7,-3
-37.365,10,-7,-3
-37.365,10,-7,-3
-37.365,10,-7,-3
-37.365,10,-7,-3
-37.365,10,-7,-3
-37.365,10,-7,-3
-37.365,10,-7,-3
-37.365,10,-7,-3
-37.365,10,-7,-3
-40.185,11,-3,-5
-40.185,11,-3,-6
-40.185,11,-3,-5
-40.185,11,-3,-6
-40.185,11,-3,-5
-40.185,11,-3,-5
-40.185,11,-3,-6
-40.185,11,-3,-5
-40.185,11,-3,-7
-40.185,11,-3,-5
-37.365,10,-7,-4
-37.365,10,-7,-4
-38.07,10,-6,-3
-37.365,10,-7,-4
-37.365,10,-7,-4
-37.365,10,-7,-4
-37.365,10,-7,-4
-37.365,10,-7,-4
-37.365,10,-7,-4
-37.365,10,-7,-4
-39.48,12,-4,-7
-41.595,11,-1,-5
-39.48,12,-4,-7
-40.185,11,-3,-5
-39.48,12,-4,-7
-39.48,12,-4,-7
-41.595,11,-1,-5
-39.48,12,-4,-7
-39.48,12,-4,-7
-41.595,11,-1,-5
-39.48,12,-4,-6
-39.48,12,-4,-6
-39.48,12,-4,-6
-39.48,12,-4,-6
-39.48,12,-4,-6
-39.48,12,-4,-6
-39.48,12,-4,-6
-39.48,12,-4,-6
-39.48,12,-4,-6
-39.48,12,-4,-6
-36.66,9,-8,-3
-36.66,9,-8,-3
-36.66,9,-8,-3
-36.66,9,-8,-4
-36.66,9,-8,-3
-36.66,9,-8,-3
-36.66,9,-8,-3
-36.66,9,-8,-3
-36.66,9,-8,-4
-36.66,9,-8,-3
-38.775,10,-5,-4
-38.775,10,-5,-4
-38.775,10,-5,-4
-38.775,10,-5,-4
-38.775,10,-5,-4
-38.775,10,-5,-4
-38.775,10,-5,-4
-38.775,10,-5,-4
-38.775,10,-5,-4
-38.775,10,-5,-4
-39.48,10,-4,-4
-39.48,10,-4,-4
-39.48,10,-4,-4
-39.48,10,-4,-4
-39.48,10,-4,-4
-39.48,10,-4,-4
-39.48,10,-4,-4
-39.48,10,-4,-4
-39.48,10,-4,-4
-39.48,10,-4,-4
-33.84,10,-12,-3
-36.66,10,-8,-5
-36.66,10,-8,-5
-36.66,10,-8,-5
-33.84,10,-12,-3
-36.66,10,-8,-5
-36.66,10,-8,-5
-36.66,10,-8,-5
-36.66,10,-8,-5
-33.84,10,-12,-3
-36.66,10,-8,-4
-36.66,10,-8,-4
-36.66,9,-8,-4
-36.66,9,-8,-4
-36.66,9,-8,-4
-36.66,9,-8,-3
-36.66,10,-8,-4
-37.365,11,-7,-4
-37.365,11,-7,-4
-36.66,9,-8,-3
-40.185,11,-3,-5
-40.185,11,-3,-5
-40.185,11,-3,-5
-40.185,11,-3,-5
-40.185,11,-3,-5
-40.185,11,-3,-5
-40.185,11,-3,-5
-40.185,11,-3,-5
-40.185,11,-3,-5
-40.185,11,-3,-5
-34.545,9,-11,-2
-33.135,10,-13,-3
-34.545,9,-11,-2
-34.545,9,-11,-2
-34.545,9,-11,-2
-34.545,9,-11,-2
-34.545,9,-11,-2
-33.135,10,-13,-3
-33.135,10,-13,-3
-34.545,9,-11,-2
-35.25,11,-10,-6
-35.25,11,-10,-6
-35.25,11,-10,-6
-35.25,11,-10,-6
-35.25,11,-10,-6
-33.84,9,-12,-3
-35.25,11,-10,-6
-35.25,11,-10,-6
-35.25,11,-10,-6
-35.25,11,-10,-6
-35.25,10,-10,-3
-33.84,9,-12,-2
-33.84,9,-12,-2
-35.25,10,-10,-3
-33.84,9,-12,-2
-35.25,10,-10,-3
-35.25,10,-10,-3
-33.84,9,-12,-2
-35.25,10,-10,-3
-35.25,10,-10,-3
-35.955,9,-9,-3
-35.955,9,-9,-3
-35.955,9,-9,-3
-34.545,9,-11,-4
-35.955,9,-9,-3
-35.955,9,-9,-3
-35.955,9,-9,-3
-35.955,9,-9,-3
-35.955,9,-9,-3
-34.545,9,-11,-4
-35.955,10,-9,-4
-35.955,10,-9,-4
-35.955,10,-9,-4
-35.955,10,-9,-4
-35.955,10,-9,-4
-35.955,10,-9,-4
-36.66,10,-8,-3
-36.66,10,-8,-3
-35.955,10,-9,-4
-35.955,10,-9,-4
-40.185,11,-3,-6
-40.185,11,-3,-6
-40.185,11,-3,-6
-40.185,11,-3,-6
-40.185,11,-3,-6
-40.185,11,-3,-6
-40.185,11,-3,-6
-40.185,11,-3,-6
-40.185,11,-3,-6
-40.185,11,-3,-6
-34.545,9,-11,-3
-34.545,9,-11,-3
-34.545,9,-11,-3
-34.545,9,-11,-3
-34.545,9,-11,-3
-34.545,9,-11,-3
-34.545,9,-11,-3
-34.545,9,-11,-3
-34.545,9,-11,-3
-34.545,9,-11,-3
-35.955,11,-9,-5
-35.955,11,-9,-5
-35.955,11,-9,-5
-35.955,11,-9,-5
-35.955,11,-9,-5
-35.955,11,-9,-5
-35.955,11,-9,-5
-35.955,11,-9,-5
-35.955,11,-9,-5
-35.955,11,-9,-5
-35.25,9,-10,-3
-35.25,9,-10,-3
-35.25,9,-10,-3
-35.25,9,-10,-3
-35.25,9,-10,-3
-35.25,9,-10,-3
-35.25,9,-10,-3
-35.25,9,-10,-3
-35.25,9,-10,-3
-35.25,9,-10,-3
-39.48,12,-4,-7
-39.48,12,-4,-7
-38.775,11,-5,-4
-39.48,12,-4,-7
-39.48,12,-4,-7
-39.48,12,-4,-7
-39.48,12,-4,-7
-39.48,12,-4,-7
-39.48,12,-4,-7
-39.48,12,-4,-7
-39.48,11,-4,-5
-39.48,11,-4,-5
-39.48,11,-4,-5
-40.89,12,-2,-4
-40.185,12,-3,-5
-40.89,12,-2,-4
-40.89,12,-2,-4
-40.89,12,-2,-4
-40.185,12,-3,-5
-40.89,12,-2,-4
-38.07,10,-6,-3
-38.07,10,-6,-3
-38.07,10,-6,-3
-38.07,10,-6,-3
-38.07,10,-6,-3
-38.07,10,-6,-3
-38.07,10,-6,-3
-38.07,10,-6,-3
-38.07,10,-6,-3
-38.07,10,-6,-3
-38.07,12,-6,-6
-36.66,10,-8,-3
-38.775,10,-5,-3
-38.775,10,-5,-3
-38.775,10,-5,-3
-38.775,10,-5,-3
-38.775,10,-5,-3
-38.775,10,-5,-3
-38.775,11,-5,-5
-38.775,10,-5,-3
-38.775,11,-5,-5
-38.775,11,-5,-5
-40.89,11,-2,-3
-38.775,11,-5,-5
-38.775,10,-5,-4
-38.775,11,-5,-5
-38.775,11,-5,-5
-38.775,11,-5,-5
-38.775,11,-5,-5
-38.775,11,-5,-5
-36.66,10,-8,-5
-36.66,10,-8,-5
-36.66,10,-8,-5
-36.66,10,-8,-5
-38.07,9,-6,-3
-38.07,9,-6,-4
-36.66,10,-8,-5
-36.66,10,-8,-5
-35.25,9,-10,-5
-36.66,10,-8,-5
-35.25,9,-10,-5
-35.25,9,-10,-5
-35.25,9,-10,-5
-35.25,9,-10,-5
-35.25,9,-10,-5
-35.25,9,-10,-5
-35.25,9,-10,-5
-35.25,9,-10,-5
-35.25,9,-10,-5
-35.25,9,-10,-5
-38.07,11,-6,-4
-38.07,11,-6,-4
-38.07,11,-6,-4
-38.07,11,-6,-3
-38.07,11,-6,-3
-38.07,11,-6,-3
-38.07,11,-6,-4
-38.07,11,-6,-3
-38.775,11,-5,-4
-38.07,11,-6,-3
-41.595,12,-1,-5
-40.89,12,-2,-5
-41.595,12,-1,-5
-41.595,12,-1,-5
-41.595,12,-1,-5
-41.595,12,-1,-5
-40.185,11,-3,-4
-41.595,12,-1,-5
-40.89,12,-2,-4
-40.89,12,-2,-5
-39.48,11,-4,-6
-39.48,11,-4,-6
-39.48,11,-4,-6
-39.48,11,-4,-6
-39.48,11,-4,-6
-39.48,11,-4,-6
-39.48,11,-4,-6
-39.48,11,-4,-6
-39.48,11,-4,-6
-39.48,11,-4,-6
-37.365,10,-7,-6
-37.365,10,-7,-6
-37.365,10,-7,-6
-37.365,10,-7,-6
-37.365,10,-7,-6
-37.365,10,-7,-6
-37.365,10,-7,-6
-37.365,10,-7,-6
-37.365,10,-7,-6
-37.365,10,-7,-6
-37.365,9,-7,-2
-37.365,9,-7,-1
-37.365,9,-7,-2
-36.66,9,-8,-3
-36.66,9,-8,-3
-35.955,9,-9,-4
-34.545,9,-11,-2
-34.545,9,-11,-1
-37.365,9,-7,-1
-37.365,9,-7,-1
-40.185,11,-3,-4
-38.775,11,-5,-4
-38.775,11,-5,-4
-38.775,11,-5,-4
-40.185,11,-3,-4
-40.185,11,-3,-4
-40.185,11,-3,-4
-40.185,11,-3,-4
-40.185,11,-3,-4
-38.775,11,-5,-4
-38.775,11,-5,-5
-38.775,11,-5,-5
-38.775,11,-5,-5
-38.775,11,-5,-5
-38.775,11,-5,-5
-38.775,11,-5,-5
-38.775,11,-5,-5
-36.66,11,-8,-3
-38.775,11,-5,-5
-38.775,11,-5,-5
-38.775,10,-5,-2
-38.07,10,-6,-3
-38.07,10,-6,-3
-38.07,10,-6,-3
-38.07,10,-6,-3
-38.775,10,-5,-2
-38.07,10,-6,-3
-38.07,10,-6,-3
-38.07,10,-6,-3
-36.66,9,-8,-2
-38.775,12,-5,-5
-38.775,12,-5,-5
-38.775,12,-5,-5
-38.775,12,-5,-5
-38.775,12,-5,-5
-38.775,12,-5,-5
-38.775,12,-5,-5
-38.775,12,-5,-5
-38.775,12,-5,-5
-38.775,12,-5,-5
-34.545,9,-11,-6
-35.955,10,-9,-5
-35.955,10,-9,-5
-35.955,10,-9,-5
-35.955,10,-9,-5
-35.955,10,-9,-5
-35.955,10,-9,-5
-34.545,9,-11,-6
-34.545,9,-11,-6
-34.545,9,-11,-6
-36.66,9,-8,-4
-38.775,10,-5,-4
-38.775,10,-5,-4
-38.07,10,-6,-4
-38.07,10,-6,-4
-38.07,10,-6,-4
-38.07,9,-6,-5
-38.07,9,-6,-5
-38.07,10,-6,-4
-38.07,10,-6,-4
-36.66,9,-8,-5
-36.66,9,-8,-5
-36.66,9,-8,-5
-36.66,9,-8,-5
-36.66,9,-8,-5
-36.66,9,-8,-5
-36.66,9,-8,-5
-36.66,9,-8,-5
-36.66,9,-8,-5
-36.66,9,-8,-5
-39.48,10,-4,-7
-39.48,10,-4,-7
-39.48,10,-4,-7
-39.48,10,-4,-7
-39.48,10,-4,-7
-39.48,10,-4,-7
-39.48,10,-4,-7
-39.48,10,-4,-7
-39.48,10,-4,-7
-39.48,10,-4,-7
-36.66,10,-8,-3
-36.66,10,-8,-3
-36.66,10,-8,-3
-36.66,11,-8,-5
-36.66,10,-8,-3
-36.66,10,-8,-3
-36.66,10,-8,-3
-36.66,10,-8,-3
-36.66,10,-8,-3
-36.66,10,-8,-3
-33.135,9,-13,-2
-33.84,9,-12,-3
-33.135,9,-13,-2
-33.135,9,-13,-2
-33.135,9,-13,-2
-33.84,9,-12,-3
-33.135,9,-13,-2
-32.43,8,-14,-2
-33.84,9,-12,-3
-32.43,8,-14,-2
-39.48,10,-4,-3
-39.48,10,-4,-3
-39.48,10,-4,-3
-39.48,10,-4,-3
-36.66,9,-8,-4
-36.66,9,-8,-4
-39.48,10,-4,-3
-39.48,10,-4,-3
-39.48,10,-4,-3
-39.48,10,-4,-2
-35.955,10,-9,-4
-36.66,11,-8,-6
-35.955,10,-9,-4
-36.66,11,-8,-6
-36.66,11,-8,-6
-36.66,11,-8,-6
-36.66,11,-8,-6
-36.66,11,-8,-6
-36.66,11,-8,-6
-36.66,11,-8,-6
-38.07,10,-6,-4
-39.48,10,-4,-3
-39.48,10,-4,-3
-39.48,10,-4,-3
-38.775,11,-5,-5
-38.775,11,-5,-5
-38.07,10,-6,-4
-38.775,11,-5,-5
-39.48,10,-4,-3
-39.48,10,-4,-3
-38.07,11,-6,-3
-38.07,11,-6,-3
-40.89,12,-2,-6
-38.07,11,-6,-3
-40.89,12,-2,-6
-40.89,12,-2,-6
-40.89,12,-2,-7
-38.07,11,-6,-3
-38.07,11,-6,-3
-40.89,12,-2,-6
-40.185,10,-3,-4
-40.89,10,-2,-6
-40.185,10,-3,-4
-40.89,10,-2,-6
-40.185,10,-3,-4
-40.185,10,-3,-4
-40.89,10,-2,-6
-40.185,10,-3,-4
-40.185,10,-3,-4
-40.185,10,-3,-4
-38.775,12,-5,-6
-38.775,12,-5,-6
-38.775,12,-5,-6
-38.775,12,-5,-6
-38.775,12,-5,-6
-38.775,12,-5,-6
-38.775,12,-5,-6
-38.775,12,-5,-6
-38.775,12,-5,-6
-38.775,12,-5,-6
-39.48,12,-4,-5
-39.48,12,-4,-5
-35.25,11,-10,-6
-37.365,11,-7,-6
-37.365,12,-7,-7
-37.365,12,-7,-7
-37.365,12,-7,-7
-38.775,11,-5,-4
-37.365,11,-7,-6
-39.48,12,-4,-5
-39.48,10,-4,-3
-39.48,10,-4,-3
-39.48,10,-4,-3
-39.48,10,-4,-3
-39.48,10,-4,-3
-39.48,10,-4,-3
-39.48,10,-4,-3
-39.48,10,-4,-3
-39.48,10,-4,-3
-39.48,10,-4,-3
-39.48,10,-4,-4
-42.3,10,0,-4
-39.48,10,-4,-4
-39.48,10,-4,-4
-42.3,10,0,-4
-42.3,10,0,-4
-39.48,10,-4,-4
-39.48,10,-4,-4
-39.48,10,-4,-4
-42.3,10,0,-4
-41.595,10,-1,-3
-41.595,10,-1,-3
-41.595,10,-1,-3
-41.595,10,-1,-3
-41.595,10,-1,-3
-42.3,11,0,-5
-41.595,10,-1,-3
-41.595,10,-1,-3
-41.595,10,-1,-3
-38.775,10,-5,-4
-40.89,10,-2,-4
-40.89,10,-2,-4
-40.89,10,-2,-4
-40.89,10,-2,-4
-40.89,10,-2,-4
-40.89,10,-2,-4
-40.89,10,-2,-4
-40.89,10,-2,-4
-40.89,10,-2,-4
-40.89,10,-2,-4
-35.955,10,-9,-5
-35.955,10,-9,-5
-35.955,10,-9,-5
-35.955,10,-9,-5
-35.955,10,-9,-5
-35.955,10,-9,-5
-35.955,10,-9,-5
-35.955,10,-9,-5
-35.955,10,-9,-5
-35.955,10,-9,-5
-38.07,9,-6,-3
-38.07,9,-6,-3
-35.25,9,-10,-4
-35.25,9,-10,-4
-35.25,9,-10,-4
-35.25,9,-10,-4
-35.25,9,-10,-4
-36.66,9,-8,-4
-36.66,9,-8,-4
-36.66,9,-8,-4
-37.365,11,-7,-4
-35.955,10,-9,-3
-37.365,11,-7,-4
-37.365,11,-7,-4
-36.66,11,-8,-4
-36.66,10,-8,-3
-37.365,11,-7,-4
-36.66,10,-8,-3
-37.365,11,-7,-4
-36.66,11,-8,-5
-32.43,9,-14,-4
-32.43,9,-14,-4
-32.43,9,-14,-4
-32.43,9,-14,-4
-32.43,9,-14,-4
-32.43,8,-14,-4
-33.135,9,-13,-3
-32.43,8,-14,-4
-32.43,9,-14,-4
-33.135,9,-13,-3
-39.48,12,-4,-6
-38.775,11,-5,-3
-38.775,11,-5,-3
-38.775,11,-5,-3
-38.775,11,-5,-3
-39.48,12,-4,-6
-39.48,12,-4,-6
-38.775,11,-5,-3
-38.775,11,-5,-3
-38.775,11,-5,-3
-38.07,10,-6,-5
-38.07,10,-6,-5
-38.07,10,-6,-5
-38.07,10,-6,-5
-38.07,10,-6,-5
-38.07,10,-6,-5
-38.07,10,-6,-5
-38.07,10,-6,-5
-38.07,10,-6,-5
-38.07,10,-6,-5
-39.48,10,-4,-4
-39.48,10,-4,-4
-39.48,10,-4,-4
-39.48,10,-4,-4
-40.89,11,-2,-5
-39.48,10,-4,-4
-39.48,10,-4,-4
-39.48,10,-4,-4
-39.48,10,-4,-4
-39.48,10,-4,-4
-35.955,9,-9,-3
-38.775,10,-5,-4
-37.365,9,-7,-3
-35.955,9,-9,-3
-37.365,9,-7,-3
-38.775,10,-5,-4
-35.955,9,-9,-3
-35.955,9,-9,-3
-35.955,9,-9,-3
-37.365,9,-7,-3
-40.89,11,-2,-4
-40.89,11,-2,-4
-40.89,11,-2,-4
-40.89,11,-2,-4
-40.89,11,-2,-4
-40.89,11,-2,-4
-40.89,11,-2,-4
-40.89,11,-2,-4
-40.89,11,-2,-4
-40.89,11,-2,-4
-38.775,11,-5,-4
-38.775,11,-5,-4
-38.775,11,-5,-4
-38.775,11,-5,-4
-38.775,11,-5,-4
-38.775,11,-5,-4
-38.775,11,-5,-4
-38.775,11,-5,-4
-38.775,11,-5,-4
-38.775,11,-5,-4
-39.48,11,-4,-5
-39.48,11,-4,-5
-39.48,11,-4,-6
-39.48,11,-4,-5
-39.48,11,-4,-5
-39.48,11,-4,-5
-39.48,11,-4,-5
-39.48,11,-4,-5
-39.48,11,-4,-5
-39.48,11,-4,-5
-35.25,9,-10,-2
-37.365,10,-7,-4
-35.25,9,-10,-2
-35.25,9,-10,-2
-35.25,9,-10,-2
-36.66,10,-8,-3
-35.25,9,-10,-2
-35.25,9,-10,-2
-35.25,9,-10,-2
-35.25,9,-10,-2
-39.48,10,-4,-2
-38.775,10,-5,-3
-39.48,10,-4,-2
-35.955,9,-9,-2
-39.48,10,-4,-2
-38.775,10,-5,-3
-38.775,10,-5,-3
-39.48,10,-4,-2
-35.955,9,-9,-2
-38.775,10,-5,-3
-39.48,10,-4,-3
-39.48,10,-4,-4
-38.775,10,-5,-4
-38.775,10,-5,-4
-39.48,10,-4,-4
-38.775,10,-5,-4
-39.48,10,-4,-3
-39.48,10,-4,-3
-39.48,10,-4,-3
-39.48,10,-4,-4
-40.89,11,-2,-4
-40.89,11,-2,-4
-40.89,11,-2,-4
-40.89,11,-2,-4
-40.89,11,-2,-4
-40.89,11,-2,-4
-40.89,11,-2,-4
-40.89,11,-2,-4
-40.89,11,-2,-4
-40.89,11,-2,-4
-38.07,11,-6,-6
-38.07,9,-6,-4
-38.07,9,-6,-4
-38.07,11,-6,-6
-38.07,11,-6,-6
-38.07,9,-6,-4
-35.25,9,-10,-5
-38.07,9,-6,-4
-38.07,9,-6,-4
-38.07,9,-6,-4
-42.3,10,0,-6
-42.3,10,0,-6
-42.3,10,0,-6
-42.3,10,0,-6
-42.3,10,0,-5
-42.3,10,0,-6
-42.3,10,0,-6
-42.3,10,0,-6
-42.3,10,0,-6
-42.3,10,0,-6
-36.66,9,-8,-3
-32.43,9,-14,-3
-36.66,9,-8,-2
-36.66,9,-8,-3
-35.25,9,-10,-2
-36.66,9,-8,-2
-33.84,8,-12,-2
-36.66,9,-8,-2
-33.84,9,-12,-3
-36.66,9,-8,-3
-33.84,9,-12,-5
-33.84,9,-12,-5
-33.84,9,-12,-5
-33.84,9,-12,-5
-33.84,9,-12,-5
-33.84,9,-12,-5
-33.84,9,-12,-5
-33.84,9,-12,-5
-33.84,9,-12,-5
-33.84,9,-12,-5
-39.48,11,-4,-4
-39.48,11,-4,-4
-39.48,11,-4,-4
-39.48,11,-4,-4
-39.48,11,-4,-4
-39.48,11,-4,-4
-39.48,11,-4,-4
-39.48,11,-4,-4
-39.48,11,-4,-4
-39.48,11,-4,-4
-38.07,10,-6,-6
-38.07,10,-6,-6
-38.07,10,-6,-6
-38.07,10,-6,-6
-38.07,10,-6,-6
-38.07,10,-6,-5
-38.07,10,-6,-6
-38.07,10,-6,-6
-38.07,10,-6,-6
-38.07,10,-6,-6
-39.48,11,-4,-3
-38.775,11,-5,-4
-38.07,10,-6,-5
-40.89,11,-2,-5
-38.07,10,-6,-4
-40.89,11,-2,-5
-38.07,10,-6,-5
-40.89,11,-2,-4
-38.775,11,-5,-4
-40.89,11,-2,-5
-38.07,11,-6,-5
-38.07,11,-6,-5
-38.07,11,-6,-5
-38.07,11,-6,-5
-38.07,11,-6,-5
-38.07,11,-6,-5
-38.07,11,-6,-5
-38.07,11,-6,-5
-38.07,11,-6,-5
-38.07,11,-6,-5
-38.775,10,-5,-3
-38.775,10,-5,-3
-38.775,10,-5,-3
-38.775,10,-5,-3
-38.775,10,-5,-3
-38.775,10,-5,-3
-38.775,10,-5,-3
-38.775,10,-5,-3
-38.775,10,-5,-3
-38.775,10,-5,-3
-35.955,9,-9,-3
-35.955,9,-9,-3
-35.955,9,-9,-3
-38.07,10,-6,-4
-35.955,9,-9,-3
-35.955,9,-9,-3
-38.07,10,-6,-4
-35.955,9,-9,-3
-38.07,10,-6,-4
-35.955,9,-9,-3
-39.48,10,-4,-5
-39.48,10,-4,-5
-39.48,10,-4,-5
-39.48,10,-4,-5
-39.48,10,-4,-5
-39.48,10,-4,-5
-39.48,10,-4,-5
-39.48,10,-4,-5
-39.48,10,-4,-5
-39.48,10,-4,-5
-39.48,11,-4,-5
-39.48,11,-4,-5
-39.48,11,-4,-5
-39.48,11,-4,-5
-39.48,11,-4,-5
-39.48,11,-4,-5
-39.48,11,-4,-5
-39.48,11,-4,-5
-39.48,11,-4,-5
-39.48,11,-4,-5
-38.07,9,-6,-3
-38.07,9,-6,-3
-38.07,9,-6,-3
-38.07,9,-6,-3
-36.66,9,-8,-3
-38.07,9,-6,-3
-38.07,9,-6,-3
-36.66,9,-8,-3
-38.07,9,-6,-3
-38.07,9,-6,-3
-37.365,11,-7,-5
-37.365,11,-7,-5
-37.365,11,-7,-5
-37.365,11,-7,-5
-35.25,11,-8,-5
-37.365,11,-7,-5
-37.365,11,-7,-5
-35.25,11,-8,-5
-37.365,11,-7,-5
-37.365,11,-7,-5
-38.07,10,-6,-7
-38.07,10,-6,-7
-38.07,10,-6,-7
-38.07,10,-6,-7
-38.07,10,-6,-7
-38.07,10,-6,-7
-38.07,10,-6,-7
-38.07,10,-6,-7
-38.07,10,-6,-7
-38.07,10,-6,-7
-33.135,9,-13,-3
-37.365,10,-7,-2
-37.365,10,-7,-2
-33.135,9,-13,-3
-37.365,10,-7,-2
-33.135,9,-13,-3
-33.135,9,-13,-3
-37.365,10,-7,-2
-33.135,9,-13,-3
-33.135,9,-13,-3
-34.545,9,-11,-4
-34.545,9,-11,-4
-34.545,9,-11,-4
-34.545,9,-11,-4
-34.545,9,-11,-4
-34.545,9,-11,-4
-34.545,9,-11,-4
-34.545,9,-11,-4
-34.545,9,-11,-4
-34.545,9,-11,-4
-40.89,11,-2,-4
-40.89,11,-2,-4
-40.89,11,-2,-4
-36.66,11,-8,-4
-40.89,11,-2,-4
-40.89,11,-2,-4
-40.89,11,-2,-4
-40.89,11,-2,-4
-40.89,11,-2,-4
-40.89,11,-2,-4
-36.66,9,-8,-3
-36.66,9,-8,-3
-36.66,9,-8,-3
-36.66,9,-8,-3
-36.66,9,-8,-3
-36.66,9,-8,-3
-36.66,9,-8,-3
-36.66,9,-8,-3
-36.66,9,-8,-3
-36.66,9,-8,-3
-38.775,10,-5,-3
-38.775,10,-5,-3
-38.775,10,-5,-3
-38.775,10,-5,-3
-38.775,10,-5,-3
-38.775,10,-5,-3
-38.775,10,-5,-3
-38.775,10,-5,-3
-38.775,10,-5,-3
-38.775,10,-5,-3
-38.07,9,-6,-4
-38.07,9,-6,-4
-38.07,9,-6,-4
-38.07,9,-6,-4
-38.07,9,-6,-4
-38.07,9,-6,-4
-38.07,9,-6,-4
-38.07,9,-6,-4
-38.07,9,-6,-4
-38.07,9,-6,-4
-38.775,11,-5,-6
-38.775,11,-5,-6
-38.775,11,-5,-6
-38.775,11,-5,-5
-38.775,11,-5,-6
-38.775,11,-5,-6
-38.775,11,-5,-5
-38.775,11,-5,-6
-38.775,11,-5,-5
-38.775,11,-5,-6
-41.595,10,-1,-4
-40.89,10,-2,-5
-40.89,11,-2,-4
-40.89,10,-2,-6
-40.89,10,-2,-5
-41.595,10,-1,-4
-42.3,11,0,-4
-40.89,11,-2,-4
-40.89,10,-2,-5
-41.595,10,-1,-4
