-48.87,10,-6,-1
-49.775,11,-5,-1
-48.87,10,-6,-1
-49.775,11,-5,-1
-48.87,10,-6,-1
-48.87,10,-6,-1
-48.87,10,-6,-1
-50.68,11,-4,-4
-49.775,11,-5,0
-48.87,10,-6,-2
-53.395,12,-1,-2
-51.585,12,-3,-2
-53.395,12,-1,-2
-52.49,12,-2,-2
-53.395,12,-1,-2
-52.49,12,-2,-2
-52.49,12,-2,-3
-53.395,12,-1,-2
-53.395,12,-1,-3
-52.49,12,-2,-2
-50.68,11,-4,-1
-51.585,12,-3,-1
-50.68,11,-4,-1
-50.68,12,-4,0
-50.68,12,-4,-1
-51.585,11,-3,-3
-49.775,11,-5,0
-50.68,11,-4,-1
-52.49,12,-2,-1
-50.68,12,-4,-1
-53.395,11,-1,-2
-53.395,11,-1,-2
-53.395,11,-1,-2
-48.87,10,-6,0
-53.395,11,-1,0
-53.395,11,-1,-2
-53.395,11,-1,-1
-48.87,10,-6,0
-48.87,10,-6,0
-48.87,10,-6,0
-53.395,11,-1,0
-51.585,11,-3,0
-52.49,11,-2,-3
-52.49,11,-2,-1
-49.775,11,-5,-2
-52.49,11,-2,-3
-52.49,11,-2,0
-52.49,11,-2,-3
-53.395,11,-1,0
-51.585,11,-3,0
-48.87,10,-6,-1
-54.3,11,0,0
-53.395,11,-1,0
-53.395,11,-1,-1
-52.49,11,-2,-1
-54.3,11,0,0
-53.395,11,-1,0
-54.3,11,0,0
-54.3,11,0,0
-54.3,11,0,0
-52.49,11,-2,0
-52.49,11,-2,-1
-52.49,11,-2,0
-52.49,12,-2,-3
-52.49,11,-2,-2
-52.49,11,-2,-1
-52.49,12,-2,-3
-52.49,11,-2,-1
-53.395,12,-1,-2
-52.49,11,-2,-2
-49.775,10,-5,0
-51.585,11,-3,-1
-47.965,11,-7,0
-49.775,10,-5,0
-49.775,10,-5,0
-47.06,10,-8,0
-49.775,10,-5,0
-51.585,11,-3,-1
-49.775,10,-5,0
-51.585,11,-3,-1
-52.49,12,-2,-1
-52.49,12,-2,-1
-54.3,12,0,-2
-50.68,12,-4,-1
-53.395,11,-1,0
-52.49,12,-2,-1
-50.68,12,-4,-1
-54.3,12,0,-3
-51.585,12,-3,-3
-52.49,12,-2,-1
-43.44,8,-12,-2
-44.345,9,-11,0
-43.44,9,-12,-2
-44.345,9,-11,0
-44.345,9,-11,0
-45.25,11,-10,-2
-46.155,11,-9,-2
-46.155,11,-9,-2
-43.44,9,-12,-1
-48.87,10,-6,-1
-54.3,11,0,-3
-48.87,11,-6,-1
-54.3,11,0,-1
-50.68,12,-4,-1
-54.3,11,0,-3
-49.775,11,-5,-1
-52.49,11,-2,-3
-52.49,11,-2,-3
-52.49,11,-2,-3
-51.585,11,-3,-1
-52.49,11,-2,-3
-52.49,11,-2,-3
-52.49,11,-2,-3
-52.49,11,-2,-3
-52.49,11,-2,-3
-52.49,12,-2,-3
-52.49,11,-2,-3
-52.49,11,-2,-3
-52.49,11,-2,-3
-52.49,11,-2,-2
-51.585,11,-3,-2
-54.3,12,0,-1
-51.585,11,-3,-1
-54.3,12,0,-1
-51.585,11,-3,-2
-51.585,11,-3,-1
-51.585,11,-3,-2
-51.585,11,-3,-2
-54.3,12,0,-2
-54.3,11,0,-2
-51.585,11,-3,-2
-50.68,11,-4,-1
-53.395,11,-1,-2
-50.68,11,-4,-1
-51.585,11,-3,-2
-53.395,11,-1,-1
-53.395,11,-1,-1
-52.49,12,-2,-2
-53.395,11,-1,-1
-51.585,11,-3,0
-50.68,11,-4,-2
-49.775,11,-5,-2
-50.68,11,-4,-2
-49.775,11,-5,-2
-49.775,11,-5,-2
-50.68,11,-4,-4
-49.775,11,-5,-2
-49.775,11,-5,-2
-49.775,11,-5,-2
-49.775,11,-5,-2
-53.395,11,-1,-1
-54.3,11,0,-1
-52.49,12,-2,-2
-54.3,11,0,-1
-53.395,11,-1,-1
-52.49,11,-2,0
-53.395,11,-1,0
-53.395,11,-1,-1
-54.3,11,0,-1
-53.395,11,-1,-1
-50.68,11,-4,0
-50.68,11,-4,0
-51.585,11,-3,-1
-51.585,11,-3,-2
-52.49,11,-2,0
-50.68,11,-4,-1
-52.49,11,-2,0
-50.68,11,-4,-1
-52.49,11,-2,-1
-51.585,11,-3,-2
-50.68,11,-4,0
-50.68,11,-4,0
-50.68,11,-4,0
-50.68,11,-4,0
-50.68,11,-4,0
-50.68,11,-4,0
-50.68,11,-4,0
-50.68,11,-4,0
-50.68,11,-4,0
-50.68,11,-4,0
-50.68,11,-4,-3
-50.68,11,-4,-3
-50.68,11,-4,-3
-50.68,11,-4,-3
-50.68,11,-4,-3
-51.585,12,-3,-4
-51.585,12,-3,-4
-50.68,11,-4,-3
-50.68,11,-4,-3
-50.68,11,-4,-3
-54.3,11,0,0
-54.3,11,0,0
-54.3,11,0,0
-54.3,11,0,0
-54.3,11,0,0
-54.3,11,0,0
-54.3,12,0,-2
-54.3,11,0,0
-53.395,11,-1,-1
-54.3,11,0,0
-54.3,12,0,-2
-51.585,11,-3,-3
-51.585,11,-3,-3
-52.49,11,-2,-1
-54.3,11,0,-3
-52.49,12,-2,-2
-51.585,11,-3,-3
-51.585,11,-3,-3
-51.585,12,-3,-2
-53.395,12,-1,-3
-53.395,11,-1,-2
-52.49,11,-2,-1
-54.3,11,0,0
-53.395,11,-1,-2
-53.395,11,-1,-2
-53.395,11,-1,-2
-52.49,11,-2,-1
-53.395,11,-1,-2
-53.395,11,-1,-2
-53.395,11,-1,-2
-54.3,11,0,-2
-54.3,11,0,-2
-53.395,11,-1,-1
-54.3,11,0,-2
-54.3,11,0,-2
-54.3,11,0,-2
-54.3,11,0,-2
-54.3,11,0,-2
-52.49,11,-2,0
-54.3,11,0,-2
-52.49,13,-2,-3
-52.49,12,-2,-1
-51.585,12,-3,-4
-51.585,12,-3,-3
-47.06,11,-8,-2
-51.585,13,-3,-5
-51.585,12,-3,-3
-53.395,12,-1,-3
-49.775,12,-5,-1
-53.395,12,-1,-3
-53.395,11,-1,-1
-53.395,11,-1,-1
-51.585,12,-3,-1
-54.3,11,0,0
-53.395,11,-1,0
-54.3,11,0,0
-53.395,11,-1,0
-51.585,12,-3,-1
-54.3,11,0,-1
-53.395,11,-1,-1
-50.68,11,-4,-2
-52.49,11,-2,-2
-53.395,11,-1,-2
-48.87,10,-6,0
-52.49,11,-2,-2
-52.49,11,-2,-2
-48.87,10,-6,-1
-53.395,11,-1,-1
-52.49,11,-2,-2
-52.49,11,-2,-2
-53.395,11,-1,0
-53.395,11,-1,-1
-53.395,11,-1,-1
-54.3,11,0,-2
-53.395,11,-1,-1
-53.395,11,-1,-1
-53.395,11,-1,-1
-53.395,11,-1,-1
-53.395,11,-1,-1
-54.3,11,0,-2
-49.775,10,-5,-1
-53.395,11,-1,0
-53.395,12,-1,-2
-53.395,11,-1,-1
-53.395,11,-1,-1
-53.395,11,-1,-1
-53.395,11,-1,-1
-53.395,11,-1,0
-53.395,11,-1,0
-53.395,11,-1,-1
-51.585,12,-3,-3
-52.49,12,-2,-2
-53.395,11,-1,-2
-52.49,12,-2,-2
-52.49,12,-2,-3
-53.395,11,-1,-1
-53.395,11,-1,-1
-51.585,11,-3,-2
-52.49,12,-2,-2
-54.3,11,0,0
-53.395,11,-1,-1
-54.3,11,0,-1
-54.3,11,0,-1
-54.3,11,0,0
-53.395,12,-1,-1
-54.3,11,0,-1
-53.395,11,-1,-1
-53.395,11,-1,-2
-54.3,11,0,-1
-54.3,11,0,-2
-53.395,11,-1,-1
-51.585,12,-3,-1
-53.395,11,-1,-1
-51.585,11,-3,-2
-50.68,12,-4,-2
-50.68,12,-4,-3
-50.68,12,-4,-2
-49.775,11,-5,-2
-51.585,11,-3,-2
-51.585,12,-3,-1
-52.49,12,-2,-2
-52.49,11,-2,0
-52.49,11,-2,0
-52.49,11,-2,0
-51.585,12,-3,-1
-51.585,12,-3,-1
-51.585,12,-3,-1
-53.395,12,-1,-3
-52.49,11,-2,0
-50.68,11,-4,0
-53.395,11,-1,-1
-53.395,11,-1,-1
-53.395,11,-1,-1
-50.68,10,-4,0
-53.395,11,-1,-1
-53.395,11,-1,-1
-53.395,11,-1,0
-53.395,11,-1,-1
-53.395,11,-1,0
-51.585,11,-3,0
-49.775,11,-5,-1
-54.3,12,0,-3
-48.87,10,-6,-1
-49.775,11,-5,-1
-49.775,11,-5,-1
-49.775,11,-5,-1
-49.775,11,-5,-1
-49.775,12,-5,-1
-49.775,11,-5,-1
-49.775,11,-5,-1
-53.395,11,-1,-1
-51.585,11,-3,-1
-51.585,11,-3,0
-51.585,11,-3,-1
-53.395,11,-1,0
-51.585,11,-3,0
-51.585,11,-3,-2
-51.585,11,-3,0
-53.395,11,-1,0
-51.585,11,-3,-1
-52.49,11,-2,-1
-52.49,11,-2,-1
-52.49,11,-2,-2
-52.49,12,-2,-3
-52.49,11,-2,-1
-52.49,11,-2,0
-52.49,11,-2,-1
-52.49,11,-2,-1
-53.395,11,-1,-2
-53.395,11,-1,-2
-53.395,11,-1,0
-54.3,11,0,0
-54.3,11,0,0
-54.3,11,0,0
-53.395,11,-1,0
-54.3,11,0,0
-54.3,11,0,0
-54.3,11,0,0
-53.395,11,-1,0
-53.395,11,-1,0
-53.395,11,-1,-3
-53.395,11,-1,-3
-49.775,12,-5,-2
-50.68,10,-4,-2
-52.49,11,-2,-3
-53.395,11,-1,-3
-52.49,11,-2,-1
-51.585,11,-3,-2
-51.585,11,-3,-2
-51.585,11,-3,-2
-53.395,12,-1,-2
-54.3,12,0,-2
-53.395,12,-1,-2
-51.585,12,-3,-3
-53.395,12,-1,-2
-52.49,12,-2,-1
-50.68,11,-4,0
-54.3,11,0,-3
-50.68,12,-4,-2
-54.3,11,0,-3
-54.3,11,0,-1
-54.3,11,0,-1
-54.3,11,0,-1
-54.3,11,0,-1
-54.3,11,0,-1
-54.3,11,0,-1
-54.3,11,0,-1
-54.3,11,0,-1
-54.3,11,0,-1
-54.3,11,0,-1
-53.395,12,-1,-2
-54.3,12,0,-2
-54.3,12,0,-2
-54.3,12,0,-2
-53.395,12,-1,-3
-52.49,12,-2,-3
-53.395,12,-1,-2
-53.395,12,-1,-2
-54.3,12,0,-2
-54.3,12,0,-2
-51.585,11,-3,-1
-52.49,11,-2,0
-51.585,11,-3,0
-52.49,11,-2,0
-53.395,11,-1,-1
-53.395,11,-1,0
-50.68,11,-4,-1
-52.49,11,-2,0
-52.49,11,-2,0
-52.49,11,-2,0
-52.49,11,-2,-2
-52.49,11,-2,-2
-52.49,11,-2,-2
-52.49,11,-2,0
-52.49,11,-2,-1
-52.49,11,-2,-1
-52.49,11,-2,-4
-52.49,11,-2,0
-52.49,11,-2,-1
-52.49,11,-2,-1
-53.395,12,-1,-3
-53.395,12,-1,-2
-53.395,12,-1,-3
-54.3,12,0,-2
-53.395,12,-1,-3
-54.3,12,0,-2
-53.395,12,-1,-3
-53.395,12,-1,-3
-54.3,12,0,-2
-54.3,12,0,-2
-52.49,11,-2,-1
-53.395,11,-1,-2
-52.49,11,-2,0
-52.49,11,-2,-1
-53.395,11,-1,-1
-53.395,11,-1,-2
-53.395,11,-1,-2
-52.49,11,-2,-1
-52.49,11,-2,-1
-53.395,11,-1,-1
-53.395,11,-1,-1
-49.775,11,-5,-2
-53.395,11,-1,-2
-53.395,11,-1,-1
-53.395,11,-1,-1
-47.965,10,-7,-2
-52.49,11,-2,-3
-53.395,11,-1,-2
-53.395,11,-1,-1
-52.49,11,-2,-3
-52.49,11,-2,-2
-52.49,11,-2,-4
-52.49,11,-2,-1
-52.49,11,-2,-2
-52.49,11,-2,-2
-51.585,11,-3,-2
-52.49,11,-2,-2
-52.49,11,-2,-2
-52.49,11,-2,-2
-53.395,11,-1,0
-54.3,11,0,-2
-53.395,11,-1,0
-54.3,11,0,-2
-53.395,11,-1,-1
-53.395,11,-1,-1
-54.3,11,0,-2
-53.395,11,-1,-1
-53.395,12,-1,-3
-52.49,12,-2,-2
-54.3,11,0,-2
-54.3,11,0,-2
-54.3,12,0,-3
-54.3,11,0,-2
-54.3,11,0,-2
-54.3,11,0,-1
-54.3,11,0,-2
-54.3,11,0,-2
-53.395,11,-1,-2
-54.3,11,0,-2
-54.3,11,0,-2
-53.395,11,-1,-2
-53.395,11,-1,-1
-53.395,11,-1,-2
-53.395,11,-1,-2
-53.395,11,-1,-2
-52.49,11,-2,-1
-51.585,12,-3,-1
-52.49,11,-2,-1
-51.585,12,-3,-1
-51.585,12,-3,-1
-53.395,12,-1,-1
-53.395,12,-1,-1
-53.395,12,-1,-1
-52.49,11,-2,-1
-53.395,12,-1,-1
-52.49,11,-2,-2
-53.395,12,-1,-1
-53.395,12,-1,-1
-53.395,12,-1,-1
-52.49,11,-2,-2
-52.49,12,-2,-4
-52.49,12,-2,-2
-53.395,11,-1,-3
-52.49,12,-2,-4
-52.49,12,-2,-2
-52.49,12,-2,-2
-53.395,12,-1,-3
-52.49,12,-2,-4
-54.3,11,0,0
-52.49,12,-2,-2
-51.585,11,-3,-1
-51.585,11,-3,-1
-47.965,10,-7,0
-52.49,12,-2,-4
-51.585,11,-3,-1
-51.585,11,-3,-1
-51.585,11,-3,-1
-54.3,12,0,-3
-49.775,11,-5,-2
-48.87,11,-6,-1
-53.395,11,-1,-1
-52.49,11,-2,-2
-53.395,12,-1,-3
-52.49,12,-2,-2
-52.49,11,-2,-2
-53.395,11,-1,-1
-52.49,11,-2,-2
-53.395,11,-1,-1
-52.49,12,-2,-2
-53.395,11,-1,-1
-54.3,11,0,0
-53.395,11,-1,-1
-54.3,11,0,0
-49.775,10,-5,0
-53.395,12,-1,-2
-53.395,12,-1,-3
-54.3,11,0,0
-54.3,11,0,0
-51.585,11,-3,-1
-54.3,11,0,0
-53.395,11,-1,-1
-52.49,11,-2,-2
-53.395,11,-1,-1
-53.395,11,-1,-1
-53.395,11,-1,-1
-52.49,11,-2,-2
-53.395,11,-1,-1
-53.395,11,-1,-1
-52.49,11,-2,-1
-53.395,11,-1,-1
-52.49,12,-2,-2
-52.49,11,-2,0
-54.3,11,0,0
-52.49,11,-2,0
-51.585,11,-3,0
-53.395,11,-1,-1
-52.49,11,-2,0
-53.395,11,-1,-1
-51.585,11,-3,0
-52.49,11,-2,0
-51.585,11,-3,-2
-50.68,11,-4,-1
-51.585,11,-3,-2
-51.585,11,-3,-1
-51.585,11,-3,-2
-50.68,11,-4,-2
-50.68,11,-4,-1
-51.585,11,-3,-2
-51.585,11,-3,-2
-51.585,11,-3,-2
-54.3,11,0,-3
-51.585,11,-3,-1
-51.585,11,-3,-2
-49.775,11,-5,0
-51.585,11,-3,-1
-49.775,11,-5,0
-51.585,11,-3,-2
-51.585,11,-3,-2
-51.585,11,-3,-1
-49.775,11,-5,0
-52.49,12,-2,-2
-52.49,12,-2,-1
-52.49,12,-2,-2
-52.49,12,-2,-2
-52.49,12,-2,-1
-50.68,12,-4,0
-52.49,12,-2,-3
-49.775,11,-5,0
-52.49,12,-2,-2
-52.49,12,-2,-3
-54.3,11,0,-1
-54.3,11,0,-1
-54.3,11,0,-1
-54.3,11,0,-1
-53.395,11,-1,-1
-54.3,11,0,-1
-54.3,11,0,-1
-54.3,11,0,-1
-54.3,11,0,-1
-54.3,11,0,-1
-54.3,11,0,-1
-54.3,11,0,-1
-54.3,11,0,-1
-54.3,11,0,-1
-54.3,11,0,-1
-54.3,11,0,-1
-54.3,11,0,-1
-53.395,11,-1,-2
-54.3,11,0,-1
-54.3,11,0,-1
-50.68,11,-4,-1
-53.395,11,-1,-1
-53.395,11,-1,0
-53.395,11,-1,-1
-53.395,11,-1,-1
-53.395,11,-1,0
-53.395,11,-1,0
-52.49,11,-2,-1
-53.395,11,-1,-1
-50.68,11,-4,-1
-52.49,11,-2,-2
-52.49,11,-2,-2
-52.49,11,-2,-2
-52.49,11,-2,-2
-52.49,11,-2,-2
-52.49,11,-2,-2
-52.49,11,-2,-2
-52.49,11,-2,-2
-52.49,11,-2,-2
-52.49,11,-2,-2
-52.49,12,-2,0
-52.49,12,-2,0
-52.49,11,-2,-1
-52.49,12,-2,0
-52.49,12,-2,-2
-50.68,11,-4,0
-52.49,11,-2,-1
-54.3,12,0,-2
-52.49,11,-2,-1
-52.49,12,-2,-1
-52.49,12,-2,-1
-53.395,11,-1,0
-52.49,12,-2,-1
-52.49,12,-2,-1
-52.49,12,-2,-1
-52.49,12,-2,-1
-52.49,12,-2,-1
-52.49,12,-2,-1
-53.395,12,-1,-3
-52.49,12,-2,-1
-53.395,12,-1,-1
-53.395,11,-1,-1
-53.395,11,-1,-2
-54.3,11,0,-1
-53.395,12,-1,0
-53.395,11,-1,-2
-53.395,11,-1,-2
-53.395,11,-1,-2
-53.395,11,-1,-2
-53.395,11,-1,-2
-54.3,11,0,-1
-54.3,11,0,-1
-53.395,11,-1,-1
-54.3,11,0,-1
-54.3,11,0,-1
-54.3,11,0,-1
-54.3,11,0,-1
-54.3,11,0,-1
-54.3,11,0,-1
-54.3,11,0,-1
-51.585,11,-3,-2
-51.585,11,-3,-2
-51.585,11,-3,-1
-51.585,11,-3,-1
-51.585,11,-3,-2
-50.68,11,-4,-1
-51.585,11,-3,-1
-51.585,11,-3,-1
-51.585,11,-3,-2
-50.68,11,-4,-1
-48.87,10,-6,0
-53.395,11,-1,0
-48.87,10,-6,0
-52.49,11,-2,-2
-53.395,11,-1,-1
-48.87,10,-6,0
-48.87,10,-6,0
-53.395,11,-1,0
-53.395,11,-1,0
-48.87,10,-6,0
-50.68,12,-4,-2
-49.775,11,-5,-2
-51.585,11,-3,-1
-52.49,11,-2,-2
-52.49,11,-2,-3
-50.68,12,-4,-3
-49.775,11,-5,-2
-51.585,11,-3,-1
-51.585,11,-3,-1
-51.585,11,-3,-2
-52.49,11,-2,-2
-52.49,11,-2,-2
-49.775,11,-5,-3
-52.49,11,-2,-2
-52.49,11,-2,-2
-49.775,11,-5,-3
-52.49,11,-2,-2
-52.49,11,-2,-2
-52.49,11,-2,-2
-52.49,11,-2,-1
-52.49,11,-2,0
-51.585,12,-3,-1
-53.395,12,-1,-2
-52.49,11,-2,0
-51.585,12,-3,-1
-52.49,12,-2,-3
-52.49,12,-2,-2
-53.395,11,-1,0
-52.49,11,-2,0
-51.585,12,-3,-1
-53.395,12,-1,-1
-53.395,11,-1,-2
-53.395,11,-1,-2
-53.395,11,-1,-2
-53.395,11,-1,-2
-53.395,11,-1,-2
-53.395,11,-1,-2
-53.395,11,-1,-2
-53.395,11,-1,-2
-53.395,11,-1,-2
-49.775,10,-5,-2
-49.775,10,-5,-2
-49.775,10,-5,0
-51.585,10,-3,-2
-51.585,10,-3,-1
-51.585,10,-3,-2
-49.775,10,-5,-2
-51.585,10,-3,-2
-48.87,10,-6,0
-51.585,10,-3,-2
-51.585,11,-3,-1
-52.49,11,-2,0
-51.585,11,-3,-1
-50.68,11,-4,-1
-52.49,11,-2,-1
-50.68,11,-4,-2
-52.49,11,-2,-1
-52.49,12,-2,-2
-52.49,11,-2,-1
-51.585,11,-3,-1
-49.775,10,-5,-2
-54.3,11,0,-1
-53.395,12,-1,-2
-49.775,10,-5,-2
-54.3,11,0,-1
-51.585,12,-3,-3
-51.585,12,-3,-3
-51.585,12,-3,-3
-54.3,11,0,-3
-54.3,11,0,-3
-51.585,12,-3,-1
-53.395,11,-1,-2
-52.49,11,-2,-1
-53.395,11,-1,-2
-54.3,11,0,-1
-53.395,11,-1,-2
-52.49,11,-2,-1
-50.68,12,-4,-1
-53.395,11,-1,-2
-52.49,11,-2,-1
-49.775,10,-5,-1
-53.395,12,-1,-2
-52.49,12,-2,-1
-49.775,10,-5,-1
-52.49,12,-2,-1
-47.06,10,-8,-2
-49.775,10,-5,-1
-47.965,10,-7,0
-49.775,10,-5,-1
-47.965,10,-7,0
-53.395,11,-1,-1
-52.49,11,-2,0
-51.585,11,-3,0
-51.585,11,-3,0
-52.49,11,-2,0
-51.585,11,-3,0
-52.49,11,-2,-1
-52.49,11,-2,0
-52.49,11,-2,0
-52.49,11,-2,0
-48.87,10,-6,-1
-48.87,10,-6,-1
-48.87,10,-6,-1
-52.49,11,-2,-2
-53.395,11,-1,-1
-48.87,10,-6,-1
-52.49,11,-2,-2
-48.87,10,-6,-1
-48.87,10,-6,-1
-48.87,10,-6,-1
-53.395,12,-1,-1
-54.3,11,0,0
-54.3,11,0,0
-53.395,11,-1,-1
-53.395,11,-1,0
-54.3,11,0,0
-53.395,12,-1,-2
-53.395,11,-1,0
-54.3,11,0,0
-54.3,11,0,0
-53.395,11,-1,-1
-53.395,11,-1,-1
-53.395,11,-1,-2
-53.395,11,-1,-2
-53.395,11,-1,-2
-53.395,11,-1,-1
-53.395,11,-1,-2
-53.395,11,-1,-1
-53.395,11,-1,-1
-53.395,11,-1,-2
-53.395,11,-1,-2
-54.3,11,0,-2
-53.395,11,-1,-2
-53.395,11,-1,-2
-54.3,11,0,-2
-53.395,11,-1,-2
-53.395,11,-1,-2
-53.395,11,-1,-2
-53.395,11,-1,-2
-54.3,11,0,-2
-48.87,11,-6,-3
-51.585,12,-3,-4
-51.585,12,-3,-4
-48.87,11,-6,-2
-48.87,11,-6,-3
-48.87,11,-6,-2
-48.87,11,-6,-2
-51.585,12,-3,-3
-51.585,12,-3,-4
-48.87,11,-6,-3
-52.49,11,-2,0
-53.395,11,-1,-1
-53.395,11,-1,-1
-53.395,11,-1,-1
-53.395,11,-1,-1
-53.395,11,-1,-1
-52.49,11,-2,0
-52.49,11,-2,0
-53.395,11,-1,-1
-52.49,11,-2,0
-51.585,11,-3,-2
-52.49,11,-2,-3
-51.585,12,-3,-1
-49.775,11,-5,-2
-52.49,11,-2,-2
-50.68,10,-4,-2
-52.49,11,-2,-2
-52.49,11,-2,-2
-49.775,11,-5,-2
-49.775,11,-5,-1
-54.3,12,0,-1
-54.3,12,0,-2
-53.395,12,-1,-1
-54.3,12,0,-1
-54.3,12,0,-1
-54.3,12,0,-1
-54.3,12,0,-1
-54.3,12,0,-1
-53.395,11,-1,0
-54.3,12,0,-1
-50.68,11,-4,-3
-52.49,11,-2,-2
-50.68,12,-4,-3
-49.775,12,-5,-1
-52.49,11,-2,-2
-52.49,11,-2,-2
-50.68,12,-4,-2
-50.68,12,-4,-2
-52.49,11,-2,-2
-52.49,11,-2,-2
-53.395,11,-1,-1
-54.3,11,0,-1
-53.395,11,-1,-1
-53.395,12,-1,-1
-54.3,12,0,-1
-53.395,11,-1,0
-53.395,12,-1,-2
-53.395,11,-1,-1
-54.3,12,0,-1
-53.395,12,-1,-2
-49.775,10,-5,-1
-49.775,10,-5,-1
-53.395,12,-1,-2
-54.3,12,0,-2
-53.395,12,-1,-2
-53.395,12,-1,-2
-49.775,10,-5,-1
-49.775,10,-5,-1
-49.775,10,-5,-1
-54.3,12,0,-2
-54.3,11,0,-1
-53.395,12,-1,-1
-53.395,12,-1,-1
-54.3,11,0,-1
-53.395,12,-1,-1
-53.395,11,-1,-1
-53.395,12,-1,-1
-53.395,12,-1,-2
-53.395,12,-1,-1
-54.3,11,0,-1
-51.585,11,-3,-1
-51.585,11,-3,-1
-53.395,11,-1,0
-52.49,11,-2,-1
-52.49,11,-2,-1
-52.49,11,-2,0
-51.585,11,-3,-1
-51.585,11,-3,-1
-51.585,11,-3,-1
-52.49,11,-2,-1
-54.3,12,0,-2
-51.585,12,-3,-3
-49.775,11,-5,-1
-48.87,10,-6,-1
-54.3,12,0,-1
-54.3,12,0,-4
-48.87,10,-6,-1
-49.775,11,-5,-1
-50.68,11,-4,-1
-50.68,11,-4,-1
-52.49,11,-2,0
-53.395,11,-1,-1
-53.395,11,-1,-1
-52.49,11,-2,0
-52.49,11,-2,0
-51.585,12,-3,-3
-52.49,11,-2,-1
-53.395,11,-1,-1
-51.585,11,-3,-1
-52.49,11,-2,0
-53.395,11,-1,-1
-53.395,11,-1,-1
-53.395,11,-1,-1
-53.395,11,-1,-1
-52.49,11,-2,-1
-51.585,11,-3,-2
-53.395,11,-1,-1
-52.49,12,-2,-3
-53.395,11,-1,-1
-54.3,11,0,-1
-53.395,11,-1,-2
-52.49,11,-2,-1
-53.395,11,-1,-2
-52.49,12,-2,-3
-52.49,12,-2,-3
-53.395,11,-1,-2
-53.395,11,-1,-2
-53.395,11,-1,-2
-51.585,12,-3,-4
-52.49,12,-2,-2
-52.49,12,-2,-3
-51.585,12,-3,-1
-51.585,12,-3,-1
-52.49,12,-2,-2
-52.49,12,-2,-2
-51.585,12,-3,-1
-52.49,12,-2,-2
-51.585,12,-3,-2
-52.49,12,-2,-2
-50.68,12,-4,-2
-51.585,11,-3,-1
-51.585,11,-3,-1
-51.585,11,-3,-1
-51.585,11,-3,-1
-51.585,11,-3,-2
-51.585,11,-3,-2
-51.585,11,-3,-1
-51.585,11,-3,-1
-51.585,11,-3,-2
-51.585,11,-3,-1
-51.585,12,-3,-2
-52.49,11,-2,-1
-51.585,11,-3,-3
-51.585,11,-3,-3
-51.585,11,-3,-2
-51.585,12,-3,-2
-51.585,12,-3,-2
-52.49,11,-2,-3
-51.585,12,-3,-2
-51.585,11,-3,-2
