-101.4,10,0,-8
-101.4,10,0,-4
-101.4,10,0,-7
-98.02,10,-2,-4
-101.4,10,0,-8
-101.4,10,0,-7
-101.4,10,0,-8
-101.4,10,0,-8
-101.4,10,0,-8
-101.4,10,0,-9
-84.5,10,-10,-6
-84.5,9,-10,-5
-91.26,9,-6,-8
-91.26,9,-6,-8
-91.26,10,-6,-5
-91.26,9,-6,-8
-87.88,9,-8,-5
-86.19,9,-9,-5
-92.95,10,-5,-5
-91.26,9,-6,-5
-101.4,10,0,-8
-96.33,11,-3,-7
-101.4,10,0,-8
-96.33,11,-3,-7
-94.64,10,-4,-6
-101.4,10,0,-8
-101.4,10,0,-8
-101.4,10,0,-8
-101.4,10,0,-8
-101.4,10,0,-8
-101.4,10,0,-9
-98.02,10,-2,-6
-96.33,10,-3,-5
-92.95,10,-5,-6
-101.4,10,0,-9
-101.4,10,0,-9
-101.4,10,0,-9
-101.4,10,0,-9
-101.4,10,0,-9
-92.95,10,-5,-6
-96.33,10,-3,-5
-98.02,10,-2,-6
-94.64,10,-4,-6
-98.02,10,-2,-6
-98.02,10,-2,-6
-94.64,10,-4,-5
-94.64,10,-4,-6
-94.64,11,-4,-5
-94.64,10,-4,-6
-98.02,10,-2,-5
-98.02,10,-2,-6
-98.02,10,-2,-5
-98.02,10,-2,-5
-101.4,10,0,-8
-98.02,10,-2,-7
-98.02,11,-2,-7
-98.02,10,-2,-6
-98.02,10,-2,-7
-98.02,11,-2,-7
-98.02,11,-2,-7
-98.02,10,-2,-5
-98.02,10,-2,-5
-99.71,10,-1,-6
-98.02,10,-2,-6
-94.64,10,-4,-7
-94.64,10,-4,-7
-98.02,10,-2,-6
-94.64,10,-4,-7
-98.02,10,-2,-5
-98.02,10,-2,-5
-92.95,14,-5,-11
-92.95,14,-5,-11
-86.19,12,-9,-8
-89.57,12,-7,-8
-87.88,11,-8,-7
-92.95,14,-5,-11
-86.19,11,-9,-7
-87.88,11,-8,-7
-87.88,11,-8,-7
-87.88,11,-8,-6
-101.4,10,0,-4
-101.4,10,0,-9
-101.4,10,0,-8
-101.4,10,0,-9
-101.4,10,0,-9
-101.4,10,0,-9
-101.4,10,0,-9
-101.4,10,0,-8
-101.4,10,0,-8
-101.4,10,0,-9
-101.4,10,0,-9
-96.33,10,-3,-6
-94.64,10,-4,-8
-98.02,10,-2,-7
-98.02,10,-2,-7
-94.64,10,-4,-8
-91.26,10,-6,-6
-98.02,10,-2,-7
-98.02,10,-2,-7
-98.02,10,-2,-7
-94.01,10,-1,-6
-94.64,11,-4,-6
-98.02,10,-2,-7
-96.33,11,-3,-7
-96.33,11,-3,-8
-96.33,11,-3,-7
-94.01,10,-1,-6
-94.01,10,-1,-6
-94.01,10,-1,-6
-94.01,10,-1,-6
-94.64,10,-4,-7
-94.64,10,-4,-7
-94.64,10,-4,-6
-94.64,10,-4,-7
-94.64,10,-4,-6
-101.4,10,0,-9
-98.02,10,-2,-6
-94.64,10,-4,-7
-94.64,10,-4,-7
-94.64,10,-4,-7
-90.63,10,-3,-6
-86.19,10,-9,-5
-96.33,11,-3,-6
-87.88,10,-8,-5
-84.5,9,-10,-6
-84.5,9,-10,-6
-84.5,9,-10,-6
-84.5,9,-10,-6
-84.5,9,-10,-6
-86.19,10,-9,-4
-96.33,11,-3,-7
-96.33,11,-3,-8
-101.4,11,0,-6
-101.4,11,0,-6
-98.02,10,-2,-8
-96.33,11,-3,-8
-96.33,11,-3,-7
-96.33,11,-3,-8
-96.33,11,-3,-8
-96.33,11,-3,-6
-98.02,10,-2,-7
-101.4,10,0,-6
-98.02,10,-2,-6
-98.02,11,-2,-7
-98.02,11,-2,-7
-98.02,11,-2,-7
-98.02,10,-2,-6
-98.02,11,-2,-5
-94.64,10,-4,-5
-98.02,11,-2,-7
-98.02,11,-2,-5
-98.02,11,-2,-5
-91.26,10,-6,-4
-91.26,10,-6,-4
-91.26,10,-6,-4
-91.26,11,-6,-7
-98.02,11,-2,-6
-91.26,10,-6,-4
-98.02,11,-2,-5
-98.02,11,-2,-5
-101.4,10,0,-7
-94.64,11,-4,-7
-101.4,10,0,-7
-101.4,10,0,-7
-101.4,10,0,-7
-101.4,10,0,-7
-101.4,10,0,-7
-101.4,10,0,-7
-101.4,10,0,-7
-101.4,10,0,-7
-98.02,10,-2,-6
-101.4,10,0,-6
-98.02,10,-2,-5
-92.95,10,-5,-5
-98.02,10,-2,-5
-98.02,10,-2,-5
-101.4,10,0,-8
-98.02,10,-2,-6
-98.02,10,-2,-6
-101.4,10,0,-7
-101.4,10,0,-9
-101.4,10,0,-8
-101.4,10,0,-9
-101.4,10,0,-9
-101.4,10,0,-9
-101.4,10,0,-8
-101.4,10,0,-9
-98.02,10,-2,-5
-101.4,10,0,-9
-101.4,10,0,-8
-94.64,10,-4,-6
-94.64,10,-4,-7
-94.64,10,-4,-7
-94.64,10,-4,-4
-98.02,10,-2,-6
-92.32,10,-2,-5
-94.64,10,-4,-7
-94.64,10,-4,-6
-98.02,10,-2,-5
-98.02,10,-2,-5
-98.02,11,-2,-8
-98.02,11,-2,-6
-98.02,11,-2,-7
-94.64,10,-4,-6
-101.4,10,0,-9
-94.64,10,-4,-6
-101.4,10,0,-9
-94.64,10,-4,-6
-98.02,11,-2,-6
-98.02,11,-2,-6
-101.4,10,0,-9
-101.4,10,0,-9
-98.02,10,-2,-4
-94.64,11,-4,-7
-101.4,10,0,-9
-98.02,10,-2,-4
-101.4,10,0,-9
-101.4,10,0,-9
-101.4,10,0,-9
-98.02,10,-2,-4
-99.71,10,-1,-7
-96.33,10,-3,-7
-99.71,10,-1,-7
-96.33,10,-3,-7
-94.64,11,-4,-7
-96.33,11,-3,-8
-99.71,10,-1,-7
-98.02,10,-2,-8
-89.57,10,-7,-7
-92.95,10,-5,-8
-91.26,12,-6,-7
-89.57,11,-7,-7
-87.88,11,-8,-6
-89.57,11,-7,-7
-89.57,11,-7,-7
-89.57,11,-7,-7
-89.57,11,-7,-7
-89.57,11,-7,-7
-82.81,10,-11,-7
-84.5,11,-10,-7
-98.02,10,-2,-7
-98.02,10,-2,-7
-98.02,10,-2,-7
-98.02,10,-2,-7
-98.02,10,-2,-7
-98.02,10,-2,-7
-101.4,10,0,-6
-101.4,10,0,-8
-98.02,10,-2,-7
-98.02,10,-2,-7
-94.64,10,-4,-6
-94.64,10,-4,-6
-91.26,10,-6,-6
-96.33,11,-3,-7
-89.57,10,-7,-6
-89.57,10,-7,-5
-92.95,10,-5,-6
-92.95,10,-5,-6
-92.95,10,-5,-6
-84.5,10,-10,-6
-101.4,10,0,-9
-101.4,10,0,-9
-98.02,10,-2,-5
-101.4,10,0,-9
-101.4,10,0,-9
-101.4,10,0,-9
-101.4,10,0,-9
-101.4,10,0,-9
-101.4,10,0,-9
-101.4,10,0,-9
-94.64,11,-4,-7
-94.64,11,-4,-7
-91.26,11,-6,-6
-92.95,11,-5,-7
-91.26,11,-6,-6
-92.95,11,-5,-7
-92.95,11,-5,-7
-91.26,11,-6,-6
-92.95,11,-5,-6
-94.64,11,-4,-7
-98.02,11,-2,-7
-94.64,10,-4,-7
-101.4,10,0,-9
-98.02,11,-2,-7
-96.33,10,-3,-6
-101.4,10,0,-9
-96.33,10,-3,-6
-96.33,10,-3,-6
-98.02,11,-2,-7
-101.4,10,0,-9
-101.4,10,0,-8
-101.4,10,0,-8
-98.02,10,-2,-5
-101.4,10,0,-5
-98.02,10,-2,-5
-98.02,10,-2,-5
-96.33,11,-3,-5
-98.02,10,-2,-5
-98.02,10,-2,-4
-98.02,10,-2,-6
-101.4,10,0,-9
-101.4,10,0,-9
-98.02,11,-2,-7
-101.4,10,0,-9
-96.33,10,-3,-7
-101.4,10,0,-9
-98.02,11,-2,-7
-101.4,10,0,-9
-101.4,10,0,-9
-94.64,11,-4,-6
-99.71,10,-1,-5
-99.71,10,-1,-5
-101.4,10,0,-7
-101.4,10,0,-8
-101.4,10,0,-6
-101.4,10,0,-7
-101.4,10,0,-7
-101.4,10,0,-7
-101.4,10,0,-8
-101.4,10,0,-7
-101.4,10,0,-9
-101.4,10,0,-9
-101.4,10,0,-9
-101.4,10,0,-9
-92.95,11,-5,-9
-101.4,10,0,-9
-101.4,10,0,-9
-101.4,10,0,-9
-101.4,10,0,-9
-101.4,10,0,-9
-96.33,10,-3,-7
-101.4,10,0,-9
-96.33,10,-3,-7
-96.33,10,-3,-7
-87.88,9,-8,-6
-101.4,10,0,-9
-101.4,10,0,-9
-86.19,9,-9,-4
-101.4,10,0,-9
-101.4,10,0,-9
-94.64,10,-4,-7
-96.33,10,-3,-6
-91.26,9,-6,-6
-94.64,10,-4,-8
-96.33,10,-3,-6
-96.33,10,-3,-7
-96.33,10,-3,-7
-101.4,10,0,-8
-96.33,10,-3,-7
-96.33,10,-3,-5
-101.4,10,0,-9
-101.4,10,0,-9
-101.4,10,0,-8
-98.02,10,-2,-6
-98.02,10,-2,-6
-101.4,10,0,-9
-98.02,10,-2,-6
-101.4,10,0,-9
-101.4,10,0,-9
-101.4,10,0,-9
-98.02,11,-2,-7
-98.02,11,-2,-7
-96.33,10,-3,-5
-98.02,11,-2,-7
-98.02,11,-2,-7
-96.33,12,-3,-7
-98.02,11,-2,-6
-98.02,11,-2,-8
-98.02,11,-2,-8
-98.02,11,-2,-7
-94.64,12,-4,-9
-92.95,11,-5,-7
-98.02,11,-2,-5
-92.95,11,-5,-7
-98.02,11,-2,-5
-94.64,12,-4,-7
-92.95,11,-5,-6
-91.26,12,-6,-8
-98.02,12,-2,-6
-96.33,13,-3,-8
-96.33,11,-3,-7
-96.33,11,-3,-6
-96.33,11,-3,-6
-96.33,11,-3,-6
-92.95,11,-5,-7
-99.71,12,-1,-7
-92.95,11,-5,-7
-92.95,11,-5,-7
-96.33,13,-3,-9
-94.64,12,-4,-7
-98.02,11,-2,-5
-96.33,10,-3,-5
-96.33,10,-3,-5
-98.02,10,-2,-6
-96.33,10,-3,-5
-92.95,10,-5,-6
-94.64,11,-4,-6
-92.95,10,-5,-5
-94.64,10,-4,-5
-96.33,10,-3,-5
-96.33,10,-3,-7
-94.64,10,-4,-7
-94.64,10,-4,-8
-94.64,10,-4,-7
-94.64,10,-4,-7
-94.64,10,-4,-8
-96.33,10,-3,-7
-94.64,10,-4,-7
-96.33,10,-3,-7
-96.33,10,-3,-7
-98.02,10,-2,-6
-98.02,10,-2,-7
-98.02,10,-2,-7
-101.4,10,0,-6
-101.4,10,0,-8
-98.02,10,-2,-5
-98.02,10,-2,-7
-94.64,10,-4,-7
-98.02,10,-2,-6
-98.02,10,-2,-4
-101.4,10,0,-6
-101.4,10,0,-9
-101.4,10,0,-8
-98.02,10,-2,-8
-94.64,10,-4,-8
-94.64,10,-4,-7
-101.4,10,0,-8
-98.02,10,-2,-8
-101.4,10,0,-7
-101.4,10,0,-6
-101.4,10,0,-9
-101.4,10,0,-9
-101.4,10,0,-9
-101.4,10,0,-9
-101.4,10,0,-9
-101.4,10,0,-9
-101.4,10,0,-9
-101.4,10,0,-9
-101.4,10,0,-9
-101.4,10,0,-9
-94.64,11,-4,-7
-96.33,11,-3,-8
-98.02,11,-2,-7
-98.02,11,-2,-7
-94.64,11,-4,-8
-89.57,10,-7,-5
-92.95,10,-5,-7
-96.33,11,-3,-7
-87.88,10,-8,-5
-87.88,10,-8,-5
-94.64,11,-4,-7
-96.33,11,-3,-6
-94.64,11,-4,-8
-98.02,11,-2,-7
-96.33,11,-3,-6
-92.95,11,-5,-6
-94.64,11,-4,-7
-96.33,11,-3,-7
-94.64,11,-4,-8
-94.64,11,-4,-7
-94.64,10,-4,-7
-98.02,10,-2,-5
-94.64,10,-4,-5
-101.4,10,0,-9
-91.26,9,-6,-6
-96.33,11,-3,-5
-94.64,10,-4,-7
-98.02,10,-2,-7
-92.95,11,-5,-5
-94.64,10,-4,-6
-91.26,10,-6,-7
-98.02,11,-2,-6
-96.33,11,-3,-6
-92.95,10,-5,-6
-98.02,11,-2,-6
-94.64,11,-4,-6
-96.33,11,-3,-6
-98.02,11,-2,-6
-98.02,11,-2,-5
-92.95,11,-5,-6
-101.4,10,0,-7
-94.64,10,-4,-7
-96.33,10,-3,-6
-96.33,10,-3,-6
-94.64,10,-4,-7
-91.26,9,-6,-4
-101.4,10,0,-7
-98.02,10,-2,-4
-96.33,10,-3,-6
-94.64,10,-4,-7
-96.33,11,-3,-7
-96.33,11,-3,-7
-101.4,11,0,-8
-96.33,11,-3,-6
-94.64,11,-4,-7
-96.33,11,-3,-6
-96.33,11,-3,-7
-98.02,11,-2,-7
-98.02,11,-2,-8
-96.33,11,-3,-7
-96.33,10,-3,-7
-101.4,10,0,-7
-96.33,10,-3,-7
-101.4,10,0,-9
-101.4,10,0,-9
-101.4,10,0,-9
-101.4,10,0,-9
-101.4,10,0,-9
-98.02,10,-2,-5
-101.4,10,0,-9
-98.02,10,-2,-6
-98.02,10,-2,-7
-98.02,10,-2,-5
-101.4,10,0,-7
-98.02,10,-2,-6
-98.02,10,-2,-6
-98.02,10,-2,-6
-98.02,10,-2,-6
-98.02,10,-2,-6
-94.01,10,-1,-6
-91.26,10,-6,-4
-98.02,11,-2,-7
-96.33,10,-3,-5
-89.57,10,-7,-5
-94.64,10,-4,-6
-96.33,10,-3,-7
-96.33,10,-3,-7
-98.02,11,-2,-7
-88.94,10,-4,-5
-98.02,11,-2,-7
-94.64,10,-4,-6
-98.02,10,-2,-6
-98.02,11,-2,-6
-98.02,11,-2,-4
-98.02,10,-2,-6
-94.64,10,-4,-6
-92.32,10,-2,-6
-92.32,10,-2,-5
-98.02,10,-2,-6
-98.02,11,-2,-6
-101.4,12,0,-9
-94.64,12,-4,-8
-96.33,13,-3,-10
-92.95,11,-5,-6
-89.57,11,-7,-8
-89.57,12,-7,-7
-94.64,11,-4,-8
-92.95,11,-5,-7
-96.33,12,-3,-7
-94.64,11,-4,-8
-98.02,10,-2,-7
-96.33,11,-3,-6
-94.64,11,-4,-5
-98.02,10,-2,-8
-98.02,10,-2,-6
-94.64,10,-4,-7
-98.02,10,-2,-5
-101.4,11,0,-6
-98.02,10,-2,-5
-98.02,10,-2,-6
-94.64,10,-4,-5
-94.64,10,-4,-6
-94.64,10,-4,-5
-101.4,10,0,-9
-98.02,10,-2,-7
-101.4,10,0,-9
-91.26,9,-6,-6
-101.4,10,0,-9
-101.4,10,0,-9
-101.4,10,0,-9
-96.33,11,-3,-5
-98.02,11,-2,-7
-96.33,11,-3,-6
-96.33,12,-3,-7
-96.33,12,-3,-7
-96.33,12,-3,-7
-96.33,11,-3,-5
-96.33,11,-3,-6
-96.33,11,-3,-6
-96.33,12,-3,-7
-98.02,10,-2,-8
-101.4,10,0,-8
-98.02,10,-2,-7
-96.33,10,-3,-6
-96.33,10,-3,-7
-101.4,10,0,-8
-98.02,10,-2,-8
-98.02,10,-2,-7
-101.4,10,0,-8
-96.33,10,-3,-7
-98.02,10,-2,-5
-96.33,10,-3,-5
-94.64,10,-4,-5
-94.64,10,-4,-5
-96.33,10,-3,-7
-96.33,10,-3,-4
-96.33,10,-3,-7
-94.64,10,-4,-6
-96.33,10,-3,-7
-94.64,10,-4,-6
-98.02,10,-2,-5
-98.02,10,-2,-5
-98.02,10,-2,-5
-98.02,10,-2,-5
-94.64,10,-4,-6
-98.02,10,-2,-5
-96.33,11,-3,-5
-99.71,10,-1,-5
-98.02,10,-2,-5
-99.71,10,-1,-5
-92.95,11,-5,-6
-94.64,10,-4,-5
-98.02,11,-2,-5
-98.02,10,-2,-5
-94.64,11,-4,-4
-96.33,11,-3,-6
-92.95,11,-5,-5
-98.02,10,-2,-5
-92.95,10,-5,-5
-98.02,11,-2,-5
-101.4,10,0,-9
-101.4,10,0,-9
-91.26,10,-6,-7
-101.4,10,0,-9
-101.4,10,0,-9
-101.4,10,0,-9
-101.4,10,0,-9
-101.4,10,0,-9
-101.4,10,0,-9
-101.4,10,0,-9
-98.02,10,-2,-6
-99.71,11,-1,-6
-101.4,10,0,-7
-98.02,10,-2,-6
-98.02,10,-2,-6
-98.02,10,-2,-5
-96.33,10,-3,-6
-96.33,10,-3,-6
-96.33,10,-3,-6
-99.71,10,-1,-5
-94.64,10,-4,-4
-94.64,10,-4,-5
-94.64,10,-4,-6
-101.4,10,0,-7
-98.02,10,-2,-6
-101.4,10,0,-7
-94.64,10,-4,-6
-101.4,10,0,-8
-101.4,10,0,-5
-94.64,10,-4,-6
-98.02,10,-2,-5
-96.33,10,-3,-5
-101.4,10,0,-7
-99.71,10,-1,-5
-99.71,10,-1,-5
-96.33,10,-3,-5
-99.71,10,-1,-6
-96.33,10,-3,-6
-96.33,10,-3,-6
-96.33,10,-3,-7
-96.33,10,-3,-5
-98.02,11,-2,-7
-98.02,11,-2,-7
-99.71,12,-1,-6
-98.02,10,-2,-7
-101.4,10,0,-8
-98.02,12,-2,-9
-96.33,10,-3,-5
-98.02,11,-2,-7
-98.02,11,-2,-7
-98.02,10,-2,-7
-98.02,10,-2,-5
-94.64,10,-4,-8
-98.02,10,-2,-6
-98.02,10,-2,-7
-98.02,10,-2,-6
-98.02,11,-2,-6
-101.4,10,0,-6
-98.02,10,-2,-5
-101.4,10,0,-6
-94.64,10,-4,-8
-94.64,10,-4,-7
-94.64,10,-4,-7
-94.64,10,-4,-7
-94.64,10,-4,-8
-98.02,10,-2,-7
-94.64,10,-4,-8
-94.64,10,-4,-7
-98.02,10,-2,-6
-96.33,10,-3,-6
-94.64,10,-4,-7
-98.02,11,-2,-5
-94.64,10,-4,-7
-96.33,10,-3,-6
-96.33,10,-3,-6
-96.33,10,-3,-6
-96.33,10,-3,-6
-96.33,10,-3,-6
-94.64,10,-4,-6
-96.33,10,-3,-6
-101.4,10,0,-5
-98.02,10,-2,-7
-101.4,10,0,-7
-94.64,10,-4,-5
-98.02,10,-2,-5
-98.02,10,-2,-6
-101.4,10,0,-5
-101.4,10,0,-7
-101.4,10,0,-7
-98.02,10,-2,-5
-98.02,10,-2,-7
-96.33,10,-3,-6
-98.02,10,-2,-7
-98.02,10,-2,-7
-98.02,10,-2,-7
-96.33,10,-3,-5
-98.02,10,-2,-8
-98.02,10,-2,-5
-99.71,10,-1,-6
-98.02,10,-2,-7
-96.33,10,-3,-5
-98.02,11,-2,-5
-96.33,12,-3,-7
-96.33,11,-3,-6
-98.02,10,-2,-6
-98.02,11,-2,-6
-96.33,11,-3,-6
-98.02,10,-2,-7
-98.02,11,-2,-6
-101.4,10,0,-5
-94.64,10,-4,-6
-98.02,10,-2,-5
-98.02,11,-2,-7
-99.71,11,-1,-7
-98.02,11,-2,-6
-101.4,10,0,-7
-98.02,10,-2,-5
-98.02,10,-2,-5
-101.4,10,0,-7
-98.02,10,-2,-5
-99.71,11,-1,-6
-98.02,10,-2,-6
-101.4,10,0,-9
-101.4,10,0,-7
-98.02,10,-2,-7
-99.71,11,-1,-6
-99.71,11,-1,-6
-99.71,11,-1,-7
-99.71,11,-1,-7
-101.4,10,0,-7
-94.64,11,-4,-7
-98.02,11,-2,-7
-87.25,10,-5,-5
-96.33,10,-3,-5
-94.64,12,-4,-6
-94.64,11,-4,-6
-94.64,11,-4,-7
-94.64,11,-4,-7
-94.64,11,-4,-7
-96.33,11,-3,-5
-96.33,10,-3,-6
-98.02,10,-2,-7
-94.64,10,-4,-6
-98.02,10,-2,-7
-96.33,10,-3,-6
-96.33,10,-3,-6
-96.33,10,-3,-6
-98.02,10,-2,-7
-96.33,11,-3,-7
-96.33,10,-3,-6
-98.02,10,-2,-7
-98.02,10,-2,-7
-98.02,11,-2,-5
-101.4,10,0,-9
-98.02,10,-2,-7
-98.02,10,-2,-6
-101.4,10,0,-8
-98.02,10,-2,-6
-101.4,10,0,-9
-101.4,10,0,-9
-99.71,10,-1,-5
-98.02,10,-2,-5
-98.02,10,-2,-6
-99.71,10,-1,-5
-98.02,10,-2,-6
-98.02,10,-2,-7
-99.71,10,-1,-5
-99.71,10,-1,-5
-99.71,10,-1,-5
-101.4,10,0,-7
-101.4,10,0,-8
-101.4,10,0,-8
-101.4,10,0,-8
-101.4,10,0,-8
-101.4,10,0,-8
-101.4,10,0,-8
-101.4,10,0,-9
-101.4,10,0,-8
-101.4,10,0,-8
-101.4,10,0,-8
-94.64,10,-4,-7
-101.4,10,0,-9
-101.4,10,0,-7
-94.64,10,-4,-7
-98.02,10,-2,-7
-96.33,10,-3,-5
-101.4,10,0,-7
-101.4,10,0,-9
-94.64,10,-4,-6
-96.33,10,-3,-5
-91.26,10,-6,-4
-98.02,10,-2,-7
-98.02,11,-2,-5
-94.64,11,-4,-6
-98.02,11,-2,-7
-94.64,11,-4,-6
-98.02,11,-2,-5
-94.64,10,-4,-6
-94.64,11,-4,-8
-96.33,10,-3,-5
-98.02,10,-2,-6
-101.4,10,0,-6
-101.4,10,0,-8
-101.4,10,0,-8
-101.4,10,0,-8
-98.02,10,-2,-5
-101.4,10,0,-6
-101.4,10,0,-6
-98.02,10,-2,-5
-98.02,10,-2,-5
-99.71,11,-1,-7
-99.71,11,-1,-7
-99.71,11,-1,-7
-98.02,10,-2,-7
-99.71,11,-1,-7
-99.71,11,-1,-7
-101.4,11,0,-7
-98.02,10,-2,-7
-99.71,11,-1,-7
-99.71,11,-1,-7
-98.02,10,-2,-7
-94.64,11,-4,-7
-98.02,10,-2,-7
-96.33,10,-3,-8
-96.33,10,-3,-8
-94.64,10,-4,-8
-96.33,10,-3,-8
-92.95,10,-5,-6
-94.64,11,-4,-6
-96.33,10,-3,-8
-98.02,10,-2,-5
-87.88,9,-8,-5
-94.64,10,-4,-5
-98.02,11,-2,-5
-92.32,10,-2,-4
-94.64,11,-4,-6
-92.32,10,-2,-5
-92.95,11,-5,-6
-91.26,9,-6,-5
-91.26,10,-6,-6
-98.02,10,-2,-6
-94.64,10,-4,-7
-96.33,10,-3,-6
-92.95,10,-5,-5
-94.64,10,-4,-8
-98.02,10,-2,-7
-99.71,10,-1,-5
-98.02,10,-2,-7
-91.26,9,-6,-6
-96.33,10,-3,-4
-98.02,10,-2,-6
-98.02,10,-2,-6
-94.64,10,-4,-5
-94.64,10,-4,-5
-101.4,10,0,-5
-98.02,10,-2,-5
-98.02,10,-2,-6
-98.02,10,-2,-6
-98.02,10,-2,-5
-98.02,10,-2,-5
-94.64,10,-4,-6
-98.02,10,-2,-7
-98.02,10,-2,-7
-96.33,10,-3,-4
-98.02,10,-2,-5
-98.02,10,-2,-5
-98.02,10,-2,-7
-92.95,10,-5,-4
-98.02,10,-2,-5
-94.64,10,-4,-8
-94.64,10,-4,-7
-98.02,10,-2,-6
-98.02,10,-2,-6
-91.26,9,-6,-5
-98.02,10,-2,-6
-94.64,10,-4,-6
-94.64,10,-4,-6
-98.02,10,-2,-6
-91.26,9,-6,-6
-87.88,9,-8,-5
-98.02,11,-2,-6
-94.64,10,-4,-6
-98.02,11,-2,-8
-98.02,11,-2,-7
-94.64,10,-4,-6
-98.02,10,-2,-7
-98.02,10,-2,-7
-98.02,11,-2,-7
-92.95,10,-5,-5
-98.02,11,-2,-7
-98.02,10,-2,-7
-98.02,10,-2,-7
-98.02,11,-2,-8
-98.02,11,-2,-8
-98.02,10,-2,-7
-98.02,10,-2,-7
-98.02,10,-2,-7
-98.02,11,-2,-6
-98.02,11,-2,-6
-99.71,11,-1,-7
-91.26,10,-6,-5
-84.5,10,-10,-5
-87.88,9,-8,-3
-84.5,9,-10,-4
-84.5,9,-10,-4
-87.88,10,-8,-3
-87.88,9,-8,-2
-84.5,9,-10,-5
-77.74,8,-14,-5
-84.5,10,-10,-6
-94.64,10,-4,-7
-101.4,10,0,-7
-94.64,10,-4,-7
-98.02,10,-2,-7
-101.4,10,0,-7
-101.4,10,0,-7
-98.02,10,-2,-7
-101.4,10,0,-7
-94.64,10,-4,-7
-98.02,10,-2,-6
-98.02,10,-2,-8
-98.02,10,-2,-7
-96.33,10,-3,-7
-101.4,10,0,-7
-98.02,10,-2,-7
-98.02,10,-2,-7
-101.4,10,0,-7
-101.4,10,0,-8
-101.4,10,0,-8
-98.02,11,-2,-7
-101.4,10,0,-8
-98.02,10,-2,-7
-94.64,10,-4,-7
-101.4,10,0,-7
-101.4,10,0,-6
-98.02,10,-2,-7
-98.02,10,-2,-6
-98.02,10,-2,-6
-98.02,10,-2,-6
-98.02,10,-2,-7
-101.4,10,0,-8
-98.02,10,-2,-7
-101.4,10,0,-8
-101.4,10,0,-8
-98.02,10,-2,-7
-98.02,10,-2,-7
-98.02,10,-2,-7
-98.02,10,-2,-7
-98.02,10,-2,-7
-98.02,10,-2,-7
-99.71,10,-1,-7
-101.4,10,0,-9
-99.71,10,-1,-7
-101.4,10,0,-9
-101.4,10,0,-9
-99.71,10,-1,-7
-99.71,10,-1,-7
-99.71,10,-1,-8
-99.71,10,-1,-6
-99.71,10,-1,-7
-94.64,10,-4,-6
-99.71,10,-1,-6
-94.64,10,-4,-8
-94.64,10,-4,-8
-101.4,10,0,-7
-99.71,10,-1,-6
-98.02,10,-2,-5
-94.64,10,-4,-8
-99.71,10,-1,-6
-98.02,10,-2,-7
-101.4,11,0,-7
-99.71,10,-1,-6
-99.71,10,-1,-7
-99.71,10,-1,-6
-101.4,10,0,-9
-101.4,10,0,-8
-101.4,11,0,-7
-98.02,11,-2,-6
-101.4,11,0,-7
-96.33,11,-3,-5
