-37.365,11,-7,-7
-37.365,11,-7,-7
-38.07,10,-6,-6
-38.07,10,-6,-6
-37.365,11,-7,-7
-38.07,10,-6,-6
-38.07,10,-6,-6
-37.365,11,-7,-7
-37.365,11,-7,-7
-38.07,10,-6,-6
-28.2,8,-20,-5
-29.61,8,-18,-5
-28.2,8,-20,-5
-28.2,8,-20,-5
-29.61,8,-18,-5
-28.2,7,-20,-3
-28.2,8,-20,-5
-29.61,8,-18,-5
-29.61,8,-18,-5
-28.2,7,-20,-3
-30.315,10,-17,-6
-30.315,10,-17,-6
-30.315,10,-17,-6
-31.725,10,-15,-6
-31.725,11,-15,-8
-31.725,11,-15,-8
-30.315,10,-17,-6
-31.725,11,-15,-8
-30.315,10,-17,-6
-31.725,11,-15,-8
-31.02,8,-16,-5
-29.61,7,-18,-5
-31.02,8,-16,-5
-31.02,8,-16,-5
-31.02,8,-16,-5
-31.02,8,-16,-5
-31.02,8,-16,-5
-31.02,8,-16,-5
-31.02,8,-16,-5
-31.02,8,-16,-5
-39.48,14,-4,-10
-35.25,12,-10,-8
-39.48,14,-4,-10
-39.48,14,-4,-10
-39.48,14,-4,-10
-34.545,11,-11,-7
-40.185,15,-3,-11
-35.25,12,-10,-8
-40.89,14,-2,-10
-39.48,14,-4,-10
-31.02,8,-16,-6
-31.02,8,-16,-6
-33.135,8,-13,-4
-33.135,8,-13,-4
-31.02,8,-16,-6
-33.135,8,-13,-4
-31.02,8,-16,-6
-33.135,8,-13,-4
-31.02,8,-16,-6
-31.02,8,-16,-6
-35.955,11,-9,-8
-35.955,11,-9,-8
-35.955,11,-9,-8
-35.955,11,-9,-8
-33.135,11,-13,-8
-35.955,11,-9,-8
-35.955,11,-9,-8
-35.955,11,-9,-8
-35.955,11,-9,-8
-35.955,11,-9,-8
-27.495,8,-21,-4
-27.495,8,-21,-4
-28.905,8,-19,-4
-27.495,8,-21,-4
-30.315,8,-17,-4
-27.495,8,-21,-4
-27.495,8,-21,-4
-27.495,8,-21,-4
-27.495,8,-21,-4
-27.495,8,-21,-4
-31.725,9,-15,-6
-31.725,9,-15,-6
-31.725,9,-15,-6
-31.725,9,-15,-6
-31.725,9,-15,-6
-31.725,9,-15,-6
-31.725,9,-15,-6
-31.725,9,-15,-6
-31.725,9,-15,-6
-31.725,9,-15,-6
-33.84,9,-12,-6
-33.84,9,-12,-6
-33.84,9,-12,-6
-33.84,10,-12,-7
-33.84,9,-12,-6
-35.955,10,-9,-7
-33.84,9,-12,-6
-33.84,9,-12,-6
-33.84,9,-12,-6
-33.84,9,-12,-6
-33.135,9,-13,-6
-33.135,9,-13,-6
-33.135,9,-13,-6
-33.135,9,-13,-6
-33.135,9,-13,-6
-33.135,9,-13,-6
-33.135,9,-13,-6
-33.135,9,-13,-6
-33.135,9,-13,-6
-33.135,9,-13,-6
-32.43,10,-14,-7
-32.43,10,-14,-7
-32.43,10,-14,-7
-32.43,10,-14,-7
-32.43,10,-14,-7
-32.43,10,-14,-7
-32.43,10,-14,-7
-32.43,10,-14,-7
-32.43,10,-14,-7
-32.43,10,-14,-7
-23.265,7,-27,-3
-23.265,7,-27,-3
-24.675,7,-25,-3
-26.79,7,-22,-5
-26.79,7,-22,-5
-23.265,7,-27,-3
-23.265,7,-27,-3
-26.79,7,-22,-5
-26.79,7,-22,-5
-23.265,7,-27,-3
-33.135,10,-13,-7
-33.135,10,-13,-7
-33.135,10,-13,-7
-33.135,10,-13,-7
-33.135,10,-13,-7
-33.135,10,-13,-7
-33.135,10,-13,-7
-33.135,10,-13,-7
-33.135,10,-13,-7
-33.135,10,-13,-7
-31.02,9,-16,-6
-31.725,8,-15,-6
-31.725,8,-15,-6
-31.725,8,-15,-5
-31.02,9,-16,-6
-31.725,8,-15,-5
-31.725,8,-15,-5
-31.725,8,-15,-6
-31.725,8,-15,-5
-31.725,8,-15,-6
-33.84,8,-12,-4
-33.84,8,-12,-4
-33.84,8,-12,-4
-33.84,8,-12,-4
-33.84,8,-12,-4
-33.84,8,-12,-4
-33.84,8,-12,-4
-33.84,8,-12,-4
-33.84,8,-12,-4
-33.84,8,-12,-4
-29.61,8,-18,-4
-29.61,8,-18,-4
-29.61,8,-18,-4
-29.61,8,-18,-4
-29.61,8,-18,-4
-29.61,8,-18,-4
-29.61,8,-18,-4
-29.61,8,-18,-4
-29.61,8,-18,-4
-29.61,8,-18,-4
-29.61,8,-18,-6
-29.61,8,-18,-5
-29.61,8,-18,-5
-28.2,8,-20,-5
-29.61,8,-18,-5
-29.61,8,-18,-5
-29.61,8,-18,-5
-31.02,8,-16,-4
-29.61,8,-18,-5
-29.61,8,-18,-6
-32.43,10,-14,-6
-33.135,10,-13,-6
-32.43,10,-14,-6
-33.135,10,-13,-6
-32.43,10,-14,-6
-33.135,10,-13,-6
-32.43,10,-14,-6
-33.135,10,-13,-6
-33.135,10,-13,-6
-33.135,10,-13,-6
-35.25,11,-10,-8
-35.25,11,-10,-8
-35.25,11,-10,-8
-35.25,11,-10,-8
-35.25,11,-10,-8
-35.25,11,-10,-8
-35.25,11,-10,-8
-35.25,11,-10,-8
-35.25,11,-10,-8
-35.25,11,-10,-8
-27.495,9,-21,-6
-27.495,9,-21,-6
-28.905,9,-19,-6
-27.495,9,-21,-6
-27.495,9,-21,-6
-27.495,9,-21,-6
-28.905,9,-19,-6
-27.495,9,-21,-6
-27.495,9,-21,-6
-27.495,9,-21,-6
-34.545,11,-11,-8
-34.545,11,-11,-8
-34.545,11,-11,-8
-34.545,11,-11,-8
-34.545,11,-11,-8
-34.545,11,-11,-8
-34.545,11,-11,-8
-34.545,11,-11,-8
-34.545,11,-11,-8
-34.545,11,-11,-8
-23.97,6,-26,-4
-22.56,6,-28,-3
-23.97,6,-26,-4
-23.97,6,-26,-4
-22.56,6,-28,-3
-22.56,6,-28,-3
-23.97,6,-26,-4
-23.97,6,-26,-4
-23.97,6,-26,-4
-23.97,6,-26,-4
-35.955,11,-9,-7
-35.955,11,-9,-7
-37.365,12,-7,-8
-35.955,11,-9,-7
-35.955,11,-9,-7
-38.07,13,-6,-9
-37.365,12,-7,-8
-38.07,13,-6,-9
-35.955,11,-9,-7
-38.07,13,-6,-9
-36.66,10,-8,-6
-36.66,10,-8,-6
-31.02,8,-16,-4
-33.84,9,-12,-5
-36.66,10,-8,-6
-31.02,8,-16,-4
-35.25,10,-10,-7
-31.02,8,-16,-4
-31.02,8,-16,-4
-31.02,8,-16,-4
-33.135,9,-13,-6
-33.135,9,-13,-6
-33.135,9,-13,-6
-33.135,9,-13,-6
-33.135,9,-13,-6
-33.135,9,-13,-6
-34.545,9,-11,-5
-33.135,9,-13,-6
-34.545,9,-11,-5
-33.135,9,-13,-6
-36.66,10,-8,-7
-36.66,10,-8,-7
-37.365,11,-7,-7
-37.365,11,-7,-7
-36.66,10,-8,-7
-36.66,10,-8,-7
-36.66,10,-8,-7
-37.365,11,-7,-7
-37.365,11,-7,-7
-37.365,11,-7,-7
-32.43,9,-14,-5
-32.43,9,-14,-5
-32.43,9,-14,-5
-32.43,9,-14,-5
-33.135,10,-13,-6
-33.135,10,-13,-6
-32.43,9,-14,-5
-32.43,9,-14,-5
-32.43,10,-14,-6
-32.43,9,-14,-5
-29.61,7,-18,-4
-29.61,7,-18,-4
-29.61,7,-18,-4
-29.61,7,-18,-4
-29.61,7,-18,-4
-29.61,7,-18,-4
-29.61,7,-18,-4
-29.61,7,-18,-4
-29.61,7,-18,-4
-29.61,7,-18,-4
-33.135,8,-13,-4
-33.135,8,-13,-4
-33.135,8,-13,-4
-33.135,8,-13,-4
-33.135,8,-13,-4
-33.135,8,-13,-5
-33.135,8,-13,-4
-33.135,8,-13,-4
-33.135,8,-13,-5
-33.135,8,-13,-4
-31.02,9,-16,-6
-31.02,9,-16,-6
-31.02,9,-16,-6
-31.02,9,-16,-6
-31.02,9,-16,-6
-31.02,9,-16,-6
-31.02,9,-16,-6
-31.02,9,-16,-6
-31.02,9,-16,-6
-31.02,9,-16,-6
-31.02,8,-16,-6
-31.02,8,-16,-6
-31.02,8,-16,-6
-31.02,8,-16,-6
-31.02,8,-16,-6
-31.02,8,-16,-6
-31.02,8,-16,-6
-31.02,8,-16,-6
-31.02,8,-16,-6
-31.02,8,-16,-6
-33.84,8,-12,-5
-33.84,8,-12,-5
-33.84,8,-12,-5
-33.84,8,-12,-5
-33.84,8,-12,-5
-32.43,8,-14,-5
-32.43,8,-14,-5
-33.84,8,-12,-5
-33.84,8,-12,-5
-33.84,8,-12,-5
-29.61,8,-18,-5
-29.61,8,-18,-5
-28.2,7,-20,-4
-29.61,8,-18,-5
-29.61,8,-18,-4
-29.61,8,-18,-4
-29.61,8,-18,-5
-29.61,8,-18,-5
-29.61,8,-18,-5
-29.61,8,-18,-4
-28.2,7,-20,-4
-28.2,7,-20,-4
-25.38,6,-24,-3
-25.38,6,-24,-3
-25.38,6,-24,-3
-26.79,7,-22,-3
-25.38,6,-24,-3
-25.38,6,-24,-3
-26.79,7,-22,-3
-25.38,6,-24,-3
-28.905,8,-19,-4
-31.02,8,-16,-4
-32.43,9,-14,-5
-32.43,9,-14,-5
-32.43,9,-14,-5
-32.43,9,-14,-5
-32.43,9,-14,-5
-32.43,9,-14,-5
-32.43,9,-14,-5
-32.43,9,-14,-5
-29.61,8,-18,-5
-29.61,8,-18,-5
-29.61,8,-18,-4
-29.61,8,-18,-4
-29.61,8,-18,-4
-29.61,8,-18,-4
-29.61,8,-18,-4
-29.61,8,-18,-4
-29.61,8,-18,-4
-29.61,8,-18,-4
-31.02,8,-16,-5
-33.84,8,-12,-5
-33.84,8,-12,-5
-31.02,8,-16,-5
-31.02,8,-16,-5
-33.84,8,-12,-5
-31.02,8,-16,-5
-33.84,8,-12,-5
-31.02,8,-16,-5
-33.84,8,-12,-5
-32.43,8,-14,-6
-32.43,8,-14,-6
-33.84,8,-12,-4
-32.43,8,-14,-6
-33.84,8,-12,-4
-32.43,8,-14,-6
-32.43,8,-14,-6
-33.84,8,-12,-4
-32.43,8,-14,-6
-32.43,8,-14,-6
-35.25,10,-10,-6
-33.135,9,-13,-5
-33.135,9,-13,-5
-35.25,10,-10,-6
-33.135,9,-13,-5
-33.135,9,-13,-5
-35.25,10,-10,-6
-35.25,10,-10,-6
-35.25,10,-10,-6
-35.25,10,-10,-6
-33.135,9,-13,-5
-33.135,9,-13,-5
-33.135,9,-13,-5
-33.84,9,-12,-5
-37.365,12,-7,-8
-33.135,9,-13,-5
-33.135,9,-13,-5
-33.135,9,-13,-5
-33.135,9,-13,-5
-37.365,12,-7,-8
-28.2,8,-20,-6
-28.2,8,-20,-6
-28.2,8,-20,-6
-28.2,8,-20,-6
-28.2,8,-20,-6
-28.2,8,-20,-6
-28.2,8,-20,-6
-28.2,8,-20,-5
-28.2,8,-20,-6
-28.2,8,-20,-6
-33.84,10,-12,-7
-33.84,10,-12,-7
-33.84,10,-12,-7
-33.84,10,-12,-7
-33.84,10,-12,-7
-33.84,10,-12,-7
-33.84,10,-12,-7
-33.84,10,-12,-7
-33.84,10,-12,-7
-33.84,10,-12,-7
-31.02,9,-16,-5
-31.02,9,-16,-5
-31.02,9,-16,-5
-33.135,8,-13,-4
-31.02,9,-16,-5
-31.02,9,-16,-5
-31.02,9,-16,-5
-31.02,9,-16,-5
-31.02,9,-16,-5
-31.02,9,-16,-5
-35.25,12,-10,-8
-35.25,12,-10,-8
-35.25,12,-10,-8
-34.545,11,-11,-7
-35.25,12,-10,-8
-35.25,12,-10,-8
-35.25,12,-10,-8
-34.545,11,-11,-7
-34.545,11,-11,-7
-31.02,11,-16,-7
-33.84,10,-12,-7
-33.84,10,-12,-7
-33.84,10,-12,-7
-33.84,10,-12,-7
-33.84,10,-12,-7
-33.84,10,-12,-7
-33.84,10,-12,-7
-33.84,10,-12,-7
-33.84,10,-12,-7
-33.84,10,-12,-7
-29.61,8,-18,-5
-26.79,8,-22,-5
-26.79,8,-22,-5
-26.79,7,-22,-3
-26.79,8,-22,-5
-26.79,8,-22,-5
-26.79,8,-22,-5
-26.79,8,-22,-5
-26.79,8,-22,-5
-26.79,7,-22,-3
-31.02,8,-16,-4
-31.02,8,-16,-4
-31.02,8,-16,-4
-31.02,8,-16,-4
-31.02,8,-16,-4
-31.02,8,-16,-4
-31.02,8,-16,-4
-31.02,8,-16,-4
-31.02,8,-16,-4
-31.02,8,-16,-4
-32.43,9,-14,-5
-32.43,9,-14,-5
-32.43,10,-14,-6
-32.43,9,-14,-5
-32.43,10,-14,-6
-32.43,10,-14,-6
-32.43,9,-14,-5
-32.43,9,-14,-5
-33.84,9,-12,-5
-32.43,10,-14,-6
-31.02,8,-16,-6
-32.43,8,-14,-5
-31.02,8,-16,-6
-31.02,8,-16,-6
-32.43,8,-14,-5
-31.02,8,-16,-6
-29.61,7,-18,-5
-31.02,8,-16,-6
-31.02,8,-16,-6
-31.02,8,-16,-6
-36.66,12,-8,-9
-36.66,12,-8,-9
-36.66,12,-8,-9
-36.66,12,-8,-9
-36.66,12,-8,-9
-36.66,12,-8,-9
-36.66,12,-8,-9
-36.66,12,-8,-9
-36.66,12,-8,-9
-35.955,12,-9,-8
-31.02,8,-16,-4
-31.02,8,-16,-4
-31.02,8,-16,-5
-31.02,8,-16,-4
-31.02,8,-16,-4
-32.43,8,-14,-5
-32.43,8,-14,-5
-31.02,8,-16,-4
-32.43,8,-14,-5
-31.02,8,-16,-4
-32.43,10,-14,-6
-33.135,10,-13,-6
-33.135,10,-13,-6
-32.43,10,-14,-6
-33.84,10,-12,-6
-33.135,10,-13,-6
-33.84,10,-12,-6
-33.84,10,-12,-6
-33.135,10,-13,-6
-33.135,10,-13,-6
-31.02,8,-16,-6
-31.02,8,-16,-6
-31.02,8,-16,-6
-31.02,8,-16,-6
-31.02,8,-16,-5
-31.02,8,-16,-6
-31.02,8,-16,-6
-31.02,8,-16,-6
-31.02,8,-16,-5
-31.02,8,-16,-6
-32.43,9,-14,-5
-32.43,9,-14,-5
-32.43,9,-14,-5
-29.61,7,-18,-4
-32.43,9,-14,-5
-32.43,8,-14,-4
-32.43,9,-14,-5
-32.43,9,-14,-5
-29.61,7,-18,-4
-32.43,8,-14,-4
-32.43,9,-14,-5
-32.43,9,-14,-5
-32.43,9,-14,-5
-32.43,9,-14,-5
-32.43,9,-14,-5
-32.43,9,-14,-5
-26.79,7,-22,-4
-32.43,9,-14,-5
-32.43,9,-14,-5
-32.43,9,-14,-5
-33.84,8,-12,-5
-34.545,9,-11,-5
-34.545,9,-11,-5
-33.84,8,-12,-5
-33.84,9,-12,-6
-33.84,9,-12,-6
-33.84,8,-12,-5
-34.545,9,-11,-5
-33.84,9,-12,-6
-34.545,9,-11,-5
-29.61,8,-18,-5
-29.61,8,-18,-5
-29.61,8,-18,-5
-35.25,10,-10,-6
-29.61,8,-18,-5
-35.25,10,-10,-6
-29.61,8,-18,-5
-35.25,10,-10,-6
-35.25,10,-10,-6
-35.25,10,-10,-6
-35.955,10,-9,-7
-35.955,10,-9,-7
-37.365,10,-7,-7
-35.955,10,-9,-7
-35.955,10,-9,-7
-35.955,10,-9,-7
-37.365,10,-7,-7
-35.955,10,-9,-7
-35.955,10,-9,-7
-35.955,10,-9,-7
-31.02,8,-16,-5
-31.02,8,-16,-5
-31.02,8,-16,-5
-29.61,8,-18,-5
-31.02,8,-16,-5
-31.02,8,-16,-5
-31.02,8,-16,-5
-31.02,8,-16,-5
-29.61,8,-18,-5
-29.61,8,-18,-5
-34.545,10,-11,-7
-34.545,10,-11,-7
-34.545,10,-11,-7
-34.545,10,-11,-7
-30.315,8,-17,-5
-30.315,8,-17,-5
-34.545,10,-11,-7
-34.545,10,-11,-7
-34.545,10,-11,-7
-34.545,10,-11,-7
-26.085,7,-23,-4
-26.085,7,-23,-4
-26.085,7,-23,-4
-27.495,8,-21,-5
-26.085,7,-23,-4
-26.085,7,-23,-4
-26.085,7,-23,-4
-26.085,7,-23,-4
-26.085,7,-23,-4
-26.085,7,-23,-4
-35.955,10,-9,-6
-35.955,10,-9,-6
-35.955,10,-9,-6
-35.955,10,-9,-6
-35.955,10,-9,-6
-35.955,10,-9,-6
-35.955,10,-9,-6
-35.955,10,-9,-6
-35.955,10,-9,-6
-35.955,10,-9,-6
-35.25,9,-10,-5
-35.25,9,-10,-5
-35.25,9,-10,-5
-35.25,9,-10,-5
-35.25,9,-10,-5
-35.25,9,-10,-5
-35.25,9,-10,-5
-35.25,9,-10,-5
-35.25,9,-10,-5
-35.25,9,-10,-5
-29.61,9,-18,-6
-35.25,10,-10,-6
-35.25,10,-10,-7
-33.135,11,-13,-7
-33.135,11,-13,-7
-33.135,11,-13,-7
-33.135,11,-13,-7
-35.25,10,-10,-7
-33.135,11,-13,-7
-33.135,11,-13,-7
-28.2,7,-20,-3
-28.2,7,-20,-3
-28.2,7,-20,-3
-25.38,6,-24,-2
-28.2,7,-20,-3
-28.2,7,-20,-3
-26.79,7,-22,-5
-28.2,7,-20,-3
-28.2,7,-20,-3
-28.2,7,-20,-3
-32.43,9,-14,-6
-32.43,9,-14,-6
-32.43,9,-14,-6
-32.43,9,-14,-6
-32.43,9,-14,-6
-32.43,9,-14,-6
-32.43,9,-14,-6
-32.43,9,-14,-6
-32.43,9,-14,-6
-32.43,9,-14,-6
-25.38,7,-24,-4
-25.38,7,-24,-4
-25.38,7,-24,-4
-25.38,7,-24,-4
-25.38,7,-24,-4
-25.38,7,-24,-4
-25.38,7,-24,-4
-25.38,7,-24,-4
-25.38,7,-24,-4
-25.38,7,-24,-4
-29.61,7,-18,-3
-29.61,7,-18,-3
-26.79,7,-22,-4
-31.02,8,-16,-4
-26.79,7,-22,-4
-31.02,8,-16,-4
-29.61,7,-18,-3
-26.79,7,-22,-4
-29.61,8,-18,-5
-29.61,7,-18,-3
-35.25,10,-10,-6
-35.25,10,-10,-6
-35.25,10,-10,-6
-35.25,10,-10,-6
-35.25,10,-10,-6
-35.25,10,-10,-6
-35.25,10,-10,-6
-35.25,10,-10,-6
-35.25,10,-10,-6
-35.25,10,-10,-6
-31.02,8,-16,-4
-31.02,8,-16,-4
-31.02,8,-16,-4
-31.02,8,-16,-4
-31.02,8,-16,-4
-26.79,7,-22,-4
-29.61,7,-18,-5
-31.02,8,-16,-4
-31.02,8,-16,-4
-29.61,7,-18,-5
-34.545,9,-11,-6
-34.545,9,-11,-6
-32.43,9,-14,-6
-32.43,9,-14,-6
-34.545,9,-11,-6
-34.545,9,-11,-6
-32.43,9,-14,-6
-34.545,9,-11,-6
-34.545,9,-11,-6
-32.43,9,-14,-6
-32.43,8,-14,-5
-32.43,8,-14,-5
-32.43,8,-14,-5
-32.43,8,-14,-5
-32.43,8,-14,-5
-32.43,8,-14,-5
-32.43,8,-14,-5
-32.43,8,-14,-5
-32.43,8,-14,-5
-32.43,8,-14,-5
-25.38,7,-24,-5
-25.38,7,-24,-5
-25.38,7,-24,-5
-25.38,7,-24,-5
-25.38,7,-24,-5
-23.97,6,-26,-4
-25.38,7,-24,-5
-25.38,7,-24,-5
-25.38,7,-24,-5
-25.38,7,-24,-5
-29.61,7,-18,-4
-29.61,7,-18,-4
-29.61,7,-18,-4
-29.61,7,-18,-4
-29.61,7,-18,-4
-29.61,7,-18,-4
-29.61,7,-18,-4
-29.61,7,-18,-4
-29.61,7,-18,-4
-29.61,7,-18,-4
-31.02,8,-16,-6
-31.02,8,-16,-6
-29.61,8,-18,-5
-29.61,8,-18,-5
-31.02,8,-16,-6
-31.02,8,-16,-6
-31.02,8,-16,-6
-29.61,8,-18,-5
-31.02,8,-16,-6
-31.02,8,-16,-6
-35.25,11,-10,-8
-35.25,11,-10,-8
-35.955,12,-9,-8
-35.25,11,-10,-8
-35.25,11,-10,-8
-35.25,11,-10,-8
-35.955,12,-9,-8
-35.25,11,-10,-8
-35.955,10,-9,-6
-35.25,11,-10,-8
-29.61,8,-18,-4
-29.61,8,-18,-4
-29.61,8,-18,-4
-29.61,8,-18,-4
-29.61,8,-18,-4
-29.61,8,-18,-4
-29.61,8,-18,-4
-29.61,8,-18,-4
-29.61,8,-18,-4
-29.61,8,-18,-4
-38.07,12,-6,-8
-38.07,12,-6,-8
-38.07,12,-6,-8
-38.07,12,-6,-8
-38.07,12,-6,-8
-38.07,12,-6,-8
-38.07,12,-6,-8
-38.07,12,-6,-8
-37.365,11,-7,-7
-38.07,12,-6,-8
-36.66,10,-8,-6
-36.66,11,-8,-7
-36.66,10,-8,-6
-36.66,11,-8,-7
-36.66,11,-8,-7
-33.135,10,-13,-6
-36.66,11,-8,-7
-36.66,11,-8,-7
-34.545,10,-11,-6
-33.135,10,-13,-6
-29.61,8,-18,-5
-29.61,8,-18,-5
-29.61,8,-18,-5
-29.61,8,-18,-5
-29.61,8,-18,-5
-29.61,8,-18,-5
-26.085,7,-23,-5
-29.61,8,-18,-5
-25.38,6,-24,-4
-29.61,8,-18,-5
-33.84,9,-12,-5
-33.84,9,-12,-5
-33.84,9,-12,-5
-33.84,9,-12,-5
-32.43,9,-14,-7
-33.84,9,-12,-5
-33.84,9,-12,-5
-33.84,9,-12,-5
-32.43,9,-14,-7
-33.84,9,-12,-5
-31.725,9,-15,-5
-31.725,9,-15,-5
-32.43,8,-14,-5
-31.725,9,-15,-5
-31.725,9,-15,-5
-31.725,9,-15,-5
-32.43,8,-14,-5
-31.725,9,-15,-5
-31.725,9,-15,-5
-31.725,9,-15,-5
-31.02,8,-16,-5
-31.02,8,-16,-5
-31.02,8,-16,-5
-31.02,8,-16,-5
-31.02,8,-16,-5
-31.02,8,-16,-5
-31.02,8,-16,-5
-31.02,8,-16,-5
-31.02,8,-16,-5
-31.02,8,-16,-5
-31.725,10,-15,-6
-31.725,10,-15,-6
-31.725,10,-15,-6
-31.725,10,-15,-6
-31.725,10,-15,-6
-31.725,10,-15,-6
-31.725,10,-15,-6
-31.725,10,-15,-6
-31.725,10,-15,-6
-31.725,10,-15,-6
-33.84,9,-12,-5
-33.84,9,-12,-5
-33.84,9,-12,-5
-33.84,9,-12,-5
-33.84,9,-12,-5
-33.84,9,-12,-6
-33.84,9,-12,-5
-33.84,9,-12,-5
-33.84,9,-12,-5
-33.84,9,-12,-5
-36.66,9,-8,-6
-36.66,9,-8,-6
-36.66,10,-8,-6
-36.66,9,-8,-6
-36.66,9,-8,-6
-36.66,9,-8,-6
-36.66,9,-8,-6
-36.66,10,-8,-6
-36.66,9,-8,-6
-36.66,10,-8,-6
-26.79,7,-22,-4
-25.38,6,-24,-3
-26.79,7,-22,-4
-26.79,7,-22,-4
-25.38,6,-24,-3
-25.38,6,-24,-3
-26.79,7,-22,-4
-26.79,7,-22,-4
-25.38,6,-24,-3
-26.79,7,-22,-4
-36.66,11,-8,-7
-36.66,11,-8,-7
-36.66,11,-8,-7
-36.66,11,-8,-7
-36.66,11,-8,-7
-33.84,10,-12,-7
-36.66,11,-8,-7
-36.66,11,-8,-7
-36.66,11,-8,-7
-36.66,11,-8,-7
-32.43,8,-14,-5
-32.43,8,-14,-5
-32.43,8,-14,-4
-32.43,8,-14,-4
-32.43,8,-14,-4
-32.43,8,-14,-4
-32.43,8,-14,-4
-32.43,8,-14,-4
-32.43,8,-14,-5
-32.43,8,-14,-4
-38.07,11,-6,-7
-38.07,11,-6,-7
-38.07,11,-6,-7
-38.07,11,-6,-7
-38.07,11,-6,-7
-38.07,11,-6,-7
-38.07,11,-6,-7
-38.07,11,-6,-7
-38.07,11,-6,-7
-38.07,11,-6,-7
-33.84,11,-12,-8
-33.84,11,-12,-8
-33.84,11,-12,-8
-33.84,11,-12,-8
-33.84,11,-12,-8
-33.84,11,-12,-8
-33.84,11,-12,-8
-33.84,11,-12,-8
-33.84,11,-12,-8
-33.84,11,-12,-8
-29.61,10,-18,-6
-29.61,10,-18,-6
-29.61,10,-18,-6
-29.61,10,-18,-6
-29.61,10,-18,-6
-29.61,10,-18,-6
-32.43,10,-14,-6
-29.61,10,-18,-6
-29.61,10,-18,-6
-29.61,10,-18,-6
-30.315,8,-17,-5
-30.315,8,-17,-5
-30.315,8,-17,-5
-30.315,8,-17,-5
-31.02,8,-16,-5
-31.02,8,-16,-6
-30.315,8,-17,-5
-31.02,8,-16,-5
-30.315,8,-17,-5
-31.02,8,-16,-5
-37.365,10,-7,-6
-37.365,10,-7,-6
-37.365,10,-7,-6
-37.365,10,-7,-6
-37.365,10,-7,-6
-37.365,10,-7,-6
-37.365,10,-7,-6
-37.365,10,-7,-6
-37.365,10,-7,-6
-37.365,10,-7,-6
-33.84,8,-12,-4
-33.84,8,-12,-4
-33.84,8,-12,-4
-33.84,8,-12,-4
-33.84,8,-12,-4
-33.84,8,-12,-4
-33.84,8,-12,-4
-33.84,8,-12,-4
-33.84,8,-12,-4
-33.84,8,-12,-4
-33.84,9,-12,-5
-33.84,9,-12,-6
-33.84,9,-12,-5
-33.84,9,-12,-5
-32.43,9,-14,-5
-32.43,9,-14,-5
-32.43,9,-14,-5
-33.84,9,-12,-5
-32.43,9,-14,-5
-32.43,9,-14,-5
-29.61,7,-18,-5
-29.61,7,-18,-5
-29.61,7,-18,-5
-29.61,7,-18,-5
-29.61,7,-18,-5
-29.61,7,-18,-5
-29.61,7,-18,-5
-29.61,7,-18,-5
-29.61,7,-18,-5
-29.61,7,-18,-5
-26.79,7,-22,-5
-26.79,7,-22,-5
-28.905,8,-19,-5
-28.905,8,-19,-5
-28.905,8,-19,-5
-28.905,8,-19,-5
-28.905,8,-19,-5
-28.905,8,-19,-5
-28.905,8,-19,-5
-28.905,8,-19,-5
-31.02,8,-16,-4
-29.61,8,-18,-4
-29.61,8,-18,-4
-31.02,8,-16,-4
-31.02,8,-16,-4
-29.61,8,-18,-4
-31.02,8,-16,-4
-29.61,8,-18,-4
-29.61,8,-18,-4
-31.02,8,-16,-4
