-33.84,9,-12,-5
-38.775,11,-5,-7
-33.84,9,-12,-5
-38.07,10,-6,-6
-37.365,11,-7,-7
-32.43,9,-14,-5
-38.07,10,-6,-6
-37.365,12,-7,-9
-38.07,10,-6,-6
-38.07,10,-6,-6
-28.2,7,-20,-4
-28.2,7,-20,-4
-28.2,7,-20,-4
-29.61,8,-18,-5
-28.2,7,-20,-4
-28.2,7,-20,-4
-29.61,7,-18,-5
-28.2,7,-20,-5
-29.61,7,-18,-4
-29.61,8,-18,-5
-31.02,9,-16,-5
-31.725,11,-15,-7
-29.61,9,-18,-5
-34.545,11,-11,-7
-30.315,10,-17,-6
-33.135,10,-13,-6
-30.315,10,-17,-6
-29.61,9,-18,-5
-29.61,9,-18,-5
-29.61,9,-18,-5
-31.02,8,-16,-6
-31.02,8,-16,-5
-29.61,7,-18,-5
-31.02,8,-16,-5
-31.02,8,-16,-5
-29.61,7,-18,-5
-31.02,8,-16,-5
-31.02,8,-16,-5
-31.02,8,-16,-5
-29.61,7,-18,-5
-34.545,11,-11,-7
-35.25,12,-10,-8
-38.07,12,-6,-8
-38.775,13,-5,-9
-40.89,14,-2,-10
-38.775,13,-5,-9
-36.66,12,-8,-8
-34.545,11,-11,-7
-40.89,14,-2,-10
-35.25,12,-10,-8
-30.315,8,-17,-5
-33.135,8,-13,-4
-33.135,8,-13,-4
-33.135,9,-13,-5
-33.135,9,-13,-5
-31.02,8,-16,-6
-31.02,8,-16,-6
-33.135,9,-13,-5
-33.135,8,-13,-4
-31.02,8,-16,-6
-34.545,11,-11,-8
-32.43,10,-14,-7
-35.25,11,-10,-8
-33.84,9,-12,-7
-33.135,11,-13,-8
-35.25,10,-10,-7
-35.955,11,-9,-8
-32.43,10,-14,-6
-35.955,11,-9,-8
-35.25,10,-10,-7
-27.495,7,-21,-3
-27.495,7,-21,-3
-28.2,8,-20,-4
-27.495,7,-21,-3
-27.495,7,-21,-3
-30.315,8,-17,-4
-27.495,7,-21,-3
-29.61,8,-18,-4
-28.2,8,-20,-4
-27.495,7,-21,-3
-32.43,9,-14,-6
-28.905,8,-19,-6
-33.135,11,-13,-9
-28.905,8,-19,-6
-28.905,8,-19,-6
-28.905,9,-19,-6
-28.905,8,-19,-6
-31.02,9,-16,-7
-28.905,8,-19,-6
-33.135,11,-13,-9
-31.725,8,-15,-6
-34.545,9,-11,-7
-34.545,9,-11,-7
-35.25,10,-10,-8
-35.25,10,-10,-8
-34.545,11,-11,-7
-33.135,9,-13,-6
-36.66,11,-8,-8
-33.135,10,-13,-6
-36.66,11,-8,-8
-33.84,11,-12,-7
-33.135,10,-13,-6
-33.135,10,-13,-6
-33.135,10,-13,-6
-33.84,11,-12,-7
-33.84,11,-12,-7
-34.545,10,-11,-6
-33.84,10,-12,-6
-33.135,10,-13,-6
-33.84,10,-12,-6
-32.43,10,-14,-7
-32.43,10,-14,-7
-32.43,10,-14,-7
-32.43,10,-14,-7
-32.43,10,-14,-7
-32.43,10,-14,-7
-32.43,10,-14,-7
-32.43,10,-14,-7
-29.61,8,-18,-5
-32.43,10,-14,-7
-26.085,7,-23,-4
-26.085,7,-23,-4
-25.38,6,-24,-4
-25.38,7,-24,-4
-24.675,7,-25,-4
-26.085,7,-23,-3
-23.265,7,-27,-4
-25.38,6,-24,-4
-26.085,7,-23,-3
-25.38,7,-24,-4
-32.43,9,-14,-6
-33.135,10,-13,-7
-32.43,10,-14,-7
-33.135,10,-13,-7
-32.43,10,-14,-6
-31.725,9,-15,-5
-31.725,9,-15,-5
-33.135,10,-13,-7
-31.725,9,-15,-5
-32.43,10,-14,-6
-31.725,8,-15,-6
-31.02,8,-16,-4
-31.725,8,-15,-6
-31.725,9,-15,-5
-33.135,8,-13,-6
-31.725,8,-15,-5
-31.725,8,-15,-6
-31.725,8,-15,-6
-31.725,8,-15,-6
-31.725,8,-15,-5
-33.84,8,-12,-5
-35.25,9,-10,-5
-32.43,8,-14,-5
-35.25,9,-10,-5
-33.84,8,-12,-5
-33.84,8,-12,-5
-31.02,8,-16,-5
-35.25,9,-10,-5
-33.84,8,-12,-5
-35.25,9,-10,-5
-28.2,8,-20,-4
-28.2,7,-20,-4
-29.61,8,-18,-4
-29.61,8,-18,-4
-29.61,8,-18,-4
-28.2,8,-20,-4
-28.2,8,-20,-4
-29.61,8,-18,-4
-29.61,8,-18,-4
-29.61,9,-18,-5
-28.2,8,-20,-5
-28.2,8,-20,-5
-28.2,7,-20,-4
-29.61,8,-18,-4
-26.79,7,-22,-4
-29.61,8,-18,-5
-28.2,7,-20,-4
-28.2,7,-20,-4
-29.61,8,-18,-5
-28.2,7,-20,-4
-34.545,10,-11,-6
-33.135,10,-13,-7
-32.43,9,-14,-5
-35.25,11,-10,-7
-35.25,11,-10,-7
-35.25,11,-10,-7
-33.135,10,-13,-6
-31.725,9,-15,-6
-35.955,11,-9,-7
-35.25,11,-10,-7
-34.545,10,-11,-6
-34.545,10,-11,-6
-34.545,10,-11,-6
-35.25,11,-10,-8
-32.43,9,-14,-7
-32.43,9,-14,-6
-30.315,9,-17,-6
-33.84,9,-12,-5
-34.545,10,-11,-6
-33.84,9,-12,-6
-28.2,7,-20,-4
-31.02,9,-16,-7
-28.2,7,-20,-4
-29.61,9,-18,-5
-31.02,9,-16,-6
-31.725,10,-15,-8
-31.02,9,-16,-7
-30.315,9,-17,-7
-31.02,9,-16,-7
-30.315,9,-17,-5
-34.545,11,-11,-7
-34.545,11,-11,-7
-34.545,11,-11,-8
-33.84,10,-12,-6
-34.545,11,-11,-7
-34.545,10,-11,-6
-34.545,10,-11,-6
-34.545,10,-11,-6
-35.25,10,-10,-7
-35.25,10,-10,-7
-23.97,6,-26,-4
-22.56,6,-28,-3
-24.675,6,-25,-3
-22.56,6,-28,-3
-24.675,6,-25,-3
-24.675,6,-25,-3
-22.56,6,-28,-3
-24.675,6,-25,-3
-22.56,6,-28,-3
-24.675,6,-25,-3
-37.365,12,-7,-8
-36.66,11,-8,-7
-37.365,12,-7,-8
-36.66,12,-8,-9
-38.07,13,-6,-9
-37.365,12,-7,-8
-37.365,12,-7,-8
-39.48,12,-4,-8
-38.775,12,-5,-8
-36.66,11,-8,-7
-31.02,8,-16,-5
-36.66,10,-8,-6
-33.84,9,-12,-5
-35.25,9,-10,-5
-31.02,8,-16,-5
-33.84,9,-12,-5
-33.84,9,-12,-5
-33.84,9,-12,-5
-32.43,8,-14,-5
-31.02,8,-16,-5
-30.315,8,-17,-6
-29.61,8,-18,-6
-33.135,9,-13,-6
-32.43,8,-14,-5
-34.545,9,-11,-5
-33.135,9,-13,-6
-33.135,9,-13,-6
-33.135,9,-13,-6
-33.135,9,-13,-6
-32.43,8,-14,-5
-36.66,10,-8,-6
-36.66,10,-8,-6
-40.185,12,-3,-8
-35.955,9,-9,-5
-40.89,11,-2,-7
-38.775,11,-5,-7
-36.66,10,-8,-6
-36.66,10,-8,-6
-37.365,11,-7,-7
-36.66,10,-8,-6
-33.135,11,-13,-7
-33.135,11,-13,-7
-31.725,9,-15,-6
-32.43,9,-14,-5
-32.43,9,-14,-5
-31.725,9,-15,-6
-32.43,10,-14,-6
-33.135,10,-13,-6
-32.43,9,-14,-5
-35.25,10,-10,-6
-31.02,8,-16,-5
-29.61,7,-18,-4
-31.02,8,-16,-5
-31.02,8,-16,-5
-26.79,7,-22,-5
-29.61,7,-18,-3
-29.61,7,-18,-3
-31.02,8,-16,-5
-29.61,7,-18,-4
-29.61,7,-18,-3
-31.725,8,-15,-5
-33.135,8,-13,-5
-33.135,8,-13,-4
-33.135,8,-13,-5
-33.135,8,-13,-5
-33.135,8,-13,-5
-33.135,8,-13,-5
-33.135,8,-13,-5
-33.135,8,-13,-4
-33.135,8,-13,-5
-31.02,9,-16,-6
-32.43,9,-14,-5
-31.02,9,-16,-6
-30.315,8,-17,-5
-31.02,9,-16,-6
-31.02,9,-16,-6
-29.61,7,-18,-5
-30.315,8,-17,-5
-31.02,9,-16,-6
-30.315,8,-17,-5
-31.02,8,-16,-6
-31.02,8,-16,-5
-31.02,8,-16,-5
-31.02,8,-16,-6
-31.02,8,-16,-6
-31.02,8,-16,-5
-31.02,8,-16,-6
-31.02,8,-16,-6
-31.02,8,-16,-6
-31.02,8,-16,-5
-33.84,8,-12,-5
-33.84,8,-12,-5
-33.135,9,-13,-5
-33.84,8,-12,-5
-33.84,8,-12,-5
-33.84,8,-12,-5
-33.84,8,-12,-5
-32.43,8,-14,-5
-32.43,8,-14,-5
-33.84,8,-12,-5
-28.2,8,-20,-4
-26.79,7,-22,-4
-29.61,8,-18,-5
-29.61,9,-18,-5
-29.61,9,-18,-5
-28.2,7,-20,-4
-26.79,7,-22,-4
-26.79,7,-22,-4
-28.2,8,-20,-4
-29.61,8,-18,-4
-28.2,7,-20,-4
-25.38,6,-24,-2
-25.38,6,-24,-3
-28.2,7,-20,-4
-26.79,7,-22,-3
-25.38,6,-24,-2
-25.38,6,-24,-3
-28.2,7,-20,-4
-28.2,7,-20,-4
-28.2,7,-20,-4
-31.725,8,-15,-4
-31.02,8,-16,-4
-32.43,9,-14,-5
-32.43,9,-14,-5
-29.61,8,-18,-4
-32.43,8,-14,-4
-32.43,9,-14,-5
-31.725,9,-15,-5
-31.02,8,-16,-4
-31.02,8,-16,-4
-32.43,8,-14,-4
-31.02,8,-16,-4
-31.02,8,-16,-5
-31.02,8,-16,-4
-31.02,8,-16,-4
-31.02,8,-16,-4
-31.02,8,-16,-4
-31.02,8,-16,-5
-31.02,8,-16,-4
-31.02,8,-16,-4
-33.84,9,-12,-5
-33.84,8,-12,-5
-31.02,8,-16,-5
-33.84,8,-12,-5
-32.43,8,-14,-5
-29.61,8,-18,-5
-29.61,7,-18,-4
-33.84,8,-12,-5
-33.84,8,-12,-5
-32.43,8,-14,-5
-33.84,9,-12,-5
-32.43,8,-14,-6
-32.43,8,-14,-4
-32.43,8,-14,-6
-32.43,8,-14,-6
-32.43,8,-14,-4
-32.43,8,-14,-5
-32.43,8,-14,-6
-32.43,8,-14,-4
-33.84,8,-12,-4
-35.25,10,-10,-6
-35.25,10,-10,-6
-35.25,10,-10,-6
-33.135,10,-13,-6
-35.25,10,-10,-6
-33.135,10,-13,-6
-34.545,10,-11,-6
-32.43,9,-14,-5
-33.135,9,-13,-5
-35.25,10,-10,-6
-33.135,10,-13,-6
-34.545,10,-11,-6
-35.25,11,-10,-7
-33.84,10,-12,-6
-32.43,9,-14,-6
-33.135,10,-13,-7
-33.135,9,-13,-5
-33.84,10,-12,-6
-33.135,9,-13,-5
-33.135,9,-13,-5
-29.61,9,-18,-6
-28.2,8,-20,-6
-27.495,7,-21,-4
-29.61,9,-18,-7
-28.2,8,-20,-6
-29.61,9,-18,-7
-28.2,8,-20,-5
-28.2,8,-20,-5
-29.61,9,-18,-6
-26.79,8,-22,-6
-33.84,10,-12,-7
-33.84,10,-12,-6
-33.84,10,-12,-6
-33.84,10,-12,-7
-35.25,11,-10,-8
-35.25,11,-10,-7
-33.84,10,-12,-6
-33.84,10,-12,-7
-35.25,10,-10,-7
-35.25,11,-10,-7
-31.725,8,-15,-4
-33.135,8,-13,-4
-33.135,8,-13,-4
-33.135,8,-13,-4
-31.725,8,-15,-4
-31.725,8,-15,-4
-33.135,8,-13,-4
-33.135,8,-13,-4
-33.135,8,-13,-4
-33.135,8,-13,-4
-34.545,11,-11,-7
-30.315,10,-17,-6
-34.545,11,-11,-7
-32.43,10,-14,-6
-34.545,11,-11,-7
-35.25,11,-10,-7
-33.84,10,-12,-6
-34.545,11,-11,-7
-35.25,11,-10,-8
-32.43,10,-14,-6
-35.955,11,-9,-8
-35.955,11,-9,-8
-35.25,10,-10,-7
-34.545,10,-11,-7
-35.25,11,-10,-8
-35.955,11,-9,-8
-35.955,11,-9,-8
-35.955,11,-9,-8
-33.84,8,-12,-6
-35.955,11,-9,-8
-27.495,8,-21,-5
-28.2,8,-20,-5
-27.495,7,-21,-4
-28.2,8,-20,-4
-28.2,8,-20,-5
-27.495,7,-21,-4
-28.905,8,-19,-4
-26.79,7,-22,-4
-27.495,7,-21,-4
-28.905,8,-19,-5
-31.725,8,-15,-5
-31.725,8,-15,-5
-32.43,9,-14,-6
-32.43,10,-14,-7
-32.43,9,-14,-6
-31.725,8,-15,-5
-32.43,9,-14,-6
-31.725,8,-15,-5
-32.43,9,-14,-6
-33.135,10,-13,-7
-33.84,9,-12,-5
-35.25,10,-10,-6
-35.25,10,-10,-6
-35.25,10,-10,-6
-35.25,10,-10,-6
-35.25,10,-10,-6
-35.25,10,-10,-6
-31.02,9,-16,-5
-35.25,10,-10,-6
-33.84,10,-12,-6
-31.02,8,-16,-6
-33.135,8,-13,-4
-32.43,8,-14,-5
-29.61,7,-18,-4
-32.43,8,-14,-5
-33.135,9,-13,-5
-29.61,7,-18,-4
-31.02,8,-16,-6
-33.84,9,-12,-6
-32.43,8,-14,-5
-35.25,12,-10,-10
-35.955,12,-9,-9
-35.25,11,-10,-7
-35.955,11,-9,-8
-35.25,12,-10,-8
-35.955,12,-9,-9
-35.25,12,-10,-9
-35.955,12,-9,-9
-36.66,12,-8,-8
-35.25,11,-10,-7
-31.02,8,-16,-6
-32.43,8,-14,-5
-31.02,8,-16,-4
-32.43,8,-14,-5
-32.43,8,-14,-5
-32.43,8,-14,-5
-31.02,8,-16,-5
-31.02,8,-16,-6
-31.02,8,-16,-4
-31.02,8,-16,-4
-30.315,8,-17,-4
-31.02,9,-16,-5
-30.315,8,-17,-4
-31.725,9,-15,-5
-29.61,7,-18,-4
-32.43,8,-14,-4
-31.02,9,-16,-5
-31.02,9,-16,-5
-29.61,7,-18,-4
-29.61,7,-18,-4
-31.02,8,-16,-6
-31.02,8,-16,-5
-31.02,8,-16,-6
-31.02,8,-16,-6
-29.61,7,-18,-5
-31.02,8,-16,-5
-31.02,8,-16,-6
-31.02,8,-16,-6
-31.02,8,-16,-6
-29.61,7,-18,-5
-32.43,9,-14,-5
-32.43,9,-14,-6
-32.43,9,-14,-5
-32.43,9,-14,-5
-29.61,7,-18,-4
-32.43,9,-14,-5
-32.43,8,-14,-4
-32.43,9,-14,-5
-32.43,9,-14,-5
-32.43,9,-14,-5
-29.61,8,-18,-5
-29.61,8,-18,-4
-32.43,9,-14,-5
-32.43,9,-14,-6
-29.61,8,-18,-6
-32.43,9,-14,-6
-32.43,9,-14,-6
-32.43,9,-14,-6
-32.43,9,-14,-6
-28.2,8,-20,-5
-34.545,9,-11,-5
-34.545,9,-11,-5
-31.725,8,-15,-4
-31.725,9,-15,-5
-32.43,8,-14,-5
-32.43,9,-14,-5
-33.135,8,-13,-4
-34.545,10,-11,-6
-31.725,9,-15,-5
-32.43,8,-14,-5
-28.2,7,-20,-5
-29.61,8,-18,-5
-28.2,7,-20,-5
-31.02,8,-16,-4
-35.25,10,-10,-6
-33.84,9,-12,-5
-33.84,9,-12,-5
-29.61,8,-18,-5
-29.61,8,-18,-5
-29.61,8,-18,-5
-35.955,10,-9,-7
-35.955,10,-9,-7
-35.955,10,-9,-7
-35.955,10,-9,-7
-37.365,10,-7,-7
-35.955,10,-9,-7
-37.365,10,-7,-7
-35.955,10,-9,-7
-37.365,10,-7,-7
-37.365,10,-7,-7
-32.43,9,-14,-6
-32.43,9,-14,-6
-35.25,10,-10,-7
-33.84,9,-12,-6
-32.43,9,-14,-6
-33.84,9,-12,-6
-33.84,9,-12,-6
-33.84,9,-12,-6
-32.43,9,-14,-6
-33.84,9,-12,-6
-31.725,9,-15,-6
-35.25,10,-10,-6
-31.725,9,-15,-6
-34.545,10,-11,-7
-30.315,8,-17,-5
-33.135,9,-13,-5
-33.135,10,-13,-7
-30.315,8,-17,-5
-33.84,9,-12,-6
-30.315,8,-17,-5
-27.495,7,-21,-4
-28.905,7,-19,-4
-29.61,9,-18,-6
-30.315,8,-17,-4
-30.315,8,-17,-5
-30.315,8,-17,-4
-29.61,8,-18,-5
-31.02,8,-16,-4
-28.2,8,-20,-4
-28.905,7,-19,-4
-35.955,10,-9,-6
-35.955,10,-9,-6
-35.25,10,-10,-6
-38.07,11,-6,-8
-35.955,10,-9,-6
-35.25,10,-10,-6
-35.955,10,-9,-6
-34.545,10,-11,-6
-35.955,10,-9,-6
-35.955,10,-9,-6
-36.66,9,-8,-5
-35.25,9,-10,-5
-38.07,9,-6,-5
-36.66,9,-8,-5
-35.25,9,-10,-5
-36.66,9,-8,-5
-35.25,9,-10,-6
-35.25,9,-10,-5
-36.66,9,-8,-5
-35.25,9,-10,-6
-35.25,10,-10,-6
-33.135,11,-13,-7
-35.25,10,-10,-6
-34.545,10,-11,-6
-33.135,11,-13,-7
-31.725,9,-15,-5
-31.725,9,-15,-6
-35.25,10,-10,-7
-32.43,10,-14,-6
-35.25,10,-10,-6
-29.61,7,-18,-3
-25.38,6,-24,-4
-28.2,7,-20,-3
-25.38,6,-24,-3
-28.2,7,-20,-3
-25.38,6,-24,-2
-28.2,7,-20,-3
-28.2,7,-20,-3
-28.2,7,-20,-3
-29.61,7,-18,-3
-31.02,9,-16,-6
-32.43,9,-14,-6
-31.02,8,-16,-5
-32.43,9,-14,-6
-31.02,9,-16,-6
-32.43,9,-14,-6
-29.61,8,-18,-5
-31.02,9,-16,-6
-31.02,8,-16,-5
-32.43,9,-14,-6
-25.38,7,-24,-4
-26.79,8,-22,-4
-25.38,7,-24,-4
-25.38,7,-24,-4
-26.79,7,-22,-4
-26.79,8,-22,-4
-25.38,7,-24,-4
-25.38,7,-24,-4
-25.38,7,-24,-4
-26.79,8,-22,-4
-29.61,8,-18,-5
-31.02,8,-16,-5
-29.61,8,-18,-4
-29.61,7,-18,-4
-29.61,8,-18,-4
-28.2,7,-20,-4
-29.61,7,-18,-4
-31.02,8,-16,-5
-31.02,8,-16,-4
-31.02,8,-16,-5
-35.25,9,-10,-5
-35.25,9,-10,-5
-34.545,9,-11,-5
-33.84,9,-12,-5
-35.25,9,-10,-5
-34.545,9,-11,-5
-33.84,9,-12,-5
-33.84,9,-12,-5
-33.84,9,-12,-5
-33.135,8,-13,-4
-29.61,7,-18,-5
-31.02,8,-16,-4
-29.61,7,-18,-4
-28.2,7,-20,-4
-26.79,7,-22,-4
-29.61,7,-18,-4
-28.2,8,-20,-5
-31.02,8,-16,-4
-25.38,6,-24,-4
-29.61,7,-18,-4
-36.66,10,-8,-6
-36.66,10,-8,-6
-32.43,9,-14,-6
-36.66,10,-8,-6
-35.25,9,-10,-6
-32.43,9,-14,-5
-31.725,8,-15,-5
-32.43,9,-14,-5
-36.66,10,-8,-6
-32.43,9,-14,-6
-31.02,8,-16,-5
-29.61,7,-18,-4
-32.43,8,-14,-5
-32.43,8,-14,-5
-31.725,9,-15,-5
-32.43,8,-14,-5
-32.43,8,-14,-5
-32.43,8,-14,-5
-32.43,8,-14,-5
-32.43,8,-14,-5
-26.79,7,-22,-4
-26.79,7,-22,-4
-26.79,7,-22,-4
-25.38,6,-24,-4
-26.79,7,-22,-4
-26.79,7,-22,-4
-26.79,7,-22,-4
-26.79,7,-22,-4
-26.79,7,-22,-4
-25.38,7,-24,-5
-31.02,8,-16,-4
-31.02,8,-16,-5
-31.02,8,-16,-5
-31.02,8,-16,-5
-32.43,8,-14,-4
-31.02,8,-16,-5
-26.79,7,-22,-3
-32.43,8,-14,-5
-32.43,8,-14,-5
-31.02,8,-16,-4
-28.905,7,-19,-5
-30.315,8,-17,-6
-28.905,7,-19,-5
-30.315,9,-17,-7
-29.61,8,-18,-6
-29.61,8,-18,-6
-31.02,8,-16,-6
-28.2,7,-20,-6
-29.61,8,-18,-6
-28.2,7,-20,-5
-35.25,11,-10,-8
-38.775,11,-5,-7
-35.25,11,-10,-8
-34.545,10,-11,-6
-35.25,11,-10,-8
-33.84,10,-12,-7
-36.66,11,-8,-7
-35.25,11,-10,-8
-38.775,11,-5,-7
-38.775,11,-5,-7
-28.2,7,-20,-3
-28.2,7,-20,-3
-28.2,7,-20,-3
-28.2,7,-20,-3
-28.2,7,-20,-3
-28.2,7,-20,-3
-29.61,8,-18,-4
-28.2,7,-20,-3
-28.2,7,-20,-3
-28.2,7,-20,-3
-38.07,12,-6,-8
-38.07,12,-6,-8
-37.365,11,-7,-7
-37.365,11,-7,-7
-37.365,11,-7,-7
-38.07,12,-6,-8
-35.25,12,-10,-8
-37.365,11,-7,-7
-37.365,11,-7,-7
-38.07,12,-6,-8
-35.25,10,-10,-6
-34.545,10,-11,-6
-36.66,11,-8,-7
-33.84,9,-12,-5
-34.545,9,-11,-5
-33.84,9,-12,-5
-33.135,10,-13,-6
-34.545,9,-11,-5
-35.955,10,-9,-6
-33.84,9,-12,-5
-29.61,8,-18,-5
-30.315,8,-17,-5
-29.61,8,-18,-5
-28.905,7,-19,-5
-29.61,8,-18,-5
-32.43,8,-14,-5
-29.61,8,-18,-5
-29.61,8,-18,-5
-28.905,7,-19,-4
-29.61,8,-18,-5
-33.84,9,-12,-5
-35.25,9,-10,-5
-33.84,9,-12,-5
-35.25,10,-10,-6
-31.02,8,-16,-4
-33.84,9,-12,-5
-35.25,9,-10,-5
-33.84,9,-12,-5
-33.84,9,-12,-5
-33.84,9,-12,-5
-31.725,9,-15,-5
-30.315,8,-17,-4
-32.43,9,-14,-5
-31.02,8,-16,-5
-32.43,8,-14,-5
-31.725,9,-15,-5
-31.02,8,-16,-5
-30.315,8,-17,-4
-31.725,9,-15,-5
-31.725,9,-15,-5
-29.61,8,-18,-6
-31.02,8,-16,-6
-32.43,9,-14,-7
-31.02,8,-16,-4
-31.02,8,-16,-5
-29.61,8,-18,-6
-32.43,9,-14,-7
-31.02,9,-16,-6
-31.02,8,-16,-5
-31.02,8,-16,-5
-31.02,9,-16,-6
-31.02,9,-16,-6
-28.905,8,-19,-4
-33.135,10,-13,-6
-28.905,8,-19,-4
-31.02,9,-16,-6
-31.02,9,-16,-6
-31.02,9,-16,-6
-28.2,8,-20,-5
-30.315,9,-17,-6
-32.43,8,-14,-5
-32.43,8,-14,-4
-32.43,8,-14,-5
-33.84,9,-12,-5
-32.43,9,-14,-5
-35.25,9,-10,-5
-33.84,9,-12,-5
-32.43,9,-14,-5
-33.84,9,-12,-5
-32.43,8,-14,-4
-37.365,10,-7,-6
-37.365,10,-7,-6
-36.66,9,-8,-6
-36.66,10,-8,-6
-35.25,9,-10,-6
-35.25,9,-10,-6
-37.365,10,-7,-6
-36.66,10,-8,-6
-35.25,9,-10,-6
-35.25,9,-10,-6
-23.97,6,-26,-3
-26.79,8,-22,-5
-26.085,7,-23,-4
-26.79,8,-22,-5
-24.675,7,-25,-4
-26.085,7,-23,-4
-26.085,7,-23,-4
-25.38,7,-24,-4
-26.79,8,-22,-5
-26.79,8,-22,-5
-33.84,10,-12,-6
-35.955,10,-9,-6
-33.84,10,-12,-6
-36.66,9,-8,-6
-36.66,9,-8,-6
-33.84,10,-12,-6
-34.545,9,-11,-5
-34.545,9,-11,-5
-33.84,9,-12,-6
-31.725,9,-15,-5
-35.25,9,-10,-5
-32.43,8,-14,-5
-35.25,9,-10,-5
-32.43,8,-14,-5
-35.25,9,-10,-5
-32.43,8,-14,-4
-35.25,9,-10,-5
-35.25,9,-10,-5
-35.25,9,-10,-5
-32.43,8,-14,-5
-36.66,10,-8,-6
-37.365,11,-7,-7
-33.135,9,-13,-5
-37.365,10,-7,-6
-38.07,11,-6,-7
-38.07,10,-6,-6
-38.07,11,-6,-7
-38.07,11,-6,-7
-36.66,11,-8,-7
-37.365,11,-7,-7
-34.545,12,-11,-8
-35.955,12,-9,-8
-35.25,12,-10,-9
-35.955,12,-9,-8
-33.84,11,-12,-8
-35.955,12,-9,-8
-35.955,12,-9,-8
-35.955,12,-9,-8
-33.84,11,-12,-8
-33.84,11,-12,-8
-32.43,10,-14,-6
-28.905,9,-19,-5
-29.61,10,-18,-7
-32.43,10,-14,-6
-32.43,10,-14,-6
-30.315,11,-17,-7
-28.2,8,-20,-5
-29.61,10,-18,-6
-33.84,11,-12,-7
-32.43,10,-14,-6
-29.61,7,-18,-5
-30.315,8,-17,-5
-29.61,7,-18,-5
-29.61,7,-18,-5
-29.61,7,-18,-5
-31.02,8,-16,-6
-30.315,8,-17,-5
-31.02,8,-16,-5
-31.02,8,-16,-6
-31.02,8,-16,-6
-37.365,10,-7,-6
-37.365,10,-7,-6
-37.365,10,-7,-6
-37.365,10,-7,-6
-35.25,9,-10,-6
-37.365,10,-7,-6
-37.365,10,-7,-6
-37.365,10,-7,-6
-35.955,9,-9,-5
-37.365,10,-7,-6
-33.84,8,-12,-4
-32.43,8,-14,-4
-33.84,8,-12,-4
-33.84,8,-12,-4
-32.43,8,-14,-4
-33.84,8,-12,-4
-32.43,8,-14,-4
-32.43,9,-14,-5
-33.84,8,-12,-4
-33.84,8,-12,-4
-33.84,9,-12,-5
-32.43,8,-14,-5
-32.43,8,-14,-5
-32.43,9,-14,-5
-32.43,9,-14,-6
-33.84,9,-12,-5
-31.02,8,-16,-5
-32.43,8,-14,-5
-31.02,8,-16,-4
-33.84,9,-12,-5
-29.61,7,-18,-5
-29.61,7,-18,-5
-29.61,7,-18,-5
-29.61,7,-18,-5
-29.61,7,-18,-5
-29.61,7,-18,-5
-29.61,7,-18,-5
-29.61,7,-18,-5
-31.02,8,-16,-6
-31.02,8,-16,-6
-28.905,8,-19,-5
-28.2,7,-20,-5
-28.2,7,-20,-5
-28.905,8,-19,-5
-29.61,7,-18,-6
-26.79,7,-22,-5
-30.315,8,-17,-5
-28.2,7,-20,-5
-28.905,8,-19,-5
-30.315,8,-17,-5
-29.61,8,-18,-4
-31.02,8,-16,-4
-31.02,8,-16,-4
-31.02,9,-16,-5
-29.61,8,-18,-4
-31.02,8,-16,-4
-31.02,8,-16,-4
-29.61,8,-18,-5
-29.61,8,-18,-4
-29.61,8,-18,-4
