-43.44,10,-12,-2
-43.44,9,-12,-2
-43.44,10,-12,-2
-44.345,9,-11,-1
-43.44,10,-12,-2
-44.345,9,-11,-1
-44.345,9,-11,-1
-43.44,10,-12,-2
-43.44,9,-12,-2
-44.345,9,-11,-1
-53.395,13,-1,-4
-53.395,12,-1,-2
-53.395,12,-1,-2
-53.395,12,-1,-2
-53.395,12,-1,-2
-54.3,13,0,-3
-53.395,12,-1,-2
-53.395,12,-1,-2
-53.395,12,-1,-2
-53.395,12,-1,-2
-45.25,10,-10,-2
-45.25,10,-10,-1
-45.25,10,-10,-2
-45.25,10,-10,-1
-47.06,10,-8,-3
-47.06,10,-8,-3
-45.25,10,-10,-2
-45.25,10,-10,-1
-41.63,9,-14,-3
-45.25,10,-10,-1
-49.775,11,-5,-2
-50.68,12,-4,-2
-49.775,11,-5,-2
-50.68,12,-4,-2
-46.155,11,-9,-2
-50.68,12,-4,-3
-50.68,12,-4,-2
-49.775,11,-5,-2
-49.775,11,-5,-2
-50.68,12,-4,-3
-39.82,8,-16,-1
-43.44,10,-12,-2
-43.44,10,-12,-2
-47.06,10,-8,-3
-43.44,10,-12,-2
-40.725,9,-15,-3
-40.725,9,-15,-2
-43.44,10,-12,-2
-47.06,10,-8,-3
-47.06,10,-8,-3
-46.155,10,-9,-1
-47.06,10,-8,-2
-47.965,11,-7,-3
-41.63,8,-14,-2
-46.155,10,-9,-1
-47.06,10,-8,-2
-41.63,9,-14,-1
-46.155,10,-9,-1
-46.155,10,-9,-1
-46.155,10,-9,-1
-52.49,12,-2,-3
-50.68,11,-4,-2
-54.3,12,0,-3
-49.775,11,-5,-1
-52.49,12,-2,-3
-54.3,12,0,-3
-49.775,11,-5,-1
-50.68,12,-4,-3
-49.775,11,-5,-1
-53.395,12,-1,-4
-48.87,11,-6,-2
-48.87,11,-6,-2
-48.87,11,-6,-4
-48.87,11,-6,-2
-48.87,11,-6,-2
-48.87,11,-6,-3
-48.87,11,-6,-2
-48.87,11,-6,-2
-48.87,11,-6,-2
-48.87,11,-6,-2
-47.965,12,-7,-3
-48.87,12,-6,-4
-46.155,10,-9,-1
-47.06,12,-8,-4
-48.87,12,-6,-4
-48.87,12,-6,-4
-46.155,10,-9,-1
-49.775,12,-5,-3
-49.775,12,-5,-5
-48.87,12,-6,-4
-48.87,10,-6,0
-47.965,10,-7,-1
-47.965,10,-7,-1
-48.87,10,-6,0
-48.87,10,-6,0
-48.87,10,-6,0
-48.87,10,-6,0
-48.87,10,-6,0
-47.965,10,-7,-1
-48.87,10,-6,0
-47.965,10,-7,-1
-46.155,10,-9,-2
-50.68,12,-4,-4
-47.965,10,-7,-1
-50.68,12,-4,-4
-47.965,10,-7,-1
-47.965,10,-7,-1
-47.965,10,-7,-1
-50.68,12,-4,-3
-48.87,12,-6,-2
-47.06,11,-8,-2
-50.68,11,-4,-2
-50.68,11,-4,-2
-47.965,11,-7,-4
-47.965,11,-7,-3
-48.87,11,-6,-3
-48.87,11,-6,-3
-47.965,11,-7,-3
-47.06,11,-8,-2
-47.965,11,-7,-3
-49.775,12,-5,-3
-49.775,12,-5,-3
-49.775,12,-5,-3
-49.775,12,-5,-3
-49.775,12,-5,-3
-49.775,12,-5,-3
-49.775,12,-5,-3
-49.775,12,-5,-3
-49.775,12,-5,-3
-50.68,12,-4,-4
-48.87,11,-6,-3
-48.87,11,-6,-3
-47.965,11,-7,-2
-48.87,11,-6,-1
-48.87,11,-6,-1
-47.965,11,-7,-2
-48.87,11,-6,-3
-47.965,11,-7,-3
-48.87,11,-6,-2
-48.87,11,-6,-3
-44.345,10,-11,-1
-44.345,10,-11,-1
-44.345,10,-11,-1
-44.345,10,-11,-1
-42.535,9,-13,-1
-45.25,11,-10,-3
-44.345,10,-11,-1
-44.345,10,-11,-1
-45.25,10,-10,-2
-44.345,10,-11,-1
-48.87,10,-6,-3
-49.775,11,-5,-2
-49.775,11,-5,-3
-46.155,10,-9,-3
-49.775,11,-5,-2
-49.775,11,-5,-3
-49.775,11,-5,-2
-49.775,11,-5,-3
-48.87,10,-6,-3
-47.965,10,-7,-2
-51.585,12,-3,-4
-47.06,10,-8,-3
-48.87,12,-6,-5
-47.965,10,-7,-2
-50.68,12,-4,-3
-47.06,10,-8,-3
-52.49,12,-2,-4
-47.06,10,-8,-3
-48.87,11,-6,-4
-52.49,12,-2,-4
-49.775,12,-5,-5
-47.06,11,-8,-5
-48.87,12,-6,-5
-48.87,12,-6,-5
-47.965,11,-7,-4
-47.06,12,-8,-4
-47.06,12,-8,-4
-43.44,11,-12,-3
-45.25,11,-10,-5
-47.06,12,-8,-4
-52.49,12,-2,-4
-52.49,12,-2,-4
-51.585,12,-3,-3
-51.585,12,-3,-4
-52.49,12,-2,-4
-52.49,12,-2,-4
-51.585,12,-3,-3
-52.49,12,-2,-4
-52.49,12,-2,-4
-52.49,12,-2,-4
-50.68,11,-4,-2
-50.68,11,-4,-2
-50.68,11,-4,-2
-50.68,11,-4,-2
-50.68,11,-4,-2
-50.68,11,-4,-2
-50.68,11,-4,-2
-50.68,11,-4,-2
-50.68,11,-4,-2
-50.68,11,-4,-2
-47.06,11,-8,-4
-47.06,11,-8,-4
-47.06,11,-8,-3
-46.155,11,-9,-3
-45.25,10,-10,-2
-47.06,11,-8,-3
-47.06,11,-8,-4
-47.06,11,-8,-3
-46.155,11,-9,-3
-47.06,11,-8,-3
-49.775,12,-5,-7
-44.345,10,-11,-4
-46.155,10,-9,-3
-44.345,10,-11,-4
-44.345,10,-11,-4
-49.775,12,-5,-4
-46.155,10,-9,-3
-44.345,10,-11,-4
-49.775,12,-5,-7
-44.345,10,-11,-3
-50.68,11,-4,-2
-49.775,10,-5,-2
-49.775,10,-5,-2
-49.775,11,-5,-2
-50.68,11,-4,-2
-50.68,11,-4,-3
-50.68,11,-4,-2
-50.68,11,-4,-3
-49.775,10,-5,-2
-52.49,11,-2,-2
-52.49,13,-2,-4
-45.25,10,-10,0
-47.06,10,-8,-2
-45.25,10,-10,0
-47.965,11,-7,-3
-45.25,10,-10,0
-53.395,14,-1,-7
-45.25,10,-10,0
-45.25,10,-10,0
-47.965,11,-7,-3
-48.87,11,-6,-2
-48.87,11,-6,-1
-48.87,11,-6,-2
-47.965,10,-7,-1
-48.87,11,-6,-2
-48.87,11,-6,-1
-48.87,11,-6,-2
-48.87,11,-6,-1
-48.87,11,-6,-1
-48.87,11,-6,-1
-47.06,10,-8,-3
-48.87,11,-6,-1
-50.68,10,-4,-3
-50.68,10,-4,-3
-47.06,10,-8,-3
-47.06,11,-8,-3
-49.775,11,-5,-1
-49.775,12,-5,-2
-50.68,12,-4,-3
-47.06,10,-8,-3
-38.01,8,-18,-2
-42.535,11,-13,-2
-42.535,11,-13,-3
-39.82,10,-16,-3
-42.535,11,-13,-2
-39.82,10,-16,-3
-45.25,12,-10,-3
-42.535,11,-13,-2
-42.535,11,-13,-1
-43.44,12,-12,-2
-45.25,9,-10,-2
-46.155,10,-9,-2
-45.25,10,-10,-1
-44.345,10,-11,-3
-45.25,10,-10,-1
-45.25,10,-10,-1
-45.25,9,-10,-2
-45.25,10,-10,-1
-46.155,10,-9,-2
-45.25,10,-10,0
-43.44,10,-12,-3
-44.345,10,-11,-1
-44.345,10,-11,-1
-44.345,10,-11,-3
-44.345,10,-11,-3
-46.155,10,-9,-3
-46.155,10,-9,-3
-46.155,10,-9,-4
-46.155,10,-9,-3
-46.155,10,-9,-4
-47.965,9,-7,-2
-47.965,9,-7,-2
-47.965,9,-7,-2
-47.965,9,-7,-2
-47.965,9,-7,-2
-47.965,9,-7,-2
-47.965,9,-7,-2
-47.965,9,-7,-2
-47.965,9,-7,-2
-47.965,9,-7,-2
-47.965,11,-7,-4
-53.395,13,-1,-4
-47.06,12,-8,-5
-53.395,13,-1,-4
-52.49,13,-2,-3
-47.965,11,-7,-4
-44.345,11,-11,-4
-43.44,10,-12,-4
-48.87,12,-6,-5
-53.395,13,-1,-5
-54.3,12,0,-3
-50.68,12,-4,-4
-50.68,12,-4,-4
-52.49,12,-2,-4
-54.3,12,0,-3
-54.3,12,0,-3
-52.49,12,-2,-4
-47.06,12,-8,-3
-52.49,12,-2,-4
-52.49,12,-2,-4
-52.49,12,-2,-3
-51.585,12,-3,-3
-52.49,12,-2,-3
-52.49,12,-2,-3
-52.49,12,-2,-3
-52.49,12,-2,-3
-52.49,12,-2,-3
-52.49,12,-2,-3
-51.585,12,-3,-4
-46.155,10,-9,-3
-45.25,10,-10,-2
-46.155,10,-9,-1
-47.965,10,-7,-2
-48.87,10,-6,-1
-48.87,10,-6,-1
-47.965,10,-7,-2
-47.965,10,-7,-2
-47.06,10,-8,-1
-48.87,10,-6,-1
-48.87,10,-6,-1
-45.25,10,-10,-2
-45.25,10,-10,-2
-45.25,10,-10,-2
-48.87,12,-6,-5
-45.25,10,-10,-2
-45.25,10,-10,-2
-45.25,10,-10,-3
-45.25,10,-10,-2
-45.25,10,-10,-3
-45.25,10,-10,-2
-38.01,8,-18,-2
-38.915,8,-17,0
-33.485,7,-23,-1
-35.295,7,-21,-1
-38.01,8,-18,-2
-36.2,7,-20,0
-35.295,8,-21,-2
-36.2,7,-20,0
-35.295,8,-21,-1
-38.01,8,-18,-2
-48.87,12,-6,-4
-47.965,11,-7,-3
-48.87,11,-6,-2
-48.87,11,-6,-1
-48.87,11,-6,-1
-48.87,11,-6,-2
-49.775,12,-5,-2
-48.87,11,-6,-2
-48.87,11,-6,-1
-47.965,11,-7,-3
-54.3,11,0,-4
-53.395,11,-1,-3
-53.395,11,-1,-3
-53.395,11,-1,-3
-53.395,11,-1,-3
-53.395,11,-1,-3
-53.395,11,-1,-3
-53.395,11,-1,-3
-50.68,12,-4,-3
-53.395,11,-1,-3
-47.06,12,-8,-4
-47.06,12,-8,-3
-45.25,11,-10,-2
-48.87,12,-6,-2
-47.06,12,-8,-3
-45.25,11,-10,-3
-46.155,12,-9,-3
-48.87,12,-6,-3
-47.06,12,-8,-4
-47.06,12,-8,-2
-44.345,10,-11,-1
-43.44,9,-12,-1
-44.345,10,-11,-3
-46.155,11,-9,-1
-43.44,9,-12,0
-43.44,9,-12,0
-47.965,10,-7,-2
-46.155,11,-9,-1
-47.965,10,-7,-2
-47.965,10,-7,-2
-45.25,10,-10,-2
-45.25,10,-10,-2
-45.25,10,-10,-2
-45.25,10,-10,-2
-45.25,10,-10,-2
-44.345,10,-11,-2
-45.25,10,-10,-2
-45.25,11,-10,-3
-44.345,9,-11,-3
-45.25,10,-10,-3
-48.87,10,-6,-1
-48.87,10,-6,-1
-48.87,10,-6,-1
-48.87,10,-6,-1
-48.87,10,-6,-1
-48.87,10,-6,-1
-48.87,10,-6,-1
-48.87,10,-6,-3
-48.87,10,-6,-1
-48.87,10,-6,-1
-50.68,11,-4,-1
-50.68,11,-4,-1
-50.68,11,-4,-3
-49.775,11,-5,-3
-50.68,11,-4,-3
-50.68,11,-4,-1
-49.775,11,-5,-3
-49.775,11,-5,-3
-49.775,11,-5,-3
-49.775,11,-5,-3
-48.87,10,-6,-1
-47.06,10,-8,-2
-48.87,10,-6,-1
-47.06,10,-8,-2
-47.06,10,-8,-2
-50.68,12,-4,-4
-47.06,10,-8,-2
-47.06,10,-8,-2
-47.06,10,-8,-2
-47.06,10,-8,-2
-43.44,9,-12,-2
-43.44,9,-12,-2
-43.44,9,-12,-2
-43.44,9,-12,-2
-43.44,9,-12,-2
-43.44,9,-12,-2
-46.155,10,-9,-4
-43.44,9,-12,-2
-43.44,9,-12,-2
-43.44,9,-12,-2
-43.44,9,-12,-3
-44.345,10,-11,-2
-48.87,10,-6,-2
-48.87,10,-6,-2
-49.775,11,-5,-2
-44.345,10,-11,-2
-49.775,11,-5,-2
-44.345,10,-11,-2
-48.87,10,-6,-2
-43.44,9,-12,-3
-48.87,11,-6,-2
-47.06,10,-8,-1
-48.87,11,-6,-2
-48.87,11,-6,-2
-48.87,11,-6,-2
-48.87,11,-6,-2
-48.87,11,-6,-2
-47.06,10,-8,-1
-47.06,10,-8,-1
-47.06,10,-8,-1
-50.68,13,-4,-6
-50.68,13,-4,-5
-50.68,13,-4,-6
-52.49,13,-2,-6
-51.585,13,-3,-7
-51.585,13,-3,-4
-51.585,13,-3,-7
-47.965,12,-7,-6
-51.585,13,-3,-7
-50.68,13,-4,-6
-50.68,12,-4,-4
-49.775,11,-5,-3
-51.585,12,-3,-3
-51.585,12,-3,-3
-50.68,11,-4,-2
-52.49,12,-2,-2
-51.585,12,-3,-3
-51.585,12,-3,-3
-52.49,12,-2,-1
-50.68,11,-4,-2
-47.06,11,-8,-2
-47.06,11,-8,-2
-47.06,11,-8,-2
-47.06,11,-8,-2
-47.06,11,-8,-2
-47.06,11,-8,-2
-47.06,11,-8,-2
-47.06,11,-8,-2
-47.06,11,-8,-2
-47.06,11,-8,-2
-47.06,11,-8,-2
-51.585,12,-3,-3
-51.585,12,-3,-3
-53.395,12,-1,-4
-51.585,12,-3,-3
-51.585,12,-3,-3
-48.87,11,-6,-3
-47.06,11,-8,-2
-48.87,11,-6,-3
-51.585,12,-3,-3
-50.68,12,-4,-4
-48.87,11,-6,-4
-48.87,11,-6,-4
-49.775,12,-5,-5
-48.87,11,-6,-4
-49.775,12,-5,-5
-49.775,11,-5,-3
-48.87,11,-6,-4
-51.585,12,-3,-5
-51.585,12,-3,-5
-47.965,11,-7,-2
-51.585,12,-3,-3
-51.585,12,-3,-3
-45.25,10,-10,-3
-51.585,12,-3,-3
-51.585,12,-3,-3
-51.585,12,-3,-3
-45.25,10,-10,-3
-51.585,12,-3,-3
-47.965,11,-7,-2
-47.06,11,-8,-4
-46.155,11,-9,-4
-48.87,12,-6,-4
-47.965,11,-7,-4
-46.155,11,-9,-2
-47.06,11,-8,-2
-47.06,11,-8,-2
-47.06,11,-8,-2
-47.06,11,-8,-2
-47.06,11,-8,-2
-51.585,12,-3,-4
-51.585,12,-3,-4
-51.585,12,-3,-4
-51.585,12,-3,-4
-51.585,12,-3,-4
-51.585,12,-3,-4
-51.585,12,-3,-4
-51.585,12,-3,-4
-51.585,12,-3,-4
-51.585,12,-3,-4
-46.155,11,-9,-3
-46.155,11,-9,-3
-46.155,11,-9,-3
-47.06,11,-8,-1
-46.155,11,-9,-3
-47.965,11,-7,-4
-46.155,11,-9,-3
-46.155,11,-9,-3
-46.155,11,-9,-3
-47.06,11,-8,-1
-47.06,11,-8,-2
-50.68,12,-4,-4
-47.06,11,-8,-2
-46.155,11,-9,-1
-47.06,11,-8,-2
-46.155,10,-9,-2
-46.155,11,-9,-2
-47.06,11,-8,-2
-47.06,11,-8,-3
-45.25,10,-10,-1
-45.25,9,-10,0
-43.44,9,-12,-2
-42.535,9,-13,-2
-45.25,9,-10,0
-49.775,11,-5,-3
-49.775,11,-5,-3
-41.63,9,-14,-2
-46.155,11,-9,-3
-47.06,12,-8,-3
-49.775,11,-5,-3
-53.395,12,-1,-3
-48.87,11,-6,-2
-49.775,11,-5,-2
-49.775,11,-5,-2
-50.68,12,-4,-4
-49.775,11,-5,-2
-53.395,13,-1,-4
-54.3,12,0,-3
-49.775,11,-5,-2
-54.3,12,0,-3
-50.68,13,-4,-6
-50.68,13,-4,-6
-50.68,13,-4,-6
-50.68,13,-4,-6
-49.775,12,-5,-5
-50.68,13,-4,-6
-50.68,13,-4,-6
-49.775,12,-5,-5
-50.68,13,-4,-6
-50.68,13,-4,-6
-53.395,13,-1,-5
-53.395,12,-1,-5
-45.25,10,-10,-2
-53.395,13,-1,-4
-45.25,10,-10,-1
-49.775,11,-5,-3
-53.395,12,-1,-4
-45.25,10,-10,-2
-53.395,13,-1,-5
-49.775,11,-5,-3
-49.775,12,-5,-2
-47.965,11,-7,-2
-49.775,11,-5,-2
-49.775,11,-5,-2
-49.775,11,-5,-2
-49.775,12,-5,-2
-49.775,11,-5,-2
-49.775,11,-5,-2
-49.775,11,-5,-2
-49.775,12,-5,-2
-47.965,11,-7,-1
-46.155,10,-9,-1
-47.965,11,-7,-4
-48.87,11,-6,-1
-49.775,11,-5,-3
-49.775,11,-5,-3
-47.965,11,-7,-4
-45.25,10,-10,-3
-47.965,11,-7,-4
-47.06,11,-8,-1
-51.585,11,-3,-2
-51.585,11,-3,-2
-51.585,11,-3,-2
-51.585,11,-3,-2
-51.585,11,-3,-2
-51.585,11,-3,-2
-51.585,11,-3,-2
-51.585,11,-3,-2
-51.585,11,-3,-2
-51.585,11,-3,-2
-44.345,9,-11,-2
-44.345,9,-11,-2
-44.345,9,-11,-2
-42.535,9,-13,-1
-44.345,9,-11,-2
-44.345,9,-11,-2
-44.345,9,-11,-2
-44.345,9,-11,-2
-44.345,9,-11,-2
-44.345,9,-11,-2
-48.87,11,-6,-1
-50.68,11,-4,-1
-45.25,10,-10,-2
-50.68,11,-4,-1
-47.965,12,-7,-4
-46.155,11,-9,-2
-48.87,11,-6,-1
-47.965,12,-7,-2
-50.68,12,-4,-2
-50.68,11,-4,-1
-45.25,10,-10,-2
-45.25,10,-10,-3
-47.965,10,-7,-1
-47.965,10,-7,-1
-43.44,9,-12,-1
-47.965,10,-7,-1
-43.44,9,-12,0
-43.44,9,-12,0
-47.965,10,-7,-1
-45.25,10,-10,-2
-48.87,10,-6,-4
-43.44,11,-10,-6
-48.87,10,-6,-4
-48.87,10,-6,-4
-43.44,11,-12,-5
-48.87,10,-6,-4
-48.87,10,-6,-4
-48.87,10,-6,-4
-48.87,10,-6,-4
-43.44,10,-12,-5
-49.775,11,-5,0
-50.68,12,-4,-1
-49.775,12,-5,0
-50.68,12,-4,-1
-50.68,12,-4,-2
-50.68,12,-4,-2
-50.68,12,-4,-1
-49.775,11,-5,0
-50.68,12,-4,-1
-53.395,12,-1,-3
-46.155,11,-9,-3
-46.155,10,-9,-3
-46.155,10,-9,-3
-47.06,10,-8,-3
-46.155,11,-9,-3
-45.25,9,-10,-2
-46.155,10,-9,-3
-46.155,10,-9,-3
-46.155,11,-9,-3
-46.155,10,-9,-5
-42.535,9,-13,-1
-42.535,9,-13,-1
-42.535,9,-13,-1
-42.535,9,-13,-1
-42.535,9,-13,-1
-42.535,9,-13,-1
-42.535,9,-13,-1
-42.535,9,-13,-1
-42.535,9,-13,-1
-42.535,9,-13,-1
-47.965,11,-7,-3
-47.06,11,-8,-2
-51.585,12,-3,-3
-48.87,11,-6,-3
-47.06,11,-8,-2
-51.585,12,-3,-3
-50.68,12,-4,-4
-47.06,11,-8,-2
-51.585,12,-3,-3
-47.965,11,-7,-2
-47.965,11,-7,-1
-47.965,11,-7,-1
-47.965,11,-7,-1
-47.965,11,-7,-1
-47.965,11,-7,-1
-48.87,12,-6,-3
-47.965,11,-7,-2
-51.585,13,-3,-4
-51.585,13,-3,-3
-47.965,11,-7,-1
-50.68,12,-4,-5
-49.775,12,-5,-6
-50.68,12,-4,-5
-52.49,11,-2,-2
-47.965,11,-7,-2
-45.25,11,-10,-3
-53.395,11,-1,-1
-48.87,11,-6,-5
-53.395,11,-1,-1
-53.395,11,-1,-1
-47.06,10,-8,0
-47.06,10,-8,-2
-50.68,11,-4,-3
-47.06,10,-8,0
-50.68,11,-4,-3
-47.06,10,-8,-2
-47.06,10,-8,-2
-47.06,10,-8,-2
-50.68,11,-4,-3
-47.06,10,-8,0
-47.06,10,-8,-2
-47.06,10,-8,-2
-44.345,10,-11,-4
-45.25,10,-10,-3
-45.25,10,-10,-3
-44.345,10,-11,-4
-44.345,10,-11,-4
-47.06,10,-8,-2
-46.155,9,-9,-2
-47.06,10,-8,-2
-50.68,12,-4,-3
-53.395,12,-1,-4
-51.585,11,-3,-2
-51.585,11,-3,-2
-51.585,11,-3,-2
-51.585,11,-3,-1
-51.585,11,-3,-2
-51.585,11,-3,-2
-51.585,11,-3,-2
-51.585,11,-3,-2
-45.25,12,-10,-2
-44.345,10,-11,-1
-46.155,11,-9,0
-45.25,10,-10,-1
-46.155,11,-9,0
-46.155,11,-9,0
-47.06,11,-8,-1
-46.155,12,-9,-4
-46.155,11,-9,0
-47.06,11,-8,-1
-51.585,12,-3,-4
-47.06,10,-8,-2
-47.06,11,-8,-2
-47.06,10,-8,-2
-47.06,11,-8,-2
-47.965,11,-7,-2
-48.87,10,-6,-3
-48.87,11,-6,-3
-47.06,11,-8,-2
-48.87,11,-6,-3
-44.345,10,-11,-3
-44.345,10,-11,-3
-44.345,10,-11,-3
-44.345,10,-11,-3
-38.915,8,-17,-2
-44.345,10,-11,-3
-38.915,8,-17,-2
-38.915,8,-17,-2
-44.345,10,-11,-3
-44.345,10,-11,-3
-44.345,10,-11,-3
-54.3,12,0,-3
-52.49,11,-2,-3
-54.3,12,0,-3
-54.3,12,0,-3
-52.49,11,-2,-3
-54.3,12,0,-3
-54.3,12,0,-3
-44.345,10,-11,-3
-54.3,12,0,-3
-48.87,12,-6,-4
-45.25,10,-10,0
-49.775,12,-5,-3
-47.965,12,-7,-3
-49.775,12,-5,-4
-47.965,12,-7,-4
-46.155,11,-9,-3
-51.585,12,-3,-2
-48.87,12,-6,-4
-47.06,11,-8,-4
-49.775,11,-5,-4
-49.775,11,-5,-4
-48.87,12,-6,-4
-49.775,11,-5,-4
-48.87,12,-6,-4
-49.775,11,-5,-4
-48.87,12,-6,-4
-48.87,12,-6,-4
-47.965,11,-7,-4
-47.06,12,-8,-2
-45.25,11,-10,-3
-47.965,11,-7,-4
-47.06,11,-8,-4
-47.06,11,-8,-3
-45.25,11,-10,-3
-47.06,11,-8,-4
-47.06,11,-8,-3
-47.965,11,-7,-4
-47.965,11,-7,-2
-47.06,11,-8,-4
-51.585,11,-3,-3
-47.965,11,-7,-1
-51.585,11,-3,-2
-51.585,11,-3,-3
-51.585,11,-3,-2
-51.585,11,-3,-3
-51.585,11,-3,-2
-51.585,11,-3,-3
-51.585,11,-3,-2
-51.585,11,-3,-2
-47.06,10,-8,-3
-47.06,10,-8,-3
-40.725,8,-15,0
-44.345,10,-11,-2
-40.725,8,-15,0
-43.44,9,-12,-2
-44.345,10,-11,-2
-47.06,10,-8,-3
-42.535,9,-13,0
-43.44,10,-12,-3
-51.585,11,-3,-1
-47.06,10,-8,-1
-51.585,11,-3,-1
-47.06,10,-8,-1
-51.585,11,-3,-1
-47.06,10,-8,-1
-47.06,10,-8,-1
-51.585,11,-3,-2
-51.585,11,-3,-1
-47.06,10,-8,-1
-46.155,11,-9,-4
-47.965,10,-7,-3
-46.155,11,-9,-4
-47.965,10,-7,-3
-47.965,10,-7,-2
-47.965,10,-7,-2
-47.965,10,-7,-3
-48.87,11,-6,-6
-47.965,10,-7,-2
-47.965,10,-7,-1
-54.3,12,0,-4
-52.49,12,-2,-3
-54.3,12,0,-4
-51.585,12,-3,-2
-52.49,12,-2,-4
-54.3,12,0,-4
-54.3,12,0,-5
-54.3,12,0,-4
-54.3,12,0,-4
-54.3,12,0,-4
-49.775,11,-5,-3
-51.585,12,-3,-4
-50.68,11,-4,-5
-49.775,11,-5,-3
-49.775,11,-5,-3
-51.585,12,-3,-4
-45.25,10,-10,-2
-46.155,10,-9,-2
-50.68,12,-4,-3
-47.965,13,-7,-4
-50.68,12,-4,-2
-49.775,11,-5,-1
-49.775,11,-5,-1
-49.775,11,-5,-1
-49.775,11,-5,-1
-49.775,11,-5,-1
-49.775,11,-5,-1
-52.49,12,-2,-3
-49.775,11,-5,-1
-49.775,12,-5,-3
-47.965,11,-7,-1
-47.965,11,-7,-1
-47.965,11,-7,-1
-47.965,11,-7,-1
-47.965,11,-7,-1
-48.87,11,-6,-1
-47.965,11,-7,-1
-47.965,11,-7,-1
-47.965,11,-7,-1
-47.965,11,-7,-1
-48.87,11,-6,-1
-48.87,11,-6,-1
-48.87,11,-6,-1
-48.87,11,-6,-1
-48.87,11,-6,-1
-41.63,9,-14,-1
-48.87,11,-6,-1
-45.25,10,-10,-2
-48.87,11,-6,-1
-48.87,11,-6,-1
-49.775,12,-5,-2
-49.775,12,-5,-2
-47.965,11,-7,-3
-49.775,12,-5,-2
-49.775,11,-5,-3
-48.87,12,-6,-3
-48.87,12,-6,-4
-49.775,11,-5,-3
-49.775,11,-5,-3
-49.775,11,-5,-3
-48.87,12,-6,-3
-52.49,11,-2,-1
-52.49,11,-2,-1
-52.49,11,-2,-1
-52.49,11,-2,-1
-52.49,11,-2,-1
-48.87,12,-6,-3
-48.87,11,-6,-2
-48.87,12,-6,-2
-48.87,12,-6,-2
-45.25,10,-10,-2
-45.25,9,-10,-2
-45.25,9,-10,-2
-45.25,9,-10,-2
-43.44,9,-12,-2
-45.25,9,-10,-2
-43.44,10,-12,-2
-45.25,10,-10,-2
-45.25,10,-10,-2
-45.25,9,-10,-2
-48.87,12,-6,-4
-46.155,11,-9,-4
-48.87,12,-6,-4
-48.87,12,-6,-4
-45.25,11,-10,-3
-48.87,12,-6,-4
-48.87,12,-6,-4
-45.25,11,-10,-3
-47.965,11,-7,-4
-48.87,12,-6,-4
-51.585,11,-3,-1
-51.585,11,-3,-2
-51.585,11,-3,-1
-51.585,11,-3,-2
-52.49,11,-2,-1
-51.585,11,-3,-1
-51.585,11,-3,-2
-51.585,11,-3,-1
-51.585,11,-3,-2
-51.585,11,-3,-2
-46.155,11,-9,-2
-45.25,12,-10,-3
-52.49,12,-2,-6
-47.06,12,-8,-3
-52.49,12,-2,-6
-52.49,12,-2,-6
-52.49,12,-2,-6
-52.49,12,-2,-6
-52.49,12,-2,-6
-43.44,11,-12,-4
-50.68,10,-4,-1
-50.68,10,-4,-1
-51.585,10,-3,-1
-51.585,10,-3,-1
-49.775,10,-5,-2
-50.68,10,-4,-1
-50.68,10,-4,-1
-48.87,11,-6,-2
-49.775,10,-5,-2
-49.775,10,-5,-2
