-41.595,12,-1,-2
-41.595,12,-1,-2
-38.775,11,-5,-2
-41.595,12,-1,-2
-42.3,11,0,-1
-41.595,12,-1,-2
-42.3,12,0,-4
-42.3,12,0,-4
-42.3,11,0,-1
-42.3,12,0,-4
-42.3,10,0,-2
-41.595,10,-1,-1
-41.595,10,-1,-1
-41.595,10,-1,-1
-42.3,10,0,-2
-42.3,10,0,-2
-42.3,10,0,-2
-42.3,10,0,-2
-41.595,10,-1,-1
-42.3,10,0,-2
-40.185,11,-3,-1
-40.89,11,-2,-3
-41.595,10,-1,-1
-40.89,11,-2,-3
-40.89,11,-2,-3
-40.89,11,-2,-3
-41.595,10,-1,0
-40.89,11,-2,-3
-39.48,10,-4,-2
-42.3,10,0,-2
-42.3,11,0,-1
-42.3,11,0,-3
-41.595,12,-1,-1
-42.3,11,0,-1
-42.3,11,0,-3
-42.3,11,0,-3
-42.3,11,0,-3
-42.3,11,0,-1
-42.3,11,0,-1
-42.3,12,0,-3
-42.3,10,0,-4
-42.3,10,0,-4
-42.3,10,0,-5
-42.3,10,0,-4
-42.3,10,0,-3
-42.3,10,0,-3
-42.3,10,0,-4
-42.3,10,0,-3
-42.3,10,0,-5
-42.3,10,0,-4
-42.3,11,0,-2
-41.595,11,-1,0
-41.595,11,-1,-3
-41.595,11,-1,0
-41.595,11,-1,0
-42.3,11,0,-2
-41.595,11,-1,0
-41.595,11,-1,0
-41.595,11,-1,-2
-41.595,11,-1,0
-42.3,11,0,-3
-42.3,11,0,-3
-42.3,11,0,-3
-40.89,10,-2,-5
-40.89,10,-2,-5
-42.3,11,0,-3
-42.3,11,0,-3
-42.3,11,0,-3
-40.89,10,-2,-5
-40.89,10,-2,-5
-42.3,10,0,-4
-42.3,10,0,-5
-42.3,10,0,-4
-42.3,10,0,-5
-42.3,10,0,-4
-42.3,10,0,-4
-42.3,10,0,-6
-42.3,10,0,-4
-42.3,10,0,-4
-41.595,10,-1,-3
-42.3,10,0,-3
-42.3,10,0,-3
-42.3,10,0,-3
-42.3,10,0,-3
-42.3,10,0,-3
-42.3,10,0,-3
-42.3,10,0,-3
-42.3,10,0,-3
-42.3,10,0,-3
-42.3,10,0,-3
-42.3,10,0,-2
-42.3,10,0,-2
-42.3,10,0,-2
-42.3,10,0,-2
-42.3,10,0,-2
-42.3,10,0,-2
-42.3,10,0,-2
-42.3,10,0,-2
-42.3,10,0,-2
-42.3,10,0,-2
-40.89,11,-2,-2
-40.89,11,-2,-2
-40.89,11,-2,-2
-40.89,11,-2,-2
-40.89,11,-2,-2
-40.89,11,-2,-2
-40.89,11,-2,-2
-40.89,11,-2,-2
-40.89,11,-2,-2
-40.185,10,-3,-2
-41.595,10,-1,-1
-42.3,10,0,-3
-42.3,10,0,-3
-41.595,10,-1,-1
-42.3,10,0,-5
-41.595,10,-1,-1
-41.595,10,-1,-1
-41.595,10,-1,-1
-41.595,10,-1,-1
-40.89,10,-2,-1
-40.89,11,-2,-4
-41.595,11,-1,-4
-40.89,11,-2,-3
-40.89,11,-2,-3
-40.89,11,-2,-4
-40.89,11,-2,-4
-40.89,11,-2,-4
-40.89,11,-2,-4
-40.89,11,-2,-4
-40.89,11,-2,-4
-40.185,10,-3,-3
-40.185,10,-3,-3
-40.185,10,-3,-3
-40.185,10,-3,-2
-40.185,10,-3,-3
-40.185,10,-3,-2
-40.185,10,-3,-2
-40.185,10,-3,-2
-40.185,10,-3,-2
-40.185,10,-3,-3
-42.3,11,0,-3
-42.3,11,0,-3
-42.3,11,0,-3
-42.3,11,0,-3
-42.3,11,0,-3
-42.3,11,0,-3
-39.48,10,-4,-1
-42.3,11,0,-3
-42.3,11,0,-3
-42.3,11,0,-3
-41.595,10,-1,-4
-41.595,10,-1,-5
-41.595,10,-1,-5
-41.595,10,-1,-5
-41.595,10,-1,-4
-41.595,10,-1,-3
-41.595,10,-1,-4
-41.595,10,-1,-4
-42.3,10,0,-2
-41.595,10,-1,-5
-42.3,10,0,-1
-42.3,10,0,-1
-42.3,10,0,-1
-42.3,10,0,-1
-42.3,10,0,-1
-41.595,10,-1,-3
-42.3,10,0,-1
-42.3,10,0,-1
-42.3,10,0,-1
-41.595,10,-1,-3
-42.3,10,0,-3
-42.3,10,0,-3
-42.3,10,0,-3
-42.3,10,0,-3
-42.3,10,0,-3
-42.3,10,0,-3
-42.3,10,0,-3
-40.89,10,-2,0
-42.3,10,0,-3
-42.3,10,0,-3
-40.89,11,-2,0
-40.89,11,-2,0
-41.595,11,-1,-1
-40.89,11,-2,0
-40.89,11,-2,0
-40.89,11,-2,0
-40.89,11,-2,0
-40.89,11,-2,0
-40.89,11,-2,0
-39.48,11,-4,0
-40.89,11,-2,-1
-40.89,11,-2,-1
-40.89,11,-2,-1
-40.89,11,-2,-1
-40.89,11,-2,-1
-40.89,11,-2,0
-40.89,11,-2,0
-40.89,11,-2,-1
-40.89,11,-2,0
-40.89,11,-2,-1
-41.595,10,-1,-3
-41.595,10,-1,-3
-41.595,10,-1,-3
-41.595,10,-1,-3
-41.595,10,-1,-3
-41.595,10,-1,-3
-41.595,10,-1,-3
-41.595,10,-1,-3
-41.595,10,-1,-3
-41.595,10,-1,-3
-42.3,11,0,-5
-42.3,10,0,-6
-41.595,11,-1,-4
-42.3,10,0,-6
-42.3,10,0,-6
-42.3,11,0,-5
-41.595,10,-1,-4
-41.595,10,-1,-4
-42.3,10,0,-6
-42.3,10,0,-6
-41.595,10,-1,-3
-41.595,10,-1,-3
-41.595,10,-1,-3
-41.595,10,-1,-3
-40.89,10,-2,-3
-40.89,10,-2,-3
-42.3,10,0,-1
-40.89,10,-2,-3
-41.595,10,-1,-3
-41.595,10,-1,-3
-42.3,10,0,0
-42.3,10,0,0
-42.3,10,0,-1
-42.3,10,0,-1
-42.3,10,0,-1
-42.3,10,0,-1
-42.3,10,0,-1
-42.3,10,0,-1
-41.595,11,-1,-1
-42.3,10,0,-1
-41.595,11,-1,-1
-42.3,10,0,-1
-41.595,11,-1,-1
-41.595,10,-1,-1
-42.3,10,0,-1
-41.595,11,-1,-1
-41.595,11,-1,-1
-41.595,11,-1,-1
-41.595,11,-1,-1
-41.595,11,-1,-1
-39.48,10,-4,-1
-42.3,11,0,-3
-42.3,11,0,-3
-42.3,11,0,-3
-42.3,11,0,-3
-42.3,11,0,-3
-42.3,11,0,-3
-41.595,11,-1,-2
-42.3,11,0,-3
-42.3,11,0,-3
-42.3,10,0,-3
-42.3,10,0,-3
-42.3,10,0,-3
-42.3,10,0,-3
-42.3,10,0,-3
-40.89,10,-2,-2
-42.3,10,0,-3
-40.89,10,-2,-3
-42.3,10,0,-3
-42.3,10,0,-3
-42.3,10,0,-2
-41.595,11,-1,-1
-41.595,10,-1,-3
-41.595,10,-1,-3
-41.595,10,-1,-3
-42.3,11,0,-1
-41.595,10,-1,-3
-42.3,10,0,-4
-41.595,10,-1,-3
-41.595,10,-1,-3
-41.595,11,-1,-1
-41.595,11,-1,-1
-41.595,11,-1,-1
-41.595,11,-1,-1
-41.595,11,-1,-1
-41.595,11,-1,-1
-41.595,11,-1,-1
-41.595,11,-1,-1
-41.595,11,-1,-1
-41.595,11,-1,-1
-40.89,10,-2,-2
-42.3,10,0,-1
-40.89,10,-2,-2
-40.89,10,-2,-2
-42.3,10,0,-2
-41.595,11,-1,-2
-41.595,11,-1,-2
-41.595,10,-1,-1
-41.595,11,-1,-2
-41.595,11,-1,-2
-40.185,10,-3,-2
-40.185,10,-3,-2
-40.185,10,-3,-2
-41.595,11,-1,-3
-41.595,11,-1,-3
-40.89,10,-2,-3
-41.595,11,-1,-3
-41.595,11,-1,-3
-40.185,10,-3,-2
-41.595,11,-1,-3
-41.595,10,-1,-2
-40.89,10,-2,-2
-39.48,10,-4,-3
-41.595,10,-1,-2
-39.48,10,-4,-3
-41.595,10,-1,-2
-39.48,10,-4,-3
-39.48,11,-4,-3
-39.48,10,-4,-3
-39.48,10,-4,-3
-39.48,10,-4,-4
-39.48,10,-4,-4
-41.595,10,-1,-2
-42.3,10,0,-5
-42.3,10,0,-6
-39.48,10,-4,-4
-40.185,11,-3,-4
-39.48,10,-4,-4
-39.48,10,-4,-2
-41.595,10,-1,-4
-42.3,10,0,-2
-42.3,10,0,-4
-42.3,10,0,-4
-42.3,10,0,-2
-40.89,10,-2,-1
-40.89,10,-2,-1
-42.3,10,0,-4
-42.3,10,0,-2
-40.89,10,-2,-3
-42.3,10,0,-2
-41.595,10,-1,-2
-42.3,10,0,-3
-42.3,10,0,-1
-42.3,10,0,-1
-42.3,10,0,-1
-42.3,10,0,-1
-42.3,10,0,-1
-40.89,10,-2,-3
-42.3,10,0,-1
-42.3,10,0,-1
-40.185,10,-3,0
-39.48,10,-4,-1
-39.48,10,-4,-1
-39.48,10,-4,-1
-40.185,10,-3,0
-38.775,10,-5,0
-39.48,10,-4,-1
-40.185,10,-3,0
-39.48,10,-4,-1
-40.185,10,-3,0
-40.89,11,-2,-4
-40.89,11,-2,-3
-40.89,11,-2,-3
-40.89,11,-2,-3
-40.89,11,-2,-3
-40.89,11,-2,-3
-40.89,11,-2,-3
-40.89,11,-2,-3
-40.89,11,-2,-2
-40.89,11,-2,-3
-42.3,11,0,-2
-42.3,11,0,-2
-42.3,11,0,-2
-42.3,11,0,-2
-42.3,11,0,-2
-42.3,11,0,-2
-42.3,11,0,-4
-42.3,11,0,-2
-42.3,11,0,-2
-42.3,11,0,-2
-42.3,11,0,-3
-41.595,11,-1,-2
-42.3,11,0,-3
-40.89,11,-2,-1
-40.185,10,-3,-1
-40.89,11,-2,-1
-40.89,11,-2,-1
-40.89,11,-2,-1
-41.595,11,-1,-2
-40.89,11,-2,-1
-42.3,10,0,-3
-42.3,10,0,-3
-42.3,10,0,-3
-42.3,10,0,-3
-42.3,10,0,-3
-42.3,10,0,-3
-42.3,10,0,-3
-42.3,10,0,-3
-42.3,10,0,-3
-42.3,10,0,-3
-41.595,10,-1,0
-41.595,10,-1,0
-41.595,10,-1,0
-41.595,10,-1,0
-41.595,10,-1,0
-41.595,10,-1,0
-41.595,11,-1,-1
-41.595,10,-1,0
-41.595,10,-1,0
-41.595,11,-1,-1
-41.595,10,-1,-5
-41.595,10,-1,-2
-41.595,10,-1,-2
-42.3,10,0,-4
-41.595,10,-1,-2
-42.3,10,0,-4
-41.595,10,-1,-5
-42.3,10,0,-5
-41.595,10,-1,-5
-42.3,10,0,-4
-40.89,10,-2,-5
-42.3,10,0,-5
-42.3,10,0,-4
-42.3,10,0,-5
-42.3,10,0,-5
-42.3,10,0,-6
-42.3,10,0,-6
-42.3,10,0,-5
-42.3,10,0,-5
-42.3,10,0,-6
-40.89,11,-2,-3
-40.89,11,-2,-3
-40.89,11,-2,-3
-40.89,11,-2,-3
-40.89,11,-2,-3
-40.185,11,-3,-3
-40.89,11,-2,-3
-40.89,11,-2,-2
-40.89,11,-2,-3
-40.89,11,-2,-3
-39.48,12,-4,-2
-39.48,12,-4,-2
-40.89,11,-2,0
-40.89,11,-2,-1
-40.89,11,-2,-1
-39.48,12,-4,-2
-40.89,11,-2,0
-39.48,12,-4,-1
-40.89,11,-2,-2
-40.89,11,-2,0
-42.3,10,0,-2
-42.3,10,0,-1
-42.3,10,0,-3
-42.3,10,0,-1
-42.3,10,0,-3
-42.3,10,0,-3
-42.3,10,0,-3
-42.3,10,0,-1
-42.3,10,0,-3
-41.595,10,-1,-1
-40.89,11,-2,-2
-41.595,11,-1,-2
-41.595,11,-1,-3
-41.595,11,-1,-3
-40.89,11,-2,-2
-41.595,11,-1,-2
-41.595,11,-1,-3
-41.595,11,-1,-2
-41.595,11,-1,-1
-41.595,11,-1,-2
-42.3,10,0,-3
-42.3,10,0,-2
-42.3,10,0,-2
-42.3,10,0,-3
-42.3,10,0,-2
-42.3,10,0,-2
-42.3,10,0,-2
-42.3,10,0,-3
-42.3,10,0,-2
-42.3,10,0,-2
-42.3,10,0,-2
-42.3,10,0,-2
-42.3,10,0,-2
-42.3,10,0,-1
-42.3,10,0,-2
-41.595,10,-1,0
-42.3,10,0,-2
-42.3,10,0,-2
-41.595,10,-1,0
-42.3,10,0,-1
-41.595,11,-1,-2
-40.89,10,-2,-2
-40.89,10,-2,-1
-40.89,10,-2,-1
-40.89,10,-2,-1
-41.595,11,-1,-2
-40.89,10,-2,-1
-41.595,11,-1,-1
-41.595,11,-1,-2
-40.89,10,-2,-2
-41.595,11,-1,-4
-41.595,11,-1,-4
-41.595,11,-1,-4
-41.595,11,-1,-3
-41.595,11,-1,-4
-41.595,11,-1,-4
-41.595,11,-1,-4
-41.595,11,-1,-4
-41.595,11,-1,-4
-41.595,11,-1,-4
-42.3,10,0,-3
-42.3,10,0,-3
-42.3,10,0,-3
-41.595,10,-1,-2
-42.3,10,0,-3
-42.3,10,0,-3
-41.595,10,-1,-2
-42.3,10,0,-3
-41.595,10,-1,-2
-42.3,10,0,-3
-42.3,11,0,-1
-42.3,11,0,-3
-42.3,11,0,-1
-42.3,11,0,-1
-40.89,11,-2,-2
-40.89,11,-2,-2
-42.3,11,0,-1
-40.89,11,-2,-2
-42.3,11,0,-2
-41.595,10,-1,-2
-40.89,11,-2,-3
-39.48,10,-4,-2
-40.89,11,-2,-2
-40.89,11,-2,-2
-40.89,11,-2,-2
-40.89,11,-2,-3
-40.89,11,-2,-2
-40.89,11,-2,-3
-40.89,11,-2,-3
-40.89,11,-2,-3
-41.595,10,-1,-1
-42.3,10,0,-3
-41.595,10,-1,-1
-42.3,10,0,-3
-42.3,10,0,-2
-42.3,10,0,-3
-42.3,10,0,-2
-42.3,10,0,-2
-42.3,10,0,-3
-42.3,10,0,-3
-41.595,10,-1,-3
-42.3,10,0,-2
-41.595,10,-1,-3
-41.595,10,-1,-3
-41.595,10,-1,-3
-41.595,10,-1,-3
-41.595,10,-1,-3
-41.595,10,-1,-3
-41.595,10,-1,-3
-42.3,10,0,-2
-40.89,10,-2,-2
-41.595,11,-1,-3
-39.48,10,-4,-1
-41.595,10,-1,-2
-39.48,10,-4,-2
-41.595,10,-1,-2
-41.595,11,-1,-3
-41.595,11,-1,-2
-39.48,10,-4,-2
-40.89,10,-2,-4
-42.3,10,0,-2
-42.3,10,0,-2
-42.3,10,0,-3
-42.3,10,0,-2
-42.3,10,0,-2
-42.3,10,0,-2
-42.3,10,0,-2
-42.3,10,0,-2
-42.3,10,0,-2
-42.3,10,0,-2
-42.3,10,0,-4
-42.3,10,0,-4
-42.3,10,0,-4
-42.3,10,0,-4
-42.3,10,0,-4
-42.3,10,0,-4
-42.3,10,0,-4
-42.3,10,0,-4
-42.3,10,0,-2
-42.3,10,0,-4
-40.185,10,-3,-2
-40.185,10,-3,-2
-41.595,11,-1,-3
-41.595,11,-1,-3
-41.595,11,-1,-3
-40.185,10,-3,-2
-41.595,11,-1,-3
-41.595,11,-1,-3
-41.595,11,-1,-3
-40.185,10,-3,-2
-40.89,11,-2,-2
-40.89,11,-2,-2
-40.89,10,-2,-2
-42.3,10,0,-1
-42.3,10,0,-1
-40.89,11,-2,-2
-42.3,10,0,-1
-42.3,10,0,-1
-42.3,10,0,-1
-42.3,10,0,-2
-42.3,10,0,-5
-42.3,10,0,-5
-42.3,10,0,-6
-42.3,10,0,-6
-42.3,10,0,-4
-42.3,10,0,-5
-42.3,10,0,-5
-42.3,10,0,-4
-42.3,10,0,-6
-42.3,10,0,-5
-41.595,10,-1,-1
-40.89,10,-2,-1
-41.595,10,-1,-1
-41.595,10,-1,-1
-41.595,10,-1,-1
-40.89,11,-2,-2
-40.89,11,-2,-2
-41.595,10,-1,-1
-41.595,10,-1,-1
-41.595,10,-1,-1
-42.3,10,0,-1
-41.595,11,-1,-2
-42.3,10,0,-2
-42.3,10,0,-2
-41.595,11,-1,-2
-42.3,10,0,-2
-42.3,10,0,-2
-42.3,10,0,-1
-42.3,10,0,-3
-42.3,10,0,-2
-41.595,11,-1,-4
-41.595,11,-1,-4
-41.595,11,-1,-4
-42.3,11,0,-4
-41.595,11,-1,-4
-41.595,11,-1,-4
-41.595,11,-1,-4
-41.595,11,-1,-3
-41.595,11,-1,-4
-41.595,11,-1,-4
-42.3,10,0,-3
-38.775,10,-5,-3
-41.595,10,-1,-2
-42.3,10,0,-3
-42.3,10,0,-3
-42.3,10,0,-3
-41.595,10,-1,-3
-42.3,10,0,-3
-42.3,10,0,-3
-42.3,10,0,-3
-40.89,11,-2,-3
-40.89,11,-2,-3
-40.89,11,-2,-4
-40.89,11,-2,-3
-40.89,11,-2,-3
-40.89,11,-2,-4
-40.89,11,-2,-3
-40.89,11,-2,-3
-40.89,11,-2,-3
-40.89,11,-2,-3
-42.3,11,0,-3
-42.3,11,0,-3
-41.595,11,-1,-2
-42.3,11,0,-3
-42.3,11,0,-3
-42.3,11,0,-3
-42.3,11,0,-3
-42.3,11,0,-3
-42.3,11,0,-4
-42.3,11,0,-4
-41.595,11,-1,-2
-42.3,11,0,-2
-41.595,11,-1,-2
-41.595,11,-1,-2
-41.595,10,-1,-1
-41.595,11,-1,-2
-41.595,11,-1,-2
-42.3,10,0,-2
-41.595,10,-1,-1
-41.595,11,-1,-2
-41.595,10,-1,0
-40.185,10,-3,-2
-38.775,10,-5,-2
-41.595,10,-1,0
-38.775,10,-5,-2
-41.595,10,-1,0
-38.775,10,-5,-2
-38.775,10,-5,-2
-41.595,10,-1,0
-38.775,10,-5,-2
-39.48,11,-4,-4
-40.89,11,-2,-2
-39.48,11,-4,-4
-41.595,11,-1,-1
-41.595,11,-1,-1
-39.48,11,-4,-4
-40.89,11,-2,-3
-40.185,10,-3,-3
-39.48,11,-4,-4
-39.48,11,-4,-5
-42.3,10,0,-2
-41.595,10,-1,-2
-42.3,10,0,-2
-42.3,10,0,-2
-42.3,10,0,-2
-42.3,10,0,-2
-42.3,10,0,-2
-42.3,10,0,-2
-42.3,10,0,-2
-42.3,10,0,-2
-40.89,11,-2,-1
-42.3,11,0,-2
-42.3,11,0,-2
-42.3,11,0,-2
-42.3,11,0,-2
-42.3,11,0,-2
-42.3,11,0,-2
-42.3,11,0,-2
-42.3,11,0,-2
-42.3,11,0,-2
-41.595,11,-1,-2
-41.595,10,-1,-3
-41.595,10,-1,-2
-41.595,10,-1,-2
-41.595,10,-1,-2
-38.775,10,-5,-2
-38.775,10,-5,-1
-41.595,10,-1,-2
-38.775,10,-5,-1
-38.775,10,-5,-1
-40.89,10,-2,-3
-40.89,11,-2,-4
-40.89,10,-2,-2
-40.89,10,-2,-3
-40.89,10,-2,-3
-40.89,10,-2,-3
-40.89,10,-2,-3
-40.89,10,-2,-2
-40.89,10,-2,-2
-40.89,10,-2,-3
-42.3,10,0,-1
-42.3,10,0,-2
-42.3,10,0,-2
-42.3,10,0,-2
-42.3,10,0,-1
-42.3,10,0,-2
-42.3,10,0,-1
-42.3,10,0,-1
-42.3,10,0,-2
-42.3,10,0,-2
-42.3,10,0,-1
-42.3,10,0,-1
-42.3,10,0,-1
-42.3,10,0,-1
-42.3,10,0,-1
-42.3,10,0,-1
-42.3,10,0,-1
-42.3,10,0,-1
-42.3,10,0,-1
-42.3,10,0,-1
-42.3,11,0,-3
-41.595,10,-1,-3
-41.595,11,-1,-3
-42.3,11,0,-3
-41.595,11,-1,-3
-42.3,11,0,-3
-40.89,11,-2,-2
-41.595,10,-1,-1
-41.595,10,-1,-3
-42.3,11,0,-3
-42.3,11,0,-1
-41.595,12,-1,-1
-41.595,12,-1,-1
-41.595,12,-1,-2
-38.775,11,-5,-2
-41.595,12,-1,-1
-41.595,12,-1,-1
-41.595,12,-1,-1
-42.3,11,0,-1
-41.595,12,-1,-2
-42.3,10,0,-2
-42.3,10,0,-2
-41.595,10,-1,0
-42.3,10,0,-2
-42.3,10,0,-2
-42.3,10,0,-2
-42.3,10,0,-2
-42.3,10,0,-2
-42.3,10,0,-2
-42.3,10,0,-2
-41.595,10,-1,-2
-41.595,10,-1,-2
-41.595,10,-1,-2
-41.595,10,-1,-2
-41.595,10,-1,-2
-42.3,10,0,-2
-41.595,10,-1,-2
-41.595,10,-1,-2
-41.595,10,-1,-2
-41.595,10,-1,-2
-42.3,10,0,-4
-42.3,10,0,-3
-42.3,10,0,-3
-42.3,10,0,-4
-42.3,10,0,-3
-41.595,10,-1,-4
-41.595,10,-1,-4
-42.3,10,0,-3
-41.595,10,-1,-4
-41.595,10,-1,-4
-42.3,10,0,-3
-42.3,10,0,-2
-40.89,10,-2,-3
-42.3,10,0,-4
-42.3,10,0,-3
-42.3,10,0,-4
-42.3,10,0,-3
-41.595,10,-1,-3
-42.3,10,0,-4
-42.3,10,0,-3
-41.595,11,-1,-3
-41.595,11,-1,-3
-41.595,11,-1,-3
-41.595,11,-1,-3
-41.595,11,-1,-3
-41.595,11,-1,-3
-41.595,11,-1,-3
-41.595,11,-1,-3
-41.595,11,-1,-3
-41.595,11,-1,-3
-42.3,10,0,-2
-42.3,10,0,-2
-42.3,10,0,-2
-42.3,10,0,-2
-42.3,10,0,-2
-42.3,10,0,-2
-42.3,10,0,-2
-42.3,10,0,-2
-42.3,10,0,-2
-42.3,10,0,-2
-42.3,10,0,-1
-42.3,10,0,-1
-42.3,10,0,-2
-42.3,10,0,-1
-42.3,10,0,-1
-42.3,10,0,-1
-42.3,10,0,-1
-42.3,10,0,-1
-42.3,10,0,-1
-42.3,10,0,-1
-41.595,10,-1,-1
-40.89,10,-2,-1
-42.3,10,0,-2
-41.595,10,-1,0
-41.595,10,-1,0
-41.595,10,-1,0
-42.3,10,0,-2
-40.89,10,-2,-1
-40.89,10,-2,-2
-41.595,10,-1,0
-38.775,10,-5,-2
-41.595,10,-1,-2
-38.775,10,-5,-2
-41.595,10,-1,-2
-38.775,10,-5,-2
-38.775,10,-5,-2
-38.775,10,-5,-2
-38.775,10,-5,-2
-38.775,10,-5,-2
-38.775,10,-5,-2
-41.595,10,-1,-3
-41.595,10,-1,-3
-41.595,10,-1,-3
-41.595,10,-1,-3
-41.595,10,-1,-3
-40.89,11,-2,-3
-42.3,11,0,-2
-42.3,11,0,-2
-40.89,11,-2,-3
-41.595,10,-1,-3
-42.3,11,0,-4
-42.3,11,0,-2
-42.3,11,0,-4
-42.3,11,0,-2
-42.3,11,0,-4
-42.3,11,0,-3
-42.3,11,0,-2
-42.3,11,0,-4
-42.3,11,0,-2
-42.3,11,0,-2
-39.48,10,-4,-2
-40.89,11,-2,-3
-39.48,10,-4,-2
-39.48,10,-4,-2
-39.48,10,-4,-2
-39.48,10,-4,-2
-39.48,10,-4,-2
-39.48,10,-4,-2
-39.48,10,-4,-2
-39.48,10,-4,-2
-40.89,11,-2,-3
-40.89,11,-2,-3
-40.89,10,-2,-2
-40.185,11,-3,-3
-40.89,11,-2,-2
-40.89,10,-2,-2
-40.89,11,-2,-2
-40.89,10,-2,-1
-40.89,10,-2,-1
-40.185,11,-3,-1
-40.185,11,-3,-4
-40.185,11,-3,-5
-40.185,11,-3,-3
-39.48,10,-4,-4
-40.185,11,-3,-4
-40.185,11,-3,-4
-40.185,11,-3,-4
-40.185,11,-3,-4
-41.595,10,-1,-5
-40.185,11,-3,-4
-41.595,10,-1,-2
-41.595,10,-1,-1
-41.595,10,-1,-2
-41.595,10,-1,-2
-41.595,10,-1,-1
-41.595,10,-1,-2
-42.3,10,0,-2
-41.595,10,-1,-1
-41.595,10,-1,-1
-41.595,10,-1,-1
-42.3,10,0,-2
-42.3,10,0,-2
-42.3,10,0,-2
-42.3,10,0,-2
-42.3,10,0,-2
-42.3,10,0,-2
-42.3,10,0,-2
-42.3,10,0,-2
-42.3,10,0,-2
-42.3,10,0,-2
-41.595,11,-1,-1
-41.595,11,-1,-3
-41.595,11,-1,-2
-41.595,11,-1,-1
-40.89,11,-2,-1
-41.595,11,-1,-1
-41.595,11,-1,-3
-40.89,11,-2,-1
-40.89,11,-2,-2
-41.595,11,-1,-1
-40.89,11,-2,-4
-40.89,11,-2,-4
-40.89,11,-2,-5
-40.89,11,-2,-3
-40.89,11,-2,-5
-40.89,11,-2,-3
-40.89,11,-2,-5
-40.89,11,-2,-4
-40.89,11,-2,-4
-40.89,11,-2,-4
-41.595,11,-1,-2
-42.3,11,0,-2
-41.595,11,-1,-1
-40.89,10,-2,-2
-41.595,11,-1,-2
-41.595,11,-1,-2
-41.595,11,-1,-2
-41.595,11,-1,-2
-41.595,11,-1,-2
-41.595,11,-1,-2
-40.89,10,-2,-4
-40.89,10,-2,-4
-41.595,11,-1,-3
-40.89,10,-2,-4
-40.89,10,-2,-4
-41.595,11,-1,-3
-41.595,11,-1,-3
-41.595,11,-1,-3
-40.89,10,-2,-4
-41.595,10,-1,-3
-42.3,10,0,-3
-42.3,10,0,-2
-42.3,10,0,-3
-42.3,10,0,-2
-42.3,10,0,-2
-42.3,10,0,-2
-42.3,10,0,-3
-42.3,10,0,-2
-42.3,10,0,-2
-42.3,10,0,-2
