-45.25,13,-10,-6
-47.06,12,-8,-5
-47.06,12,-8,-5
-44.345,11,-11,-4
-45.25,13,-10,-6
-47.965,12,-7,-6
-49.775,13,-5,-6
-47.06,12,-8,-5
-48.87,14,-6,-8
-49.775,13,-5,-6
-43.44,9,-12,-4
-46.155,10,-9,-4
-40.725,8,-15,-3
-43.44,9,-12,-2
-43.44,10,-12,-4
-40.725,8,-15,-3
-43.44,9,-12,-4
-43.44,10,-12,-4
-43.44,9,-12,-4
-43.44,9,-12,-4
-39.82,8,-16,-3
-42.535,10,-13,-3
-39.82,10,-16,-3
-39.82,8,-16,-3
-41.63,9,-14,-3
-38.915,9,-17,-3
-37.105,8,-19,-2
-42.535,10,-13,-4
-37.105,8,-19,-1
-38.01,9,-18,-3
-47.06,14,-8,-6
-51.585,14,-3,-6
-47.06,12,-8,-5
-46.155,12,-9,-6
-47.965,13,-7,-6
-48.87,14,-6,-5
-47.06,13,-8,-6
-44.345,11,-11,-4
-47.965,13,-7,-6
-47.06,13,-8,-7
-40.725,9,-15,-3
-38.915,11,-17,-5
-43.44,11,-12,-5
-40.725,9,-15,-3
-40.725,9,-15,-3
-40.725,9,-15,-3
-40.725,9,-15,-3
-40.725,9,-15,-3
-37.105,10,-19,-4
-41.63,9,-14,-2
-47.06,12,-8,-6
-45.25,10,-10,-4
-43.44,11,-12,-6
-44.345,12,-11,-5
-43.44,11,-12,-5
-45.25,11,-10,-5
-45.25,11,-10,-5
-45.25,11,-10,-5
-42.535,11,-13,-5
-45.25,11,-10,-5
-43.44,11,-12,-5
-48.87,12,-6,-5
-46.155,11,-9,-5
-49.775,13,-5,-5
-47.965,11,-7,-3
-47.965,11,-7,-4
-49.775,12,-5,-4
-49.775,12,-5,-4
-47.965,13,-7,-5
-45.25,11,-10,-5
-48.87,12,-6,-4
-48.87,12,-6,-4
-45.25,10,-10,-3
-48.87,12,-6,-4
-48.87,12,-6,-4
-47.06,11,-8,-3
-48.87,12,-6,-4
-47.06,11,-8,-3
-48.87,12,-6,-4
-47.06,11,-8,-3
-40.725,9,-15,-5
-42.535,10,-13,-3
-46.155,10,-9,-3
-41.63,10,-14,-5
-41.63,9,-14,-2
-43.44,11,-12,-5
-40.725,10,-15,-5
-43.44,10,-12,-5
-45.25,10,-10,-4
-44.345,11,-11,-5
-47.965,12,-7,-5
-47.965,12,-7,-5
-47.06,11,-8,-4
-46.155,11,-9,-5
-47.965,12,-7,-5
-47.06,11,-8,-4
-47.965,11,-7,-4
-47.965,12,-7,-5
-47.965,12,-7,-5
-47.965,12,-7,-5
-41.63,11,-14,-5
-41.63,10,-14,-4
-43.44,11,-12,-5
-41.63,11,-14,-6
-41.63,11,-14,-5
-41.63,11,-14,-5
-41.63,10,-14,-4
-41.63,11,-14,-6
-41.63,11,-14,-6
-41.63,11,-14,-5
-44.345,9,-11,-3
-38.01,8,-18,-3
-41.63,9,-14,-2
-45.25,10,-10,-4
-45.25,10,-10,-4
-42.535,10,-13,-4
-46.155,11,-9,-5
-45.25,10,-10,-4
-41.63,9,-14,-2
-41.63,9,-14,-2
-42.535,9,-13,-4
-42.535,9,-13,-4
-42.535,9,-13,-4
-43.44,10,-12,-5
-43.44,10,-12,-5
-45.25,10,-10,-4
-42.535,9,-13,-4
-42.535,9,-13,-4
-43.44,10,-12,-5
-42.535,9,-13,-4
-49.775,11,-5,-4
-48.87,11,-6,-4
-46.155,10,-9,-4
-47.06,11,-8,-4
-49.775,11,-5,-4
-49.775,11,-5,-4
-48.87,11,-6,-4
-49.775,11,-5,-4
-46.155,11,-9,-6
-47.965,11,-7,-4
-43.44,10,-12,-2
-45.25,11,-10,-5
-42.535,10,-13,-3
-43.44,10,-12,-3
-40.725,9,-15,-2
-43.44,10,-12,-2
-43.44,10,-12,-3
-44.345,10,-11,-4
-44.345,10,-11,-2
-40.725,9,-15,-2
-47.06,10,-8,-3
-45.25,10,-10,-4
-47.06,12,-8,-6
-45.25,10,-10,-4
-44.345,10,-11,-2
-47.06,10,-8,-3
-47.06,10,-8,-3
-47.06,12,-8,-7
-47.06,10,-8,-3
-47.06,10,-8,-3
-46.155,11,-9,-6
-45.25,10,-10,-5
-37.105,8,-19,-2
-41.63,9,-14,-5
-38.915,9,-17,-3
-37.105,8,-19,-2
-45.25,10,-10,-5
-45.25,10,-10,-5
-45.25,10,-10,-5
-38.915,8,-17,-1
-38.915,8,-17,-2
-38.01,7,-18,-2
-38.915,8,-17,-3
-38.01,8,-18,-3
-38.01,7,-18,-2
-38.01,8,-18,-3
-38.01,7,-18,-2
-38.915,8,-17,-2
-38.01,8,-18,-2
-36.2,7,-20,-1
-47.06,10,-8,-4
-38.915,9,-17,-2
-47.06,10,-8,-3
-47.06,10,-8,-3
-46.155,9,-9,-2
-46.155,10,-9,-4
-47.06,10,-8,-4
-46.155,9,-9,-2
-47.06,10,-8,-3
-46.155,9,-9,-2
-48.87,11,-6,-5
-49.775,11,-5,-4
-47.06,11,-8,-5
-49.775,11,-5,-4
-47.06,11,-8,-5
-47.06,11,-8,-5
-47.06,11,-8,-5
-47.06,11,-8,-5
-49.775,11,-5,-3
-47.06,10,-8,-3
-50.68,12,-4,-6
-50.68,12,-4,-6
-46.155,11,-9,-4
-46.155,11,-9,-3
-50.68,12,-4,-6
-48.87,11,-6,-4
-50.68,12,-4,-6
-50.68,12,-4,-6
-50.68,12,-4,-6
-50.68,12,-4,-6
-42.535,9,-13,-3
-42.535,9,-13,-3
-46.155,10,-9,-4
-46.155,10,-9,-4
-41.63,10,-14,-2
-44.345,9,-11,-3
-46.155,10,-9,-4
-46.155,10,-9,-4
-42.535,9,-13,-3
-46.155,10,-9,-4
-41.63,10,-14,-4
-46.155,11,-9,-4
-44.345,10,-11,-2
-44.345,12,-11,-5
-45.25,12,-10,-5
-45.25,11,-10,-4
-46.155,12,-9,-5
-45.25,11,-10,-3
-44.345,12,-11,-5
-46.155,11,-9,-5
-47.06,11,-8,-3
-47.965,11,-7,-4
-48.87,11,-6,-4
-46.155,10,-9,-3
-46.155,11,-9,-4
-47.06,10,-8,-3
-46.155,11,-9,-4
-47.965,11,-7,-4
-47.06,10,-8,-3
-47.06,11,-8,-4
-44.345,10,-11,-4
-44.345,10,-11,-4
-44.345,10,-11,-4
-44.345,10,-11,-4
-44.345,10,-11,-4
-44.345,10,-11,-4
-44.345,10,-11,-4
-47.965,12,-7,-4
-44.345,10,-11,-4
-44.345,10,-11,-4
-46.155,11,-9,-4
-46.155,10,-9,-3
-46.155,11,-9,-4
-40.725,9,-15,-3
-46.155,11,-9,-4
-46.155,11,-9,-4
-42.535,9,-13,-3
-38.01,8,-18,-3
-41.63,10,-14,-4
-41.63,9,-14,-4
-39.82,8,-16,0
-38.915,9,-17,-3
-40.725,9,-15,-3
-38.01,8,-18,-2
-38.915,9,-17,-2
-40.725,9,-15,-3
-38.915,9,-17,-2
-38.915,9,-17,-3
-38.01,9,-18,-2
-38.915,9,-17,-3
-48.87,12,-6,-5
-48.87,12,-6,-5
-48.87,12,-6,-5
-48.87,12,-6,-5
-48.87,12,-6,-5
-48.87,12,-6,-5
-48.87,12,-6,-5
-48.87,12,-6,-6
-47.965,11,-7,-4
-47.965,11,-7,-4
-40.725,9,-15,-3
-36.2,7,-20,-2
-40.725,8,-15,-1
-39.82,8,-16,-1
-34.39,7,-22,-1
-37.105,8,-19,-2
-37.105,7,-19,-1
-36.2,8,-20,-2
-40.725,9,-15,-3
-37.105,7,-19,-1
-46.155,10,-9,-4
-47.06,11,-8,-4
-46.155,10,-9,-4
-46.155,11,-9,-4
-46.155,10,-9,-4
-46.155,10,-9,-3
-47.06,11,-8,-4
-47.06,11,-8,-5
-46.155,10,-9,-3
-47.06,11,-8,-4
-47.06,13,-8,-6
-47.06,12,-8,-6
-47.06,12,-8,-6
-47.06,12,-8,-5
-47.06,12,-8,-5
-47.06,12,-8,-6
-47.06,12,-8,-6
-45.25,12,-10,-5
-47.06,13,-8,-6
-47.06,12,-8,-5
-43.44,10,-12,-3
-43.44,9,-12,-3
-43.44,9,-12,-3
-43.44,10,-12,-3
-43.44,10,-12,-3
-43.44,9,-12,-3
-41.63,9,-14,-4
-43.44,9,-12,-3
-44.345,10,-11,-4
-39.82,9,-16,-2
-46.155,12,-9,-5
-43.44,10,-12,-3
-45.25,11,-10,-4
-43.44,10,-12,-3
-44.345,10,-11,-4
-46.155,12,-9,-5
-45.25,10,-10,-4
-46.155,12,-9,-5
-43.44,11,-12,-4
-43.44,10,-12,-3
-46.155,11,-9,-4
-54.3,12,0,-4
-54.3,12,0,-4
-48.87,11,-6,-4
-48.87,12,-6,-5
-49.775,11,-5,-3
-54.3,12,0,-4
-49.775,12,-5,-5
-51.585,11,-3,-3
-46.155,11,-9,-4
-40.725,10,-15,-4
-40.725,10,-15,-4
-49.775,12,-5,-6
-40.725,10,-15,-4
-49.775,12,-5,-6
-39.82,10,-16,-4
-49.775,12,-5,-5
-45.25,11,-10,-6
-49.775,12,-5,-6
-49.775,12,-5,-6
-35.295,9,-21,-4
-41.63,10,-14,-2
-37.105,8,-19,-2
-41.63,10,-14,-3
-41.63,9,-14,-2
-38.915,9,-17,-2
-39.82,9,-16,-2
-36.2,8,-20,-2
-34.39,8,-22,-1
-41.63,9,-14,-2
-44.345,11,-11,-3
-47.06,11,-8,-4
-43.44,10,-12,-2
-43.44,10,-12,-2
-43.44,10,-12,-2
-43.44,10,-12,-2
-43.44,10,-12,-2
-43.44,10,-12,-2
-43.44,10,-12,-2
-44.345,11,-11,-2
-47.06,11,-8,-4
-47.06,12,-8,-7
-47.06,11,-8,-4
-46.155,10,-9,-3
-47.06,11,-8,-4
-47.06,11,-8,-4
-47.06,11,-8,-4
-46.155,10,-9,-3
-47.06,11,-8,-4
-47.06,11,-8,-4
-39.82,9,-16,-4
-43.44,10,-12,-4
-40.725,10,-15,-4
-40.725,10,-15,-4
-37.105,9,-19,-5
-43.44,10,-12,-4
-40.725,10,-15,-4
-43.44,10,-12,-4
-40.725,10,-15,-4
-43.44,10,-12,-4
-39.82,9,-16,-2
-41.63,10,-14,-3
-36.2,8,-20,-2
-34.39,8,-22,-2
-39.82,9,-16,-4
-41.63,10,-14,-1
-33.485,7,-23,-2
-41.63,9,-14,-3
-44.345,10,-11,-3
-34.39,8,-22,-2
-45.25,10,-10,-4
-44.345,10,-11,-3
-45.25,10,-10,-5
-45.25,10,-10,-4
-45.25,10,-10,-3
-45.25,10,-10,-5
-45.25,10,-10,-5
-44.345,10,-11,-3
-39.82,9,-16,-3
-45.25,10,-10,-5
-45.25,10,-10,-6
-41.63,10,-14,-6
-40.725,9,-15,-5
-47.06,10,-8,-6
-40.725,9,-15,-5
-40.725,9,-15,-4
-42.535,10,-13,-5
-43.44,10,-12,-6
-41.63,10,-14,-5
-40.725,10,-15,-6
-48.87,11,-6,-4
-47.965,11,-7,-4
-47.965,10,-7,-3
-48.87,11,-6,-4
-48.87,11,-6,-4
-48.87,11,-6,-4
-47.965,11,-7,-4
-48.87,11,-6,-4
-48.87,11,-6,-4
-47.965,11,-7,-4
-41.63,8,-14,-3
-36.2,8,-20,-2
-40.725,8,-15,-3
-41.63,9,-14,-3
-41.63,8,-14,-3
-41.63,8,-14,-3
-41.63,9,-14,-3
-41.63,9,-14,-3
-41.63,8,-14,-3
-41.63,9,-14,-3
-44.345,10,-11,-3
-45.25,11,-10,-4
-44.345,10,-11,-3
-44.345,11,-11,-4
-42.535,9,-13,-3
-45.25,11,-10,-4
-45.25,11,-10,-4
-45.25,11,-10,-4
-44.345,10,-11,-3
-45.25,11,-10,-4
-37.105,9,-19,-2
-37.105,9,-19,-2
-37.105,9,-19,-2
-37.105,9,-19,-2
-37.105,9,-19,-2
-37.105,9,-19,-3
-37.105,10,-19,-4
-38.01,10,-18,-3
-38.01,10,-18,-3
-38.915,9,-17,-2
-42.535,9,-13,-3
-41.63,10,-14,-3
-42.535,9,-13,-3
-41.63,9,-14,-2
-43.44,10,-12,-4
-43.44,10,-12,-4
-39.82,9,-16,-2
-42.535,9,-13,-3
-41.63,10,-14,-4
-42.535,9,-13,-1
-42.535,11,-13,-3
-44.345,11,-11,-4
-43.44,10,-12,-3
-42.535,9,-13,-3
-45.25,10,-10,-4
-45.25,10,-10,-3
-42.535,9,-13,-3
-43.44,10,-12,-3
-43.44,11,-12,-3
-43.44,10,-12,-3
-47.965,12,-7,-7
-47.06,13,-8,-7
-47.965,12,-7,-7
-47.965,12,-7,-7
-44.345,11,-11,-5
-48.87,13,-6,-7
-47.965,12,-7,-7
-47.965,12,-7,-7
-47.06,12,-8,-7
-47.965,12,-7,-7
-40.725,10,-15,-5
-40.725,10,-15,-5
-36.2,8,-20,-4
-40.725,9,-15,-5
-39.82,9,-16,-5
-40.725,10,-15,-5
-37.105,9,-19,-4
-38.915,9,-17,-5
-38.01,8,-18,-4
-41.63,10,-14,-5
-48.87,11,-6,-4
-48.87,11,-6,-3
-47.06,11,-8,-6
-48.87,11,-6,-4
-47.06,11,-8,-6
-48.87,11,-6,-3
-47.06,11,-8,-6
-48.87,11,-6,-4
-47.06,10,-8,-3
-47.06,11,-8,-6
-53.395,12,-1,-3
-53.395,12,-1,-3
-52.49,13,-2,-6
-53.395,12,-1,-3
-50.68,12,-4,-3
-53.395,12,-1,-3
-53.395,12,-1,-3
-53.395,12,-1,-3
-53.395,12,-1,-3
-53.395,12,-1,-3
-49.775,12,-5,-5
-45.25,11,-10,-6
-44.345,10,-11,-4
-45.25,11,-10,-6
-53.395,13,-1,-6
-45.25,11,-10,-6
-53.395,13,-1,-6
-42.535,10,-13,-3
-46.155,11,-9,-5
-46.155,11,-9,-5
-48.87,10,-6,-4
-48.87,10,-6,-4
-48.87,10,-6,-4
-48.87,10,-6,-4
-48.87,10,-6,-4
-48.87,10,-6,-4
-48.87,10,-6,-4
-44.345,10,-11,-4
-48.87,10,-6,-4
-47.06,9,-8,-4
-41.63,10,-14,-5
-40.725,9,-15,-3
-42.535,9,-13,-2
-40.725,9,-15,-3
-42.535,9,-13,-2
-40.725,9,-15,-3
-42.535,11,-13,-4
-40.725,9,-15,-3
-42.535,9,-13,-2
-42.535,9,-13,-2
-50.68,12,-4,-7
-50.68,12,-4,-7
-49.775,12,-5,-6
-50.68,12,-4,-6
-50.68,12,-4,-7
-46.155,10,-9,-5
-51.585,12,-3,-6
-46.155,10,-9,-4
-50.68,12,-4,-6
-46.155,11,-9,-5
-38.01,9,-18,-3
-38.01,9,-18,-4
-38.01,9,-18,-3
-38.01,9,-18,-4
-38.01,9,-18,-2
-41.63,9,-14,-4
-37.105,9,-19,-3
-41.63,9,-14,-2
-38.01,9,-18,-2
-40.725,8,-15,-2
-43.44,10,-12,-2
-40.725,9,-15,-2
-41.63,10,-14,-3
-38.01,9,-18,-1
-39.82,11,-16,-3
-38.915,10,-17,-2
-40.725,10,-15,-2
-38.01,8,-18,-2
-39.82,10,-16,-4
-41.63,10,-14,-2
-44.345,10,-11,-3
-40.725,10,-15,-1
-39.82,8,-16,-2
-36.2,8,-20,-1
-39.82,10,-16,-1
-40.725,10,-15,-1
-40.725,11,-15,-2
-38.915,9,-17,-1
-44.345,10,-11,-3
-40.725,11,-15,-2
-45.25,11,-10,-6
-46.155,10,-9,-5
-46.155,10,-9,-5
-46.155,10,-9,-5
-46.155,10,-9,-5
-47.06,12,-8,-5
-43.44,11,-12,-5
-46.155,10,-9,-5
-45.25,9,-10,-4
-46.155,10,-9,-5
-37.105,9,-19,-3
-40.725,8,-15,-3
-40.725,8,-15,-3
-41.63,8,-14,-2
-42.535,9,-13,-3
-44.345,11,-11,-6
-37.105,8,-19,-3
-41.63,9,-14,-4
-41.63,9,-14,-4
-38.01,8,-18,-3
-37.105,8,-19,-3
-35.295,7,-21,-1
-35.295,7,-21,-2
-37.105,8,-19,-3
-37.105,8,-19,-4
-32.58,6,-24,-2
-36.2,7,-20,-4
-35.295,7,-21,-2
-32.58,6,-24,-2
-35.295,7,-21,-2
-41.63,9,-14,-3
-41.63,10,-14,-3
-39.82,9,-16,-3
-38.01,8,-18,-2
-38.915,9,-17,-2
-39.82,9,-16,-2
-38.915,9,-17,-3
-38.01,9,-18,-2
-39.82,9,-16,-2
-39.82,9,-16,-3
-39.82,9,-16,-5
-39.82,9,-16,-5
-40.725,9,-15,-4
-40.725,10,-15,-5
-40.725,9,-15,-3
-39.82,9,-16,-5
-42.535,9,-13,-4
-38.01,8,-18,-5
-39.82,8,-16,-5
-39.82,8,-16,-5
-43.44,9,-12,-3
-45.25,9,-10,-3
-45.25,10,-10,-3
-41.63,8,-14,-3
-45.25,9,-10,-3
-45.25,10,-10,-3
-43.44,9,-12,-3
-45.25,10,-10,-3
-45.25,10,-10,-4
-43.44,10,-12,-2
-51.585,13,-3,-6
-48.87,13,-6,-6
-53.395,12,-1,-4
-47.06,12,-8,-4
-53.395,12,-1,-4
-48.87,11,-6,-4
-50.68,13,-4,-5
-53.395,12,-1,-4
-51.585,12,-3,-5
-52.49,13,-2,-6
-50.68,11,-4,-3
-53.395,12,-1,-4
-53.395,12,-1,-3
-53.395,12,-1,-3
-52.49,13,-2,-6
-53.395,12,-1,-3
-53.395,12,-1,-4
-49.775,11,-5,-3
-53.395,12,-1,-3
-49.775,11,-5,-3
-36.2,8,-20,-2
-37.105,9,-19,-2
-37.105,8,-19,-1
-36.2,8,-20,-2
-36.2,8,-20,-2
-36.2,8,-20,-2
-33.485,9,-23,-2
-37.105,8,-19,-1
-36.2,8,-20,-2
-38.01,8,-18,-2
-35.295,8,-21,-2
-34.39,7,-22,-4
-33.485,7,-23,-2
-35.295,8,-21,-2
-35.295,8,-21,-2
-32.58,7,-24,-2
-32.58,7,-24,-2
-36.2,7,-20,-4
-32.58,7,-24,-2
-33.485,7,-23,-3
-43.44,9,-12,-4
-38.01,9,-18,-2
-43.44,10,-12,-5
-39.82,9,-16,-3
-38.01,9,-18,-2
-43.44,9,-12,-4
-43.44,9,-12,-4
-43.44,10,-12,-5
-43.44,9,-12,-4
-43.44,10,-12,-4
-48.87,11,-6,-4
-49.775,12,-5,-4
-49.775,12,-5,-4
-47.965,11,-7,-5
-49.775,12,-5,-4
-47.965,10,-7,-4
-47.965,10,-7,-4
-47.06,10,-8,-3
-49.775,12,-5,-4
-48.87,11,-6,-4
-30.77,6,-26,-2
-32.58,7,-24,-3
-33.485,7,-23,-2
-33.485,7,-23,-3
-34.39,7,-22,-2
-34.39,7,-22,-1
-34.39,7,-22,-1
-33.485,7,-23,-2
-32.58,7,-24,-4
-34.39,7,-22,-2
-33.485,7,-23,-3
-36.2,7,-20,-4
-36.2,7,-20,-3
-35.295,7,-21,-1
-32.58,6,-24,-1
-35.295,7,-21,-1
-36.2,7,-20,-3
-35.295,7,-21,-3
-38.01,8,-18,-4
-35.295,8,-21,-3
-36.2,8,-20,-1
-36.2,8,-20,-2
-36.2,8,-20,-2
-38.01,9,-18,-3
-38.01,8,-18,-4
-38.01,9,-18,-3
-36.2,8,-20,-2
-36.2,8,-20,-2
-36.2,8,-20,-2
-36.2,8,-20,-2
-47.965,10,-7,-2
-47.965,10,-7,-2
-47.965,10,-7,-2
-47.965,10,-7,-2
-46.155,10,-9,-4
-47.965,10,-7,-3
-47.965,10,-7,-2
-47.965,10,-7,-2
-47.965,10,-7,-3
-47.965,10,-7,-2
-43.44,10,-12,-3
-45.25,11,-10,-4
-45.25,11,-10,-4
-45.25,11,-10,-4
-46.155,11,-9,-3
-45.25,11,-10,-5
-46.155,11,-9,-4
-45.25,11,-10,-5
-41.63,10,-14,-2
-46.155,11,-9,-5
-46.155,11,-9,-3
-42.535,11,-13,-4
-38.01,9,-18,-3
-46.155,11,-9,-2
-44.345,12,-11,-5
-46.155,11,-9,-4
-39.82,10,-16,-4
-45.25,10,-10,-2
-46.155,11,-9,-4
-47.06,12,-8,-3
-41.63,10,-14,-4
-43.44,10,-12,-5
-45.25,11,-10,-2
-47.06,12,-8,-5
-46.155,11,-9,-3
-46.155,11,-9,-3
-43.44,10,-12,-2
-41.63,10,-14,-4
-43.44,11,-12,-3
-41.63,11,-12,-5
-45.25,10,-10,-2
-41.63,9,-14,-2
-43.44,11,-12,-3
-45.25,10,-10,-3
-44.345,10,-11,-2
-45.25,10,-10,-3
-42.535,9,-13,-3
-45.25,10,-10,-2
-41.63,9,-14,-2
-43.44,10,-12,-3
-41.63,8,-14,-2
-43.44,8,-12,-1
-43.44,8,-12,-1
-43.44,8,-12,-2
-35.295,7,-21,-1
-41.63,8,-14,-2
-43.44,8,-12,-2
-43.44,8,-12,-1
-43.44,8,-12,-1
-41.63,8,-14,-2
-41.63,10,-14,-1
-39.82,8,-16,-3
-40.725,10,-15,-2
-41.63,10,-14,-1
-39.82,8,-16,-3
-40.725,9,-15,-1
-40.725,9,-15,-3
-39.82,8,-16,-3
-42.535,10,-13,-3
-37.105,7,-19,-2
-42.535,10,-13,-3
-42.535,9,-13,-3
-43.44,9,-12,-3
-43.44,10,-12,-5
-42.535,9,-13,-3
-42.535,9,-13,-3
-43.44,9,-12,-4
-41.63,9,-14,-3
-42.535,9,-13,-3
-42.535,9,-13,-2
-39.82,9,-16,-2
-38.915,9,-17,-2
-37.105,8,-19,-3
-38.915,9,-17,-3
-38.915,9,-17,-2
-38.915,8,-17,-2
-37.105,8,-19,-2
-38.915,8,-17,-2
-38.915,8,-17,-2
-37.105,9,-19,-2
-42.535,11,-13,-6
-42.535,11,-13,-7
-42.535,11,-13,-7
-40.725,10,-15,-5
-40.725,10,-15,-4
-38.01,9,-18,-4
-40.725,10,-15,-5
-44.345,11,-11,-5
-42.535,11,-13,-7
-42.535,11,-13,-7
-50.68,13,-4,-6
-48.87,12,-6,-6
-44.345,11,-11,-5
-50.68,13,-4,-7
-50.68,13,-4,-7
-50.68,13,-4,-7
-47.06,11,-8,-4
-50.68,13,-4,-7
-47.06,11,-8,-4
-47.06,11,-8,-4
-53.395,13,-1,-6
-53.395,13,-1,-6
-53.395,13,-1,-6
-53.395,13,-1,-6
-52.49,13,-2,-6
-49.775,12,-5,-5
-53.395,13,-1,-6
-53.395,13,-1,-6
-53.395,13,-1,-6
-53.395,13,-1,-6
-45.25,10,-10,-3
-45.25,10,-10,-3
-45.25,10,-10,-3
-45.25,10,-10,-3
-45.25,10,-10,-3
-45.25,10,-10,-3
-45.25,10,-10,-3
-46.155,11,-9,-4
-45.25,10,-10,-3
-45.25,10,-10,-3
-45.25,9,-10,-4
-45.25,9,-10,-4
-45.25,9,-10,-4
-41.63,8,-14,-1
-47.965,11,-7,-3
-45.25,9,-10,-4
-47.965,11,-7,-3
-46.155,10,-9,-3
-46.155,10,-9,-3
-45.25,9,-10,-4
-32.58,7,-24,-1
-32.58,9,-24,-3
-32.58,8,-24,-2
-34.39,8,-22,-3
-32.58,8,-24,-2
-36.2,8,-20,-3
-37.105,9,-19,-3
-36.2,9,-20,-3
-37.105,9,-19,-3
-36.2,8,-20,-1
-42.535,9,-13,-3
-45.25,10,-10,-2
-44.345,10,-11,-4
-44.345,10,-11,-5
-43.44,9,-12,-4
-44.345,10,-11,-5
-44.345,10,-11,-5
-44.345,10,-11,-5
-44.345,10,-11,-5
-43.44,10,-12,-4
-45.25,10,-10,-4
-41.63,10,-14,-4
-46.155,11,-9,-5
-45.25,10,-10,-4
-40.725,9,-15,-3
-39.82,8,-16,-2
-46.155,11,-9,-4
-40.725,9,-15,-3
-46.155,11,-9,-5
-41.63,10,-14,-4
-37.105,8,-19,-2
-37.105,8,-19,-1
-37.105,8,-19,-1
-37.105,8,-19,-1
-37.105,8,-19,0
-38.01,9,-18,-3
-37.105,8,-19,-2
-37.105,8,-19,-2
-36.2,8,-20,-3
-37.105,8,-19,-2
-40.725,11,-15,-4
-38.915,10,-17,-4
-38.01,9,-18,-3
-38.01,9,-18,-2
-38.01,9,-18,-2
-37.105,8,-19,-2
-38.01,10,-18,-3
-38.915,10,-17,-4
-37.105,8,-19,-3
-40.725,10,-15,-3
-41.63,10,-14,-3
-47.06,12,-8,-5
-47.06,12,-8,-5
-51.585,13,-3,-6
-46.155,11,-9,-2
-46.155,11,-9,-4
-45.25,12,-10,-5
-45.25,12,-10,-5
-47.06,12,-8,-5
-43.44,11,-12,-4
-45.25,11,-10,-4
-46.155,12,-9,-5
-44.345,12,-11,-5
-45.25,11,-10,-4
-47.06,12,-8,-5
-43.44,10,-12,-5
-45.25,11,-10,-6
-44.345,11,-11,-4
-44.345,10,-11,-5
-43.44,10,-12,-3
-46.155,10,-9,-4
-44.345,10,-11,-4
-44.345,10,-11,-4
-44.345,10,-11,-4
-44.345,10,-11,-4
-44.345,10,-11,-4
-37.105,8,-19,-2
-44.345,10,-11,-4
-45.25,11,-10,-5
-44.345,10,-11,-4
-44.345,11,-11,-3
-41.63,9,-14,-1
-40.725,9,-15,-2
-43.44,9,-12,-3
-38.915,8,-17,-1
-45.25,10,-10,-4
-37.105,8,-19,-1
-42.535,9,-13,-3
-45.25,10,-10,-4
-40.725,9,-15,-2
-46.155,11,-9,-3
-45.25,13,-10,-7
-45.25,10,-10,-4
-46.155,11,-9,-3
-44.345,12,-11,-5
-45.25,11,-10,-5
-46.155,11,-9,-4
-49.775,12,-5,-5
-45.25,10,-10,-4
-46.155,12,-9,-5
-38.915,8,-17,-1
-38.915,8,-17,-2
-38.915,8,-17,-2
-38.915,8,-17,-2
-37.105,7,-19,-2
-29.865,6,-27,-1
-38.915,8,-17,-1
-38.915,8,-17,-2
-38.915,8,-17,-2
-38.915,8,-17,-2
-46.155,12,-9,-7
-48.87,13,-6,-7
-46.155,12,-9,-6
-48.87,14,-6,-7
-49.775,12,-5,-6
-47.06,13,-8,-8
-45.25,11,-10,-6
-47.06,13,-8,-6
-45.25,11,-10,-6
-50.68,14,-4,-8
