-38.07,10,-6,-2
-38.07,10,-6,-2
-38.07,10,-6,-2
-38.07,10,-6,-2
-38.07,10,-6,-2
-38.07,10,-6,-2
-38.07,10,-6,-2
-38.07,10,-6,-2
-38.07,10,-6,-2
-38.07,10,-6,-2
-36.66,11,-8,-2
-36.66,11,-8,-3
-36.66,11,-8,-2
-36.66,11,-8,-2
-36.66,11,-8,-3
-36.66,11,-8,-2
-36.66,11,-8,-2
-36.66,11,-8,-3
-36.66,11,-8,-3
-36.66,11,-8,-2
-40.89,12,-2,-6
-41.595,11,-1,-5
-41.595,11,-1,-5
-41.595,11,-1,-5
-41.595,11,-1,-5
-41.595,11,-1,-5
-41.595,11,-1,-5
-41.595,11,-1,-5
-41.595,11,-1,-5
-41.595,11,-1,-5
-35.25,9,-10,-4
-36.66,10,-8,-4
-36.66,10,-8,-4
-36.66,10,-8,-4
-35.25,9,-10,-4
-35.25,9,-10,-4
-35.25,9,-10,-4
-35.25,9,-10,-4
-35.25,9,-10,-4
-35.25,9,-10,-4
-33.84,8,-12,-3
-33.84,8,-12,-3
-33.84,8,-12,-3
-36.66,11,-8,-4
-33.84,8,-12,-3
-33.84,8,-12,-3
-33.84,8,-12,-3
-36.66,9,-8,-3
-33.84,8,-12,-3
-33.84,8,-12,-3
-37.365,12,-7,-4
-37.365,12,-7,-4
-37.365,12,-7,-4
-35.955,11,-9,-5
-35.955,11,-9,-5
-37.365,12,-7,-4
-37.365,12,-7,-5
-37.365,12,-7,-4
-37.365,12,-7,-5
-37.365,12,-7,-4
-37.365,10,-7,-3
-37.365,10,-7,-3
-37.365,10,-7,-3
-37.365,10,-7,-3
-38.775,10,-5,-4
-38.775,10,-5,-4
-37.365,10,-7,-2
-37.365,10,-7,-3
-37.365,10,-7,-3
-37.365,10,-7,-3
-38.775,11,-3,-6
-40.89,11,-2,-6
-38.775,11,-3,-6
-38.775,11,-3,-6
-39.48,11,-4,-6
-38.775,11,-3,-6
-38.775,11,-3,-6
-38.775,11,-3,-6
-38.775,11,-3,-6
-39.48,11,-4,-6
-36.66,10,-8,-4
-36.66,10,-8,-4
-36.66,10,-8,-4
-36.66,10,-8,-4
-36.66,10,-8,-4
-36.66,10,-8,-4
-36.66,10,-8,-4
-36.66,10,-8,-4
-38.07,10,-6,-3
-36.66,10,-8,-4
-35.955,9,-9,-3
-35.955,9,-9,-3
-35.955,9,-9,-3
-35.955,9,-9,-3
-35.955,9,-9,-3
-35.955,9,-9,-3
-35.955,9,-9,-3
-35.955,9,-9,-3
-35.955,9,-9,-3
-35.955,9,-9,-3
-33.84,8,-12,-2
-33.84,8,-12,-2
-33.84,8,-12,-2
-33.84,8,-12,-4
-33.84,8,-12,-2
-33.84,8,-12,-2
-33.84,8,-12,-4
-33.84,8,-12,-2
-33.84,8,-12,-2
-33.84,8,-12,-4
-40.89,10,-2,-3
-36.66,10,-8,-5
-41.595,10,-1,-3
-40.89,10,-2,-3
-36.66,10,-8,-5
-36.66,10,-8,-5
-39.48,10,-4,-4
-36.66,10,-8,-5
-36.66,10,-8,-5
-36.66,10,-8,-5
-40.89,11,-2,-7
-40.89,11,-2,-7
-40.89,11,-2,-7
-40.89,11,-2,-7
-40.89,11,-2,-7
-40.89,11,-2,-7
-40.89,11,-2,-7
-40.89,11,-2,-7
-40.89,11,-2,-7
-40.89,11,-2,-7
-40.89,11,-2,-4
-40.89,11,-2,-4
-37.365,10,-7,-4
-37.365,10,-7,-4
-40.89,11,-2,-4
-40.89,11,-2,-4
-40.89,11,-2,-4
-37.365,10,-7,-4
-37.365,10,-7,-4
-40.89,11,-2,-4
-35.25,9,-10,-5
-33.84,8,-12,-3
-35.25,9,-10,-5
-35.25,9,-10,-5
-36.66,9,-8,-4
-35.25,9,-10,-4
-36.66,9,-8,-4
-35.25,9,-10,-5
-35.25,9,-10,-4
-36.66,9,-8,-4
-30.315,8,-17,-3
-30.315,8,-17,-3
-30.315,8,-17,-3
-32.43,8,-14,-4
-30.315,8,-17,-2
-30.315,8,-17,-2
-30.315,8,-17,-2
-32.43,8,-14,-4
-30.315,8,-17,-2
-32.43,8,-14,-4
-39.48,10,-4,-2
-39.48,10,-4,-2
-39.48,10,-4,-3
-39.48,10,-4,-2
-39.48,10,-4,-2
-39.48,10,-4,-2
-39.48,10,-4,-2
-39.48,10,-4,-2
-39.48,10,-4,-2
-39.48,10,-4,-2
-40.185,10,-3,-3
-40.185,10,-3,-3
-40.185,10,-3,-3
-40.185,10,-3,-3
-40.185,10,-3,-3
-40.185,10,-3,-3
-40.185,10,-3,-3
-40.185,10,-3,-3
-40.185,10,-3,-3
-40.185,10,-3,-3
-40.185,11,-3,-1
-40.89,11,-2,-4
-40.89,10,-2,-4
-42.3,10,0,-3
-39.48,10,-4,-1
-39.48,10,-4,-3
-40.185,10,-3,-4
-40.89,11,-2,-4
-40.89,10,-2,-4
-40.185,11,-3,-1
-39.48,11,-4,-5
-39.48,11,-4,-5
-39.48,11,-4,-5
-39.48,11,-4,-4
-39.48,11,-4,-5
-39.48,11,-4,-5
-39.48,11,-4,-5
-39.48,11,-4,-5
-39.48,11,-4,-5
-39.48,11,-4,-5
-39.48,11,-4,-6
-39.48,11,-4,-6
-39.48,11,-4,-6
-39.48,11,-4,-6
-38.775,11,-5,-5
-39.48,11,-4,-6
-39.48,11,-4,-6
-39.48,11,-4,-6
-39.48,11,-4,-6
-39.48,11,-4,-6
-34.545,11,-11,-5
-34.545,11,-11,-4
-34.545,11,-11,-4
-34.545,11,-11,-5
-34.545,10,-11,-3
-33.84,11,-12,-5
-34.545,11,-11,-4
-34.545,11,-11,-4
-34.545,11,-11,-5
-34.545,11,-11,-4
-38.07,9,-6,-6
-38.07,9,-6,-6
-38.07,9,-6,-6
-38.07,9,-6,-6
-38.07,9,-6,-6
-38.07,9,-6,-6
-38.07,9,-6,-6
-38.07,9,-6,-6
-38.07,9,-6,-6
-38.07,9,-6,-6
-38.775,11,-5,-5
-38.775,11,-5,-5
-38.775,11,-5,-5
-38.775,11,-5,-5
-38.775,11,-5,-5
-38.775,11,-5,-5
-38.775,11,-5,-5
-40.185,11,-3,-4
-38.775,11,-5,-5
-38.775,11,-5,-5
-38.07,11,-6,-3
-38.07,11,-6,-4
-38.07,11,-6,-4
-38.07,11,-6,-4
-38.07,11,-6,-3
-38.07,11,-6,-4
-38.07,11,-6,-3
-36.66,10,-8,-3
-38.07,11,-6,-3
-38.07,11,-6,-4
-33.135,10,-13,-4
-33.135,10,-13,-4
-33.135,10,-13,-4
-33.135,10,-13,-4
-33.135,10,-13,-4
-33.135,10,-13,-4
-33.135,10,-13,-4
-33.135,10,-13,-4
-33.135,10,-13,-4
-33.135,10,-13,-4
-35.955,9,-9,-3
-35.25,9,-10,-4
-35.25,9,-10,-4
-35.25,9,-10,-4
-35.25,9,-10,-4
-35.25,9,-10,-4
-35.25,9,-10,-4
-35.25,9,-10,-4
-35.25,9,-10,-4
-35.25,9,-10,-4
-41.595,11,-1,-4
-41.595,11,-1,-4
-41.595,11,-1,-4
-41.595,11,-1,-4
-41.595,11,-1,-4
-41.595,11,-1,-4
-41.595,11,-1,-4
-40.185,11,-3,-4
-41.595,11,-1,-4
-41.595,11,-1,-4
-33.84,9,-12,-3
-35.25,10,-10,-3
-35.25,10,-10,-3
-33.84,9,-12,-3
-35.25,10,-10,-3
-35.25,10,-10,-3
-35.25,10,-10,-3
-35.25,10,-10,-3
-35.25,10,-10,-3
-35.25,10,-10,-3
-38.775,11,-5,-4
-38.775,11,-5,-4
-38.775,11,-5,-4
-38.775,11,-5,-4
-38.775,11,-5,-4
-38.775,11,-5,-4
-38.775,11,-5,-4
-41.595,11,-1,-3
-38.775,11,-5,-4
-41.595,11,-1,-3
-41.595,12,-1,-4
-41.595,12,-1,-4
-41.595,12,-1,-4
-41.595,12,-1,-4
-41.595,12,-1,-4
-41.595,12,-1,-4
-41.595,12,-1,-4
-41.595,12,-1,-4
-41.595,12,-1,-4
-41.595,12,-1,-4
-38.775,10,-5,-2
-38.775,10,-5,-2
-38.07,11,-6,-5
-38.775,10,-5,-2
-38.775,10,-5,-2
-38.775,10,-5,-2
-38.775,10,-5,-2
-38.775,10,-5,-2
-38.775,10,-5,-2
-38.775,10,-5,-2
-40.185,11,-3,-7
-40.185,11,-3,-7
-40.185,11,-3,-6
-40.185,11,-3,-6
-40.185,11,-3,-6
-40.185,11,-3,-6
-40.185,11,-3,-7
-40.185,11,-3,-6
-40.185,11,-3,-6
-40.185,11,-3,-6
-38.775,10,-5,-3
-40.185,11,-3,-4
-38.775,10,-5,-3
-38.775,10,-5,-3
-38.775,10,-5,-3
-38.775,10,-5,-3
-38.775,10,-5,-3
-38.775,10,-5,-3
-40.185,11,-3,-4
-40.185,11,-3,-4
-33.84,8,-12,-3
-33.84,8,-12,-3
-33.84,8,-12,-3
-33.84,8,-12,-3
-33.135,8,-13,-2
-33.84,8,-12,-3
-33.84,8,-12,-3
-33.84,8,-12,-3
-33.84,8,-12,-3
-33.84,8,-12,-3
-34.545,10,-11,-4
-35.25,10,-10,-4
-35.25,10,-10,-4
-34.545,10,-11,-4
-34.545,10,-11,-4
-33.84,9,-12,-3
-35.25,10,-10,-4
-34.545,10,-11,-4
-34.545,10,-11,-4
-35.25,10,-10,-4
-38.07,10,-6,-6
-38.775,10,-5,-4
-38.775,10,-5,-4
-38.775,10,-5,-4
-38.775,10,-5,-4
-38.775,10,-5,-4
-38.775,10,-5,-4
-36.66,10,-8,-5
-38.775,10,-5,-4
-38.775,10,-5,-4
-35.25,9,-10,-5
-35.25,9,-10,-5
-35.25,9,-10,-5
-35.25,9,-10,-5
-35.25,9,-10,-5
-35.25,9,-10,-5
-35.25,9,-10,-5
-35.25,9,-10,-5
-36.66,9,-8,-5
-35.25,9,-10,-5
-41.595,11,-1,-3
-41.595,11,-1,-4
-40.89,11,-2,-4
-40.89,11,-2,-4
-40.89,11,-2,-4
-41.595,11,-1,-4
-40.89,11,-2,-4
-41.595,11,-1,-3
-41.595,11,-1,-4
-40.89,11,-2,-4
-42.3,12,0,-4
-42.3,12,0,-4
-42.3,12,0,-4
-42.3,12,0,-4
-42.3,12,0,-4
-42.3,12,0,-4
-42.3,12,0,-4
-38.07,12,-6,-5
-41.595,12,-1,-4
-40.185,11,-3,-4
-38.07,10,-6,-4
-38.07,10,-6,-4
-38.07,10,-6,-4
-38.07,10,-6,-4
-38.07,10,-6,-4
-38.07,10,-6,-4
-38.07,10,-6,-4
-38.07,10,-6,-4
-38.07,10,-6,-4
-38.07,10,-6,-4
-40.89,11,-2,-7
-40.89,11,-2,-7
-40.89,11,-2,-7
-40.89,11,-2,-7
-40.89,11,-2,-7
-40.89,11,-2,-7
-40.89,11,-2,-7
-40.89,11,-2,-7
-40.89,11,-2,-7
-40.89,11,-2,-7
-38.07,10,-6,-5
-38.07,10,-6,-5
-38.07,10,-6,-5
-38.07,10,-6,-5
-38.07,10,-6,-5
-38.07,10,-6,-5
-38.07,10,-6,-5
-38.07,10,-6,-5
-38.07,10,-6,-5
-38.07,10,-6,-5
-38.775,10,-5,-5
-38.775,10,-5,-5
-38.775,10,-5,-5
-38.775,10,-5,-5
-38.775,10,-5,-5
-38.775,10,-5,-5
-38.775,10,-5,-5
-38.775,10,-5,-5
-38.775,10,-5,-5
-38.775,10,-5,-5
-35.955,9,-9,-3
-35.955,9,-9,-3
-37.365,10,-7,-4
-35.955,9,-9,-3
-35.955,9,-9,-3
-35.955,9,-9,-3
-35.955,9,-9,-3
-33.84,9,-12,-1
-35.955,9,-9,-3
-35.955,9,-9,-3
-39.48,10,-4,-4
-39.48,10,-4,-4
-36.66,10,-8,-3
-39.48,10,-4,-4
-36.66,10,-8,-3
-39.48,10,-4,-4
-39.48,10,-4,-4
-36.66,10,-8,-3
-39.48,10,-4,-4
-39.48,10,-4,-4
-38.775,11,-5,-3
-37.365,11,-7,-4
-37.365,11,-7,-4
-38.07,11,-6,-3
-38.775,11,-5,-2
-37.365,11,-7,-4
-37.365,11,-7,-4
-38.775,11,-5,-2
-37.365,11,-7,-4
-38.07,11,-6,-3
-36.66,9,-8,-5
-36.66,9,-8,-5
-35.25,9,-10,-4
-36.66,9,-8,-5
-36.66,9,-8,-5
-36.66,9,-8,-5
-35.25,9,-10,-3
-36.66,9,-8,-5
-35.25,9,-10,-4
-36.66,9,-8,-5
-38.07,10,-6,-4
-38.07,10,-6,-4
-38.07,10,-6,-4
-38.07,10,-6,-4
-38.07,10,-6,-4
-38.07,10,-6,-3
-38.07,10,-6,-4
-38.07,10,-6,-3
-38.07,10,-6,-3
-38.07,10,-6,-4
-37.365,12,-7,-4
-37.365,12,-7,-5
-37.365,12,-7,-5
-37.365,12,-7,-4
-37.365,12,-7,-4
-37.365,12,-7,-5
-37.365,12,-7,-4
-37.365,12,-7,-4
-34.545,10,-11,-4
-37.365,12,-7,-4
-40.89,10,-2,-5
-41.595,10,-1,-3
-41.595,10,-1,-3
-41.595,10,-1,-3
-41.595,10,-1,-3
-40.89,10,-2,-5
-40.89,10,-2,-5
-40.89,10,-2,-5
-41.595,10,-1,-3
-41.595,10,-1,-3
-38.775,11,-5,-3
-41.595,12,-1,-2
-38.775,11,-5,-3
-38.775,11,-5,-2
-39.48,11,-4,-3
-38.775,11,-5,-3
-38.775,11,-5,-2
-38.775,11,-5,-3
-39.48,11,-4,-3
-38.775,11,-5,-3
-40.185,12,-3,-4
-40.185,12,-3,-4
-40.185,12,-3,-4
-40.185,12,-3,-4
-40.185,12,-3,-4
-40.185,12,-3,-4
-40.185,12,-3,-4
-33.84,10,-12,-3
-40.185,12,-3,-4
-36.66,11,-8,-3
-39.48,11,-4,-4
-39.48,10,-4,-3
-41.595,10,-1,-4
-39.48,10,-4,-3
-40.89,10,-2,-4
-41.595,10,-1,-4
-40.89,10,-2,-4
-39.48,11,-4,-4
-41.595,10,-1,-4
-39.48,10,-4,-3
-38.775,10,-5,-4
-38.775,10,-5,-4
-38.775,10,-5,-4
-38.775,10,-5,-4
-38.775,10,-5,-4
-38.775,10,-5,-4
-38.775,10,-5,-4
-38.775,10,-5,-4
-38.775,10,-5,-4
-38.775,10,-5,-4
-38.07,9,-6,-4
-38.07,9,-6,-4
-38.07,9,-6,-5
-38.07,9,-6,-4
-38.07,9,-6,-4
-38.07,9,-6,-5
-38.07,9,-6,-4
-38.07,9,-6,-4
-38.07,9,-6,-5
-38.07,9,-6,-4
-40.185,12,-3,-5
-40.185,12,-3,-6
-40.185,12,-3,-6
-40.185,12,-3,-6
-40.185,12,-3,-6
-40.185,12,-3,-5
-40.185,12,-3,-6
-40.185,12,-3,-5
-39.48,11,-4,-5
-40.185,12,-3,-6
-40.89,11,-2,-5
-40.89,11,-2,-6
-40.89,11,-2,-5
-40.89,11,-2,-5
-39.48,11,-4,-7
-40.89,11,-2,-5
-40.89,11,-2,-6
-40.89,11,-2,-5
-40.89,11,-2,-6
-40.89,11,-2,-5
-40.185,11,-3,-6
-40.185,11,-3,-5
-40.185,11,-3,-5
-40.185,11,-3,-5
-40.185,11,-3,-6
-40.185,11,-3,-5
-40.185,11,-3,-5
-39.48,11,-4,-5
-40.185,11,-3,-6
-40.185,11,-3,-6
-40.185,12,-3,-6
-40.185,12,-3,-6
-40.185,12,-3,-6
-40.185,12,-3,-6
-40.185,12,-3,-6
-35.25,9,-10,-4
-40.185,12,-3,-6
-40.185,12,-3,-6
-35.25,9,-10,-4
-40.185,12,-3,-6
-38.07,11,-6,-5
-38.07,11,-6,-5
-38.07,11,-6,-5
-38.07,11,-6,-5
-38.07,11,-6,-5
-38.07,11,-6,-5
-38.07,11,-6,-5
-38.07,11,-6,-5
-38.07,11,-6,-5
-38.07,11,-6,-5
-40.89,11,-2,-6
-40.89,11,-2,-5
-40.89,11,-2,-6
-40.89,11,-2,-6
-40.89,11,-2,-5
-40.89,11,-2,-6
-40.89,11,-2,-5
-40.89,11,-2,-6
-40.89,11,-2,-6
-40.89,11,-2,-5
-35.25,10,-10,-3
-36.66,12,-8,-5
-38.775,12,-5,-4
-36.66,10,-8,-4
-36.66,12,-8,-5
-36.66,12,-8,-5
-37.365,11,-7,-5
-38.775,12,-5,-4
-36.66,12,-8,-5
-38.775,11,-5,-4
-38.07,10,-6,-4
-38.775,10,-5,-4
-37.365,10,-7,-3
-37.365,10,-7,-2
-37.365,10,-7,-2
-38.775,10,-5,-4
-37.365,10,-7,-2
-37.365,10,-7,-2
-37.365,10,-7,-2
-37.365,10,-7,-3
-38.07,11,-6,-4
-38.07,11,-6,-3
-37.365,12,-7,-4
-38.07,11,-6,-3
-37.365,12,-7,-4
-38.07,11,-6,-4
-38.07,11,-6,-3
-37.365,12,-7,-4
-38.07,11,-6,-3
-38.07,11,-6,-3
-34.545,9,-11,-4
-34.545,9,-11,-4
-34.545,9,-11,-4
-34.545,9,-11,-4
-34.545,9,-11,-4
-34.545,9,-11,-4
-34.545,9,-11,-4
-34.545,9,-11,-4
-34.545,9,-11,-4
-34.545,9,-11,-4
-38.775,12,-5,-4
-37.365,12,-7,-5
-36.66,11,-8,-4
-38.07,11,-6,-4
-38.07,11,-6,-4
-38.07,11,-6,-4
-38.07,11,-6,-4
-38.07,11,-6,-4
-38.775,12,-5,-4
-38.775,11,-5,-3
-38.775,11,-5,-6
-38.775,11,-5,-6
-38.775,11,-5,-6
-38.775,11,-5,-6
-38.775,11,-5,-6
-38.775,11,-5,-6
-38.775,11,-5,-6
-38.775,11,-5,-6
-38.775,11,-5,-6
-38.775,11,-5,-6
-37.365,10,-7,-3
-37.365,10,-7,-3
-37.365,10,-7,-3
-37.365,10,-7,-3
-37.365,10,-7,-3
-37.365,10,-7,-3
-37.365,10,-7,-3
-37.365,10,-7,-3
-37.365,10,-7,-3
-37.365,10,-7,-3
-38.775,10,-5,-4
-38.775,10,-5,-5
-38.775,10,-5,-5
-38.775,10,-5,-5
-38.775,10,-5,-4
-38.775,10,-5,-5
-38.775,10,-5,-4
-38.775,10,-5,-5
-38.775,10,-5,-5
-38.775,10,-5,-4
-37.365,10,-7,-4
-37.365,10,-7,-4
-37.365,10,-7,-4
-37.365,10,-7,-4
-37.365,10,-7,-4
-37.365,10,-7,-4
-37.365,10,-7,-4
-37.365,10,-7,-4
-37.365,10,-7,-4
-38.07,10,-6,-5
-39.48,12,-4,-5
-39.48,12,-4,-5
-39.48,12,-4,-5
-39.48,12,-4,-5
-39.48,12,-4,-5
-40.185,11,-3,-4
-39.48,12,-4,-5
-39.48,12,-4,-5
-39.48,12,-4,-5
-39.48,12,-4,-6
-37.365,11,-7,-5
-37.365,11,-7,-5
-37.365,11,-7,-5
-37.365,11,-7,-5
-37.365,11,-7,-5
-37.365,11,-7,-5
-37.365,11,-7,-5
-37.365,11,-7,-5
-37.365,11,-7,-5
-37.365,11,-7,-5
-35.955,10,-9,-4
-35.955,10,-9,-4
-35.955,9,-9,-5
-35.955,9,-9,-5
-35.955,9,-9,-5
-35.955,10,-9,-4
-35.955,10,-9,-4
-35.955,9,-9,-5
-35.955,10,-9,-4
-35.955,9,-9,-5
-33.84,10,-12,-6
-33.84,10,-12,-6
-33.84,10,-12,-6
-34.545,10,-11,-4
-33.84,10,-12,-6
-34.545,10,-11,-4
-34.545,10,-11,-4
-34.545,10,-11,-4
-33.84,10,-12,-6
-33.84,10,-12,-6
-40.89,10,-2,-6
-40.89,10,-2,-6
-40.89,10,-2,-6
-40.89,10,-2,-6
-40.89,10,-2,-6
-40.89,10,-2,-6
-40.89,10,-2,-6
-40.89,10,-2,-6
-40.89,10,-2,-6
-40.89,10,-2,-6
-40.89,12,-2,-5
-39.48,11,-4,-5
-40.89,12,-2,-5
-40.89,12,-2,-5
-40.89,12,-2,-5
-40.89,12,-2,-5
-40.89,12,-2,-5
-40.89,12,-2,-5
-40.89,11,-2,-4
-40.89,12,-2,-5
-40.89,11,-2,-7
-40.89,11,-2,-6
-39.48,10,-4,-5
-40.89,11,-2,-6
-40.89,11,-2,-6
-40.89,11,-2,-7
-39.48,10,-4,-5
-40.89,11,-2,-7
-40.89,11,-2,-7
-39.48,10,-4,-5
-35.955,9,-9,-1
-35.955,9,-9,-1
-35.955,9,-9,-1
-34.545,10,-11,-2
-37.365,9,-7,-1
-37.365,9,-7,-1
-35.955,9,-9,-1
-35.955,9,-9,-1
-35.955,9,-9,-1
-37.365,9,-7,-1
-40.185,11,-3,-4
-40.185,11,-3,-4
-40.185,11,-3,-4
-40.185,11,-3,-4
-40.185,11,-3,-4
-40.185,11,-3,-4
-40.185,11,-3,-4
-40.185,11,-3,-4
-40.185,11,-3,-4
-40.185,11,-3,-5
-38.07,12,-6,-5
-38.775,12,-5,-4
-40.185,11,-3,-4
-38.775,12,-5,-5
-38.775,11,-5,-3
-38.07,12,-6,-5
-38.07,12,-6,-5
-39.48,12,-4,-5
-37.365,12,-7,-5
-38.775,11,-5,-3
-36.66,9,-8,-2
-36.66,9,-8,-2
-36.66,9,-8,-2
-36.66,9,-8,-2
-36.66,9,-8,-2
-36.66,9,-8,-2
-36.66,9,-8,-2
-36.66,9,-8,-2
-36.66,9,-8,-2
-36.66,9,-8,-2
-39.48,10,-4,-3
-39.48,10,-4,-3
-38.775,10,-5,-4
-38.775,10,-5,-4
-38.775,10,-5,-4
-38.775,10,-5,-4
-38.775,10,-5,-2
-38.775,10,-5,-4
-38.07,10,-6,-3
-39.48,10,-4,-3
-37.365,10,-7,-6
-37.365,10,-7,-5
-37.365,10,-7,-5
-37.365,10,-7,-6
-37.365,10,-7,-5
-37.365,10,-7,-5
-37.365,10,-7,-6
-37.365,10,-7,-6
-37.365,10,-7,-5
-37.365,10,-7,-5
-41.595,11,-1,-4
-41.595,11,-1,-4
-41.595,11,-1,-4
-41.595,11,-1,-4
-41.595,11,-1,-4
-41.595,11,-1,-4
-41.595,11,-1,-4
-41.595,11,-1,-4
-41.595,11,-1,-4
-41.595,11,-1,-4
-38.775,10,-5,-5
-38.775,10,-5,-5
-38.775,10,-5,-5
-38.775,10,-5,-5
-38.775,10,-5,-5
-38.775,10,-5,-5
-40.89,11,-2,-7
-38.775,10,-5,-5
-38.775,10,-5,-5
-38.775,10,-5,-5
-38.07,10,-6,-5
-38.07,10,-6,-5
-38.07,10,-6,-5
-38.07,10,-6,-5
-38.07,10,-6,-5
-38.07,10,-6,-5
-38.07,10,-6,-5
-38.07,10,-6,-5
-38.07,10,-6,-5
-38.07,10,-6,-5
-37.365,12,-7,-6
-35.25,10,-10,-5
-35.25,10,-10,-5
-35.25,10,-10,-5
-39.48,11,-4,-5
-37.365,12,-7,-6
-37.365,12,-7,-6
-35.955,11,-9,-5
-35.25,10,-10,-5
-35.25,10,-10,-5
-40.89,11,-2,-6
-40.89,11,-2,-6
-40.89,11,-2,-6
-40.89,11,-2,-6
-40.89,11,-2,-6
-40.89,11,-2,-6
-40.89,11,-2,-6
-40.89,11,-2,-6
-40.89,11,-2,-6
-40.89,11,-2,-6
-34.545,9,-11,-3
-34.545,9,-11,-3
-34.545,9,-11,-3
-34.545,9,-11,-3
-34.545,9,-11,-3
-34.545,9,-11,-3
-34.545,9,-11,-3
-34.545,9,-11,-3
-35.25,9,-10,-5
-34.545,9,-11,-3
-37.365,10,-7,-3
-37.365,10,-7,-3
-39.48,10,-4,-4
-37.365,10,-7,-3
-37.365,10,-7,-3
-37.365,10,-7,-3
-37.365,10,-7,-3
-37.365,10,-7,-3
-37.365,10,-7,-3
-39.48,10,-4,-4
-34.545,9,-11,-3
-34.545,9,-11,-3
-34.545,9,-11,-3
-34.545,9,-11,-3
-34.545,9,-11,-3
-34.545,9,-11,-3
-34.545,9,-11,-3
-34.545,9,-11,-3
-34.545,9,-11,-3
-35.955,9,-9,-4
-33.84,8,-12,-1
-33.84,8,-12,-1
-35.25,9,-10,-1
-33.84,8,-12,-1
-33.84,8,-12,-1
-33.84,8,-12,-1
-35.25,9,-10,-1
-33.84,8,-12,-1
-35.25,9,-10,-3
-33.84,8,-12,-1
-33.84,9,-12,-4
-33.84,9,-12,-4
-33.84,9,-12,-4
-33.84,9,-12,-4
-33.84,9,-12,-4
-33.84,9,-12,-4
-33.84,9,-12,-4
-33.84,9,-12,-4
-33.84,9,-12,-4
-33.84,9,-12,-4
-40.185,11,-3,-5
-37.365,11,-7,-3
-40.185,11,-3,-4
-40.185,11,-3,-4
-40.185,11,-3,-5
-40.185,11,-3,-5
-40.185,11,-3,-4
-40.185,11,-3,-4
-40.185,11,-3,-5
-40.185,11,-3,-5
-35.25,9,-10,-4
-35.25,9,-10,-4
-35.25,9,-10,-4
-35.25,9,-10,-4
-35.25,9,-10,-4
-35.25,9,-10,-4
-35.25,9,-10,-4
-35.25,9,-10,-4
-35.25,9,-10,-4
-35.25,9,-10,-4
-38.775,10,-5,-4
-38.775,10,-5,-4
-38.775,10,-5,-4
-38.775,10,-5,-4
-38.775,10,-5,-4
-38.775,10,-5,-4
-38.775,10,-5,-4
-38.775,10,-5,-4
-38.775,10,-5,-4
-38.775,10,-5,-4
-36.66,10,-8,-3
-36.66,10,-8,-3
-36.66,10,-8,-3
-36.66,10,-8,-3
-36.66,10,-8,-3
-36.66,10,-8,-3
-36.66,10,-8,-3
-36.66,10,-8,-3
-36.66,10,-8,-3
-36.66,10,-8,-3
-37.365,11,-7,-4
-37.365,11,-7,-5
-38.07,11,-6,-4
-38.07,11,-6,-4
-37.365,11,-7,-5
-38.07,11,-6,-4
-37.365,11,-7,-5
-38.07,12,-6,-5
-37.365,11,-7,-4
-38.07,11,-6,-4
-38.07,12,-6,-3
-38.07,12,-6,-3
-38.07,12,-6,-3
-38.07,12,-6,-4
-39.48,11,-4,-6
-38.07,12,-6,-3
-38.07,12,-6,-3
-38.07,12,-6,-4
-39.48,11,-4,-6
-39.48,11,-4,-6
