-101.4,10,0,-8
-101.4,10,0,-7
-101.4,10,0,-8
-101.4,10,0,-7
-98.02,10,-2,-4
-101.4,10,0,-7
-101.4,10,0,-7
-101.4,10,0,-8
-98.02,10,-2,-6
-101.4,10,0,-7
-94.64,11,-4,-7
-98.02,11,-2,-5
-94.64,11,-4,-7
-94.64,11,-4,-7
-98.02,11,-2,-5
-98.02,10,-2,-5
-96.33,12,-3,-6
-94.64,11,-4,-7
-98.02,10,-2,-5
-98.02,10,-2,-5
-96.33,11,-3,-5
-89.57,9,-7,-3
-89.57,9,-7,-3
-94.64,10,-4,-5
-94.64,11,-4,-7
-96.33,10,-3,-3
-96.33,10,-3,-3
-96.33,10,-3,-5
-94.64,11,-4,-7
-96.33,10,-3,-4
-98.02,10,-2,-5
-98.02,10,-2,-6
-98.02,10,-2,-7
-98.02,10,-2,-6
-99.71,10,-1,-5
-98.02,10,-2,-5
-98.02,10,-2,-5
-101.4,10,0,-6
-101.4,10,0,-7
-101.4,10,0,-8
-98.02,10,-2,-7
-96.33,10,-3,-6
-98.02,10,-2,-7
-92.95,10,-5,-3
-98.02,10,-2,-3
-101.4,10,0,-6
-92.95,10,-5,-3
-101.4,10,0,-9
-98.02,10,-2,-6
-98.02,10,-2,-7
-98.02,10,-2,-7
-101.4,10,0,-6
-94.64,10,-4,-6
-98.02,11,-2,-6
-98.02,10,-2,-5
-98.02,10,-2,-5
-98.02,10,-2,-5
-94.64,10,-4,-6
-98.02,10,-2,-5
-101.4,10,0,-5
-99.71,10,-1,-6
-98.02,10,-2,-6
-96.33,10,-3,-5
-99.71,11,-1,-7
-99.71,10,-1,-6
-96.33,10,-3,-6
-99.71,10,-1,-6
-99.71,10,-1,-6
-96.33,10,-3,-7
-101.4,10,0,-9
-96.33,10,-3,-5
-92.95,10,-5,-5
-92.95,10,-5,-5
-92.95,10,-5,-5
-92.95,10,-5,-5
-92.95,10,-5,-5
-92.95,10,-5,-5
-92.95,10,-5,-5
-87.88,10,-8,-3
-92.95,10,-5,-5
-101.4,10,0,-8
-98.02,10,-2,-6
-101.4,10,0,-6
-98.02,10,-2,-6
-101.4,11,0,-7
-98.02,10,-2,-6
-98.02,10,-2,-6
-101.4,10,0,-5
-98.02,10,-2,-7
-101.4,10,0,-8
-101.4,10,0,-7
-89.57,10,-7,-5
-91.26,10,-6,-5
-91.26,9,-6,-7
-91.26,9,-6,-7
-91.26,10,-6,-5
-87.88,9,-8,-5
-91.26,9,-6,-7
-94.64,10,-4,-7
-91.26,10,-6,-5
-99.71,10,-1,-5
-98.02,10,-2,-6
-96.33,10,-3,-7
-96.33,10,-3,-7
-96.33,10,-3,-7
-98.02,10,-2,-6
-96.33,10,-3,-7
-99.71,10,-1,-5
-96.33,10,-3,-7
-99.71,10,-1,-5
-94.64,10,-4,-7
-96.33,11,-3,-7
-92.95,10,-5,-7
-98.02,10,-2,-7
-94.64,10,-4,-7
-94.64,10,-4,-5
-98.02,10,-2,-7
-94.64,10,-4,-7
-94.64,10,-4,-7
-98.02,10,-2,-7
-99.71,10,-1,-5
-99.71,10,-1,-5
-99.71,10,-1,-5
-101.4,10,0,-9
-99.71,10,-1,-5
-101.4,10,0,-9
-99.71,10,-1,-5
-98.02,10,-2,-9
-99.71,10,-1,-5
-98.02,10,-2,-9
-101.4,10,0,-7
-98.02,10,-2,-5
-101.4,10,0,-9
-101.4,10,0,-8
-101.4,10,0,-8
-101.4,10,0,-9
-101.4,10,0,-9
-101.4,10,0,-8
-101.4,10,0,-9
-101.4,10,0,-8
-98.02,10,-2,-8
-98.02,10,-2,-8
-98.02,10,-2,-8
-94.64,10,-4,-6
-98.02,10,-2,-8
-98.02,10,-2,-7
-98.02,10,-2,-8
-101.4,10,0,-6
-98.02,10,-2,-8
-94.64,10,-4,-6
-99.71,11,-1,-5
-99.71,11,-1,-5
-98.02,10,-2,-5
-99.71,11,-1,-7
-99.71,11,-1,-5
-98.02,10,-2,-4
-98.02,11,-2,-7
-98.02,11,-2,-7
-98.02,11,-2,-7
-99.71,10,-1,-7
-101.4,10,0,-8
-98.02,10,-2,-7
-101.4,10,0,-9
-101.4,10,0,-8
-101.4,10,0,-9
-101.4,10,0,-9
-101.4,10,0,-8
-98.02,10,-2,-7
-101.4,10,0,-8
-101.4,10,0,-8
-99.71,10,-1,-6
-94.64,10,-4,-7
-99.71,10,-1,-6
-99.71,10,-1,-6
-96.33,10,-3,-7
-96.33,10,-3,-7
-99.71,10,-1,-6
-96.33,10,-3,-7
-96.33,10,-3,-7
-99.71,10,-1,-6
-101.4,10,0,-9
-101.4,10,0,-8
-101.4,10,0,-8
-101.4,10,0,-9
-101.4,10,0,-8
-101.4,10,0,-9
-101.4,10,0,-9
-101.4,10,0,-8
-101.4,10,0,-9
-101.4,10,0,-9
-94.64,10,-4,-5
-99.71,10,-1,-6
-101.4,10,0,-7
-94.64,10,-4,-7
-99.71,10,-1,-7
-101.4,10,0,-8
-101.4,10,0,-7
-101.4,10,0,-8
-99.71,10,-1,-6
-99.71,10,-1,-6
-99.71,10,-1,-5
-98.02,11,-2,-4
-99.71,11,-1,-5
-98.02,11,-2,-4
-99.71,11,-1,-5
-98.02,11,-2,-4
-99.71,11,-1,-5
-99.71,11,-1,-5
-98.02,11,-2,-4
-99.71,11,-1,-5
-94.64,10,-4,-6
-98.02,11,-2,-5
-99.71,10,-1,-5
-99.71,11,-1,-5
-99.71,11,-1,-5
-101.4,11,0,-5
-98.02,10,-2,-5
-99.71,11,-1,-5
-101.4,10,0,-6
-98.02,11,-2,-4
-94.64,11,-4,-7
-101.4,10,0,-9
-96.33,10,-3,-7
-94.64,10,-4,-8
-94.64,10,-4,-8
-91.26,10,-6,-8
-101.4,10,0,-9
-96.33,10,-3,-5
-94.64,11,-4,-7
-94.64,10,-4,-8
-101.4,10,0,-9
-101.4,10,0,-9
-101.4,10,0,-9
-101.4,10,0,-9
-101.4,10,0,-9
-101.4,10,0,-9
-101.4,10,0,-9
-101.4,10,0,-9
-101.4,10,0,-9
-98.02,10,-2,-5
-99.71,10,-1,-5
-101.4,10,0,-8
-98.02,10,-2,-8
-99.71,10,-1,-5
-101.4,10,0,-8
-101.4,10,0,-8
-98.02,10,-2,-7
-101.4,10,0,-8
-98.02,10,-2,-8
-98.02,10,-2,-7
-98.02,10,-2,-4
-101.4,10,0,-6
-98.02,10,-2,-6
-101.4,10,0,-6
-98.02,10,-2,-6
-98.02,10,-2,-7
-94.64,10,-4,-6
-94.64,10,-4,-5
-94.64,10,-4,-7
-98.02,10,-2,-6
-98.02,11,-2,-6
-98.02,11,-2,-5
-98.02,11,-2,-5
-98.02,12,-2,-8
-99.71,10,-1,-7
-96.33,11,-3,-6
-98.02,11,-2,-5
-99.71,10,-1,-7
-98.02,11,-2,-6
-98.02,11,-2,-5
-101.4,10,0,-6
-99.71,11,-1,-5
-98.02,10,-2,-6
-99.71,11,-1,-5
-99.71,11,-1,-7
-96.33,11,-3,-7
-96.33,12,-3,-10
-99.71,11,-1,-7
-99.71,11,-1,-5
-101.4,10,0,-6
-101.4,10,0,-7
-101.4,10,0,-7
-101.4,10,0,-7
-101.4,10,0,-9
-101.4,10,0,-5
-101.4,10,0,-7
-101.4,10,0,-7
-101.4,10,0,-7
-101.4,10,0,-6
-98.02,10,-2,-6
-98.02,10,-2,-7
-98.02,10,-2,-6
-98.02,10,-2,-7
-98.02,10,-2,-7
-98.02,10,-2,-6
-98.02,10,-2,-7
-99.71,10,-1,-5
-96.33,10,-3,-6
-98.02,10,-2,-7
-99.71,10,-1,-6
-101.4,10,0,-6
-98.02,10,-2,-5
-98.02,10,-2,-7
-98.02,10,-2,-6
-98.02,10,-2,-7
-98.02,10,-2,-7
-98.02,11,-2,-7
-98.02,10,-2,-7
-98.02,11,-2,-6
-101.4,10,0,-8
-99.71,11,-1,-5
-99.71,11,-1,-7
-99.71,11,-1,-7
-99.71,11,-1,-7
-99.71,11,-1,-4
-99.71,11,-1,-5
-101.4,10,0,-6
-101.4,10,0,-7
-99.71,11,-1,-7
-99.71,11,-1,-7
-101.4,10,0,-8
-98.02,10,-2,-6
-101.4,10,0,-8
-101.4,10,0,-8
-98.02,10,-2,-7
-98.02,10,-2,-6
-98.02,10,-2,-7
-94.64,10,-4,-6
-101.4,10,0,-9
-101.4,10,0,-8
-101.4,10,0,-6
-98.02,10,-2,-5
-101.4,10,0,-6
-98.02,10,-2,-7
-101.4,10,0,-6
-101.4,10,0,-7
-101.4,10,0,-8
-101.4,10,0,-6
-99.71,10,-1,-7
-101.4,10,0,-7
-98.02,11,-2,-8
-98.02,11,-2,-6
-94.64,11,-4,-7
-94.64,11,-4,-8
-94.64,10,-4,-7
-92.95,12,-5,-8
-94.64,11,-4,-7
-94.64,11,-4,-7
-96.33,11,-3,-4
-94.64,11,-4,-7
-101.4,10,0,-6
-101.4,10,0,-6
-101.4,10,0,-7
-96.33,10,-3,-6
-99.71,10,-1,-5
-101.4,10,0,-6
-101.4,10,0,-6
-101.4,10,0,-6
-101.4,10,0,-6
-101.4,10,0,-7
-98.02,10,-2,-8
-101.4,10,0,-9
-98.02,10,-2,-8
-98.02,10,-2,-8
-98.02,10,-2,-8
-94.64,10,-4,-8
-101.4,10,0,-8
-98.02,10,-2,-8
-101.4,10,0,-9
-101.4,10,0,-9
-92.95,10,-5,-5
-94.64,10,-4,-4
-99.71,10,-1,-5
-92.95,10,-5,-5
-94.64,10,-4,-4
-101.4,10,0,-6
-89.57,10,-7,-4
-96.33,10,-3,-6
-91.26,10,-6,-6
-96.33,10,-3,-6
-98.02,10,-2,-5
-98.02,10,-2,-6
-94.64,10,-4,-7
-98.02,10,-2,-5
-101.4,10,0,-6
-98.02,10,-2,-5
-98.02,10,-2,-5
-98.02,10,-2,-5
-94.64,10,-4,-7
-98.02,10,-2,-5
-101.4,10,0,-9
-101.4,10,0,-8
-101.4,10,0,-8
-101.4,10,0,-8
-101.4,10,0,-7
-101.4,10,0,-8
-101.4,10,0,-8
-101.4,10,0,-8
-101.4,10,0,-8
-101.4,10,0,-8
-94.64,11,-4,-5
-94.64,11,-4,-5
-94.64,11,-4,-5
-96.33,11,-3,-5
-98.02,10,-2,-4
-94.64,11,-4,-5
-94.64,11,-4,-5
-94.64,11,-4,-5
-92.95,10,-5,-4
-94.64,11,-4,-5
-98.02,11,-2,-6
-99.71,10,-1,-5
-94.64,10,-4,-4
-98.02,11,-2,-5
-101.4,10,0,-7
-99.71,10,-1,-5
-99.71,10,-1,-5
-99.71,10,-1,-5
-99.71,10,-1,-5
-99.71,10,-1,-5
-98.02,10,-2,-7
-98.02,10,-2,-6
-98.02,10,-2,-6
-101.4,10,0,-7
-98.02,10,-2,-7
-94.64,10,-4,-7
-94.64,10,-4,-7
-98.02,10,-2,-6
-98.02,10,-2,-7
-98.02,10,-2,-7
-101.4,10,0,-7
-101.4,10,0,-6
-99.71,10,-1,-6
-99.71,10,-1,-6
-101.4,10,0,-6
-101.4,10,0,-6
-101.4,10,0,-6
-98.02,10,-2,-7
-101.4,10,0,-7
-101.4,10,0,-6
-96.33,10,-3,-6
-94.64,10,-4,-5
-94.64,10,-4,-7
-94.64,10,-4,-5
-94.64,10,-4,-7
-98.02,10,-2,-6
-96.33,10,-3,-3
-98.02,10,-2,-4
-94.64,10,-4,-6
-98.02,10,-2,-4
-96.33,11,-3,-5
-98.02,11,-2,-7
-99.71,11,-1,-4
-99.71,11,-1,-5
-99.71,11,-1,-6
-101.4,11,0,-7
-101.4,11,0,-6
-98.02,11,-2,-7
-101.4,10,0,-8
-99.71,10,-1,-4
-96.33,11,-3,-9
-94.64,10,-4,-9
-94.64,10,-4,-9
-96.33,11,-3,-9
-96.33,11,-3,-9
-94.64,10,-4,-9
-94.64,10,-4,-9
-96.33,11,-3,-9
-94.64,10,-4,-9
-98.02,12,-2,-9
-99.71,10,-1,-4
-94.64,10,-4,-5
-96.33,10,-3,-5
-94.64,10,-4,-6
-94.64,10,-4,-7
-99.71,10,-1,-4
-101.4,10,0,-5
-101.4,10,0,-5
-94.64,10,-4,-5
-101.4,10,0,-6
-101.4,10,0,-8
-99.71,11,-1,-6
-101.4,10,0,-8
-101.4,10,0,-8
-98.02,10,-2,-7
-98.02,10,-2,-7
-101.4,10,0,-8
-101.4,11,0,-7
-99.71,11,-1,-6
-101.4,10,0,-9
-98.02,10,-2,-8
-98.02,10,-2,-8
-98.02,10,-2,-8
-98.02,10,-2,-8
-98.02,10,-2,-6
-101.4,10,0,-7
-99.71,10,-1,-5
-101.4,10,0,-7
-98.02,10,-2,-8
-98.02,10,-2,-8
-94.64,10,-4,-6
-99.71,10,-1,-6
-94.64,10,-4,-6
-96.33,11,-3,-7
-94.64,10,-4,-6
-98.02,11,-2,-7
-98.02,11,-2,-7
-99.71,10,-1,-6
-99.71,11,-1,-6
-98.02,11,-2,-6
-101.4,10,0,-7
-101.4,10,0,-7
-101.4,10,0,-6
-101.4,10,0,-9
-101.4,10,0,-8
-101.4,10,0,-8
-101.4,10,0,-7
-101.4,10,0,-7
-101.4,10,0,-7
-99.71,10,-1,-5
-101.4,10,0,-7
-101.4,10,0,-6
-101.4,10,0,-6
-101.4,10,0,-6
-101.4,10,0,-7
-101.4,10,0,-7
-101.4,10,0,-6
-101.4,10,0,-9
-101.4,10,0,-7
-101.4,10,0,-6
-101.4,10,0,-7
-101.4,10,0,-6
-101.4,10,0,-7
-101.4,10,0,-7
-101.4,10,0,-8
-101.4,10,0,-5
-101.4,10,0,-7
-101.4,10,0,-7
-101.4,10,0,-5
-101.4,10,0,-7
-101.4,10,0,-9
-101.4,10,0,-9
-101.4,10,0,-9
-101.4,10,0,-9
-101.4,10,0,-9
-101.4,10,0,-9
-101.4,10,0,-9
-101.4,10,0,-9
-101.4,11,0,-6
-101.4,10,0,-9
-101.4,10,0,-8
-101.4,10,0,-8
-98.02,10,-2,-7
-101.4,10,0,-9
-96.33,11,-3,-6
-98.02,10,-2,-7
-94.64,11,-4,-7
-101.4,10,0,-8
-98.02,11,-2,-7
-101.4,10,0,-8
-96.33,10,-3,-5
-101.4,10,0,-9
-101.4,10,0,-7
-101.4,10,0,-9
-101.4,10,0,-9
-101.4,10,0,-9
-101.4,10,0,-9
-101.4,10,0,-9
-101.4,10,0,-9
-101.4,10,0,-9
-94.64,10,-4,-6
-98.02,10,-2,-7
-98.02,10,-2,-7
-98.02,10,-2,-7
-101.4,10,0,-6
-101.4,10,0,-5
-98.02,10,-2,-4
-98.02,10,-2,-7
-101.4,10,0,-5
-98.02,10,-2,-6
-91.26,9,-6,-6
-91.26,10,-6,-7
-91.26,10,-6,-7
-98.02,11,-2,-6
-91.26,9,-6,-6
-94.64,10,-4,-6
-91.26,10,-6,-7
-98.02,11,-2,-6
-91.26,9,-6,-6
-91.26,9,-6,-6
-101.4,10,0,-9
-101.4,10,0,-9
-101.4,10,0,-9
-101.4,10,0,-9
-101.4,10,0,-9
-101.4,10,0,-9
-89.57,10,-7,-4
-101.4,10,0,-9
-101.4,10,0,-9
-101.4,10,0,-9
-101.4,10,0,-8
-101.4,10,0,-8
-98.02,10,-2,-6
-98.02,10,-2,-6
-98.02,10,-2,-7
-101.4,10,0,-6
-101.4,10,0,-8
-101.4,10,0,-8
-101.4,10,0,-6
-101.4,10,0,-8
-98.02,10,-2,-6
-98.02,10,-2,-6
-98.02,10,-2,-6
-98.02,10,-2,-6
-98.02,10,-2,-6
-92.95,10,-5,-4
-98.02,10,-2,-6
-92.95,10,-5,-4
-98.02,10,-2,-6
-87.88,9,-8,-6
-94.64,10,-4,-7
-98.02,10,-2,-5
-98.02,10,-2,-4
-98.02,11,-2,-5
-98.02,10,-2,-6
-94.64,10,-4,-7
-98.02,10,-2,-5
-98.02,10,-2,-4
-94.64,10,-4,-7
-98.02,11,-2,-6
-101.4,10,0,-7
-101.4,11,0,-6
-98.02,10,-2,-6
-101.4,11,0,-6
-101.4,11,0,-6
-101.4,11,0,-6
-98.02,11,-2,-6
-101.4,11,0,-6
-98.02,11,-2,-6
-101.4,11,0,-6
-96.33,10,-3,-6
-96.33,10,-3,-6
-98.02,10,-2,-6
-96.33,10,-3,-5
-94.64,10,-4,-5
-96.33,10,-3,-5
-96.33,10,-3,-6
-96.33,10,-3,-6
-96.33,10,-3,-6
-96.33,10,-3,-6
-94.64,10,-4,-6
-101.4,10,0,-7
-98.02,10,-2,-5
-94.64,10,-4,-7
-94.64,10,-4,-7
-101.4,10,0,-8
-92.95,10,-5,-4
-98.02,10,-2,-5
-101.4,10,0,-6
-89.57,10,-7,-5
-99.71,10,-1,-5
-99.71,10,-1,-6
-99.71,10,-1,-6
-99.71,10,-1,-5
-94.64,10,-4,-4
-98.02,10,-2,-6
-94.64,10,-4,-4
-99.71,10,-1,-6
-96.33,10,-3,-5
-99.71,10,-1,-6
-98.02,10,-2,-5
-101.4,10,0,-9
-101.4,10,0,-9
-101.4,10,0,-9
-101.4,10,0,-9
-96.33,10,-3,-6
-101.4,10,0,-9
-101.4,10,0,-9
-96.33,10,-3,-5
-101.4,10,0,-9
-101.4,11,0,-8
-98.02,11,-2,-6
-98.02,12,-2,-8
-91.26,9,-6,-6
-91.26,9,-6,-6
-101.4,11,0,-8
-101.4,11,0,-8
-101.4,11,0,-8
-101.4,11,0,-8
-91.26,9,-6,-6
-94.64,10,-4,-5
-98.02,10,-2,-6
-99.71,10,-1,-6
-98.02,10,-2,-5
-94.64,10,-4,-5
-94.64,10,-4,-5
-98.02,10,-2,-6
-98.02,10,-2,-4
-98.02,10,-2,-4
-94.64,10,-4,-5
-98.02,10,-2,-6
-98.02,10,-2,-6
-94.64,11,-4,-6
-94.64,10,-4,-7
-101.4,10,0,-7
-94.64,10,-4,-7
-94.64,10,-4,-7
-94.64,10,-4,-7
-98.02,10,-2,-6
-94.64,10,-4,-7
-98.02,10,-2,-7
-92.95,10,-5,-5
-94.64,10,-4,-7
-98.02,10,-2,-7
-94.64,10,-4,-4
-98.02,10,-2,-6
-98.02,10,-2,-6
-98.02,10,-2,-5
-96.33,10,-3,-6
-92.95,10,-5,-3
-98.02,10,-2,-5
-98.02,10,-2,-7
-98.02,10,-2,-5
-98.02,10,-2,-5
-94.64,10,-4,-5
-94.64,10,-4,-5
-98.02,11,-2,-5
-98.02,10,-2,-7
-96.33,11,-3,-6
-92.95,10,-5,-5
-98.02,11,-2,-7
-98.02,11,-2,-7
-96.33,11,-3,-6
-94.64,10,-4,-6
-96.33,10,-3,-4
-98.02,11,-2,-7
-98.02,10,-2,-6
-94.64,10,-4,-5
-98.02,11,-2,-5
-98.02,11,-2,-5
-101.4,10,0,-6
-99.71,10,-1,-5
-101.4,10,0,-6
-101.4,10,0,-6
-98.02,10,-2,-6
-98.02,10,-2,-6
-99.71,10,-1,-6
-98.02,10,-2,-5
-99.71,10,-1,-6
-99.71,10,-1,-6
-91.26,9,-6,-4
-96.33,10,-3,-5
-101.4,10,0,-5
-92.95,10,-5,-3
-101.4,10,0,-4
-101.4,10,0,-3
-92.32,10,-2,-6
-92.95,10,-5,-3
-92.32,10,-2,-6
-92.32,10,-2,-6
-98.02,10,-2,-6
-101.4,10,0,-8
-98.02,10,-2,-5
-98.02,10,-2,-6
-98.02,10,-2,-5
-98.02,10,-2,-5
-98.02,10,-2,-6
-98.02,10,-2,-6
-98.02,10,-2,-6
-98.02,10,-2,-5
-98.02,10,-2,-6
-101.4,10,0,-6
-101.4,10,0,-5
-101.4,10,0,-6
-101.4,10,0,-7
-101.4,10,0,-6
-101.4,10,0,-6
-101.4,10,0,-6
-101.4,10,0,-6
-101.4,10,0,-6
-94.01,10,-1,-6
-94.01,10,-1,-6
-94.01,10,-1,-6
-94.01,10,-1,-6
-101.4,10,0,-8
-94.01,10,-1,-6
-94.01,10,-1,-6
-94.01,10,-1,-6
-94.01,10,-1,-6
-94.01,10,-1,-6
-98.02,10,-2,-7
-98.02,10,-2,-6
-99.71,10,-1,-4
-99.71,10,-1,-5
-98.02,10,-2,-6
-98.02,11,-2,-8
-94.64,10,-4,-6
-98.02,10,-2,-6
-94.64,10,-4,-6
-94.64,10,-4,-5
-96.33,10,-3,-6
-98.02,11,-2,-7
-96.33,10,-3,-6
-96.33,10,-3,-6
-96.33,10,-3,-6
-96.33,10,-3,-6
-96.33,10,-3,-6
-98.02,10,-2,-6
-98.02,11,-2,-8
-96.33,10,-3,-6
-101.4,10,0,-9
-101.4,10,0,-9
-101.4,10,0,-9
-101.4,10,0,-9
-101.4,10,0,-9
-101.4,10,0,-9
-101.4,10,0,-9
-101.4,10,0,-9
-101.4,10,0,-9
-101.4,10,0,-9
-94.64,10,-4,-6
-98.02,10,-2,-5
-94.64,10,-4,-6
-94.64,10,-4,-6
-94.64,10,-4,-6
-98.02,10,-2,-6
-98.02,10,-2,-5
-98.02,10,-2,-5
-94.64,10,-4,-6
-94.64,10,-4,-6
-101.4,10,0,-6
-101.4,10,0,-7
-94.64,10,-4,-5
-101.4,10,0,-5
-94.64,10,-4,-4
-101.4,10,0,-6
-101.4,10,0,-5
-101.4,10,0,-5
-94.64,10,-4,-5
-94.64,10,-4,-5
-98.02,10,-2,-4
-98.02,10,-2,-7
-98.02,10,-2,-7
-98.02,10,-2,-4
-98.02,11,-2,-6
-98.02,10,-2,-7
-98.02,10,-2,-7
-94.64,10,-4,-6
-98.02,11,-2,-6
-98.02,11,-2,-5
-98.02,11,-2,-6
-98.02,11,-2,-6
-99.71,10,-1,-4
-98.02,10,-2,-4
-98.02,11,-2,-6
-98.02,11,-2,-6
-98.02,10,-2,-4
-96.33,10,-3,-4
-101.4,10,0,-8
-98.02,11,-2,-6
-94.64,10,-4,-7
-98.02,11,-2,-6
-94.64,10,-4,-7
-94.64,10,-4,-6
-98.02,11,-2,-6
-94.64,10,-4,-6
-94.64,10,-4,-7
-94.64,10,-4,-6
-94.64,10,-4,-7
-94.64,10,-4,-6
-98.02,12,-2,-7
-91.26,11,-6,-7
-92.95,12,-5,-8
-91.26,11,-6,-7
-91.26,11,-6,-7
-98.02,12,-2,-6
-98.02,12,-2,-6
-91.26,11,-6,-7
-99.71,12,-1,-8
-91.26,10,-6,-5
-94.64,10,-4,-6
-98.02,10,-2,-7
-98.02,10,-2,-6
-98.02,10,-2,-7
-98.02,10,-2,-6
-98.02,10,-2,-6
-94.64,10,-4,-6
-98.02,10,-2,-7
-98.02,10,-2,-6
-98.02,10,-2,-5
-98.02,10,-2,-6
-98.02,10,-2,-7
-98.02,10,-2,-5
-98.02,10,-2,-7
-98.02,10,-2,-7
-98.02,10,-2,-7
-98.02,10,-2,-7
-98.02,10,-2,-7
-98.02,10,-2,-7
-98.02,10,-2,-7
-98.02,10,-2,-7
-101.4,10,0,-7
-96.33,10,-3,-6
-94.64,11,-4,-7
-99.71,10,-1,-5
-98.02,10,-2,-7
-94.64,10,-4,-7
-98.02,10,-2,-6
-96.33,10,-3,-5
-98.02,10,-2,-5
-98.02,10,-2,-6
-98.02,10,-2,-7
-96.33,11,-3,-5
-98.02,10,-2,-7
-96.33,11,-3,-6
-92.95,11,-5,-6
-96.33,11,-3,-5
-98.02,10,-2,-7
-98.02,10,-2,-7
-98.02,10,-2,-7
-96.33,10,-3,-5
-96.33,10,-3,-5
-96.33,10,-3,-5
-94.64,10,-4,-6
-98.02,10,-2,-6
-98.02,10,-2,-5
-94.64,10,-4,-6
-101.4,10,0,-7
-98.02,10,-2,-4
-94.64,10,-4,-6
-101.4,10,0,-9
-98.02,11,-2,-6
-99.71,10,-1,-5
-94.64,11,-4,-4
-101.4,10,0,-9
-98.02,10,-2,-7
-101.4,11,0,-8
-98.02,11,-2,-6
-98.02,11,-2,-7
-98.02,11,-2,-5
-96.33,10,-3,-5
-96.33,10,-3,-5
-96.33,10,-3,-5
-94.64,10,-4,-6
-94.64,10,-4,-7
-94.64,10,-4,-5
-92.95,10,-5,-5
-94.64,10,-4,-6
-101.4,10,0,-6
-98.02,10,-2,-7
-96.33,11,-3,-7
-98.02,10,-2,-7
-98.02,10,-2,-7
-98.02,10,-2,-7
-98.02,10,-2,-7
-98.02,10,-2,-7
-98.02,10,-2,-7
-98.02,10,-2,-8
-96.33,11,-3,-7
-96.33,11,-3,-7
-99.71,10,-1,-5
-98.02,10,-2,-4
-96.33,10,-3,-4
-96.33,10,-3,-4
-94.64,10,-4,-5
-96.33,10,-3,-5
-96.33,10,-3,-4
-99.71,10,-1,-5
-99.71,10,-1,-5
-98.02,10,-2,-5
-98.02,10,-2,-7
-101.4,10,0,-8
-96.33,10,-3,-7
-96.33,10,-3,-4
-98.02,10,-2,-6
-98.02,10,-2,-7
-98.02,10,-2,-5
-101.4,10,0,-8
-98.02,10,-2,-5
-98.02,10,-2,-5
-98.02,10,-2,-5
-98.02,10,-2,-6
-98.02,10,-2,-7
-98.02,10,-2,-4
-98.02,10,-2,-7
-101.4,10,0,-6
-101.4,10,0,-7
-98.02,10,-2,-5
-101.4,10,0,-5
-98.02,10,-2,-7
-101.4,10,0,-7
-101.4,10,0,-7
-101.4,10,0,-7
-101.4,10,0,-7
-101.4,10,0,-7
-101.4,10,0,-7
-98.02,10,-2,-8
-98.02,10,-2,-7
-101.4,10,0,-7
-101.4,10,0,-7
