-53.395,12,-1,-1
-54.3,11,0,-4
-53.395,12,-1,-2
-53.395,12,-1,-1
-53.395,12,-1,-1
-53.395,12,-1,-1
-53.395,12,-1,-2
-53.395,12,-1,-2
-54.3,11,0,-4
-54.3,11,0,-4
-51.585,12,-3,-3
-51.585,12,-3,-3
-51.585,12,-3,-3
-51.585,12,-3,-3
-51.585,12,-3,-3
-51.585,12,-3,-3
-51.585,12,-3,-3
-51.585,12,-3,-3
-51.585,12,-3,-3
-51.585,12,-3,-3
-54.3,12,0,-1
-54.3,12,0,-1
-54.3,12,0,-1
-54.3,12,0,-1
-54.3,12,0,-1
-54.3,12,0,-1
-54.3,12,0,-1
-54.3,12,0,-2
-54.3,12,0,-1
-54.3,12,0,-1
-48.87,10,-6,-1
-52.49,11,-2,-3
-52.49,11,-2,-3
-54.3,12,0,-4
-52.49,11,-2,-3
-52.49,11,-2,-3
-54.3,12,0,-4
-48.87,10,-6,-1
-53.395,12,-1,-3
-49.775,10,-5,-3
-51.585,11,-3,-2
-50.68,11,-4,0
-50.68,11,-4,0
-50.68,11,-4,0
-50.68,11,-4,0
-50.68,11,-4,0
-50.68,11,-4,0
-51.585,11,-3,-2
-50.68,11,-4,0
-50.68,11,-4,0
-50.68,11,-4,-1
-50.68,11,-4,-1
-47.965,10,-7,-2
-50.68,11,-4,-1
-50.68,11,-4,-1
-50.68,11,-4,-1
-50.68,11,-4,-1
-50.68,11,-4,-1
-50.68,11,-4,-1
-50.68,11,-4,-1
-52.49,11,-2,-1
-51.585,11,-3,-1
-51.585,11,-3,-1
-52.49,11,-2,-1
-52.49,11,-2,-1
-52.49,11,-2,-1
-52.49,11,-2,-1
-52.49,11,-2,-1
-51.585,11,-3,-1
-51.585,11,-3,-1
-53.395,12,-1,-1
-53.395,12,-1,-1
-53.395,12,-1,-1
-53.395,12,-1,-1
-51.585,12,-3,-1
-53.395,12,-1,-1
-53.395,12,-1,-1
-53.395,12,-1,-1
-53.395,12,-1,-1
-53.395,12,-1,-1
-45.25,10,-10,-4
-51.585,12,-3,-3
-45.25,10,-10,-4
-48.87,11,-6,-1
-51.585,12,-3,-3
-45.25,10,-10,-4
-51.585,12,-3,-3
-48.87,11,-6,-1
-51.585,12,-3,-3
-51.585,12,-3,-3
-50.68,12,-4,-2
-50.68,11,-4,-1
-49.775,12,-5,-1
-43.44,9,-12,-1
-50.68,11,-4,-1
-49.775,12,-5,-1
-50.68,12,-4,-3
-49.775,12,-5,-1
-47.06,11,-8,-3
-50.68,12,-4,-2
-53.395,11,-1,-1
-51.585,12,-3,-2
-53.395,11,-1,-1
-53.395,11,-1,-1
-51.585,12,-3,-2
-53.395,11,-1,-1
-53.395,11,-1,-1
-50.68,12,-4,-2
-53.395,11,-1,-1
-53.395,11,-1,-1
-51.585,11,-3,-1
-50.68,11,-4,-1
-48.87,10,-6,-1
-51.585,11,-3,-1
-51.585,11,-3,-1
-50.68,11,-4,-1
-51.585,11,-3,-1
-51.585,11,-3,-1
-50.68,11,-4,-1
-51.585,11,-3,-1
-52.49,11,-2,-2
-52.49,11,-2,-2
-52.49,11,-2,-2
-53.395,11,-1,-2
-53.395,11,-1,-2
-49.775,11,-5,-3
-51.585,11,-3,-2
-52.49,11,-2,-2
-52.49,11,-2,-2
-52.49,11,-2,-2
-51.585,12,-3,-1
-51.585,12,-3,-1
-50.68,12,-4,-4
-51.585,12,-3,-1
-51.585,12,-3,-1
-51.585,12,-3,-1
-51.585,12,-3,-1
-51.585,12,-3,-1
-51.585,12,-3,-1
-48.87,11,-6,-2
-53.395,11,-1,-1
-52.49,11,-2,-2
-52.49,11,-2,-2
-53.395,11,-1,-1
-52.49,11,-2,-2
-52.49,11,-2,-2
-52.49,11,-2,-2
-52.49,11,-2,-2
-52.49,11,-2,-2
-52.49,11,-2,-2
-54.3,12,0,-2
-54.3,12,0,-2
-54.3,12,0,-2
-54.3,12,0,-2
-54.3,12,0,-2
-54.3,12,0,-2
-54.3,12,0,-2
-54.3,12,0,-2
-54.3,12,0,-2
-54.3,12,0,-2
-47.06,11,-8,-3
-47.06,11,-8,-3
-47.06,11,-8,-3
-47.06,11,-8,-3
-47.06,11,-8,-3
-47.06,11,-8,-3
-41.63,9,-14,0
-47.06,11,-8,-3
-48.87,11,-6,-3
-41.63,9,-14,0
-53.395,11,-1,-1
-53.395,11,-1,-1
-53.395,11,-1,-1
-53.395,11,-1,-1
-53.395,11,-1,-1
-53.395,11,-1,-1
-53.395,11,-1,-1
-53.395,11,-1,-1
-53.395,11,-1,-1
-53.395,11,-1,-1
-51.585,11,-3,-2
-51.585,11,-3,-2
-51.585,11,-3,-2
-51.585,11,-3,-2
-51.585,11,-3,-2
-51.585,11,-3,-2
-51.585,11,-3,-2
-51.585,11,-3,-2
-51.585,11,-3,-2
-51.585,11,-3,-2
-49.775,12,-5,-3
-44.345,10,-11,-1
-49.775,12,-5,-3
-49.775,12,-5,-3
-44.345,10,-11,-1
-44.345,10,-11,-1
-44.345,10,-11,-1
-44.345,10,-11,-1
-44.345,10,-11,-1
-47.06,11,-8,-1
-51.585,12,-3,-3
-51.585,12,-3,-2
-52.49,12,-2,-1
-51.585,12,-3,-2
-51.585,12,-3,-3
-51.585,12,-3,-3
-52.49,12,-2,-1
-52.49,12,-2,-1
-52.49,12,-2,-1
-52.49,12,-2,-1
-48.87,11,-6,-1
-48.87,11,-6,-1
-47.965,10,-7,0
-48.87,11,-6,-1
-48.87,11,-6,-1
-48.87,11,-6,-1
-48.87,11,-6,-1
-48.87,11,-6,-1
-47.965,10,-7,0
-47.965,10,-7,0
-51.585,11,-3,0
-51.585,11,-3,0
-51.585,11,-3,0
-51.585,11,-3,-1
-51.585,12,-3,-2
-51.585,11,-3,0
-51.585,11,-3,0
-51.585,11,-3,0
-51.585,11,-3,0
-51.585,11,-3,0
-48.87,11,-6,-1
-48.87,11,-6,-1
-48.87,11,-6,-1
-48.87,11,-6,-1
-48.87,11,-6,-1
-48.87,11,-6,-1
-48.87,11,-6,-2
-48.87,11,-6,-1
-48.87,11,-6,-1
-48.87,11,-6,-1
-54.3,11,0,-2
-54.3,11,0,-2
-54.3,11,0,-2
-54.3,11,0,-2
-54.3,11,0,-2
-54.3,11,0,-2
-54.3,11,0,-2
-54.3,11,0,-2
-54.3,11,0,-2
-54.3,11,0,-2
-53.395,11,-1,-2
-53.395,11,-1,-2
-53.395,11,-1,-2
-53.395,11,-1,-2
-53.395,11,-1,-2
-53.395,11,-1,-2
-53.395,11,-1,-2
-53.395,11,-1,-2
-53.395,11,-1,-2
-53.395,11,-1,-2
-50.68,11,-4,0
-54.3,11,0,-4
-50.68,11,-4,0
-50.68,11,-4,0
-50.68,11,-4,0
-50.68,11,-4,0
-54.3,11,0,-4
-50.68,11,-4,0
-52.49,12,-2,-2
-50.68,11,-4,0
-49.775,11,-5,-2
-50.68,12,-4,-3
-49.775,11,-5,-2
-49.775,11,-5,-2
-50.68,11,-4,-1
-49.775,11,-5,-2
-49.775,11,-5,-2
-49.775,11,-5,-2
-49.775,11,-5,-2
-49.775,11,-5,-2
-50.68,10,-4,0
-50.68,10,-4,0
-50.68,10,-4,0
-50.68,10,-4,0
-50.68,10,-4,0
-50.68,10,-4,0
-47.965,11,-7,-2
-50.68,10,-4,0
-50.68,10,-4,0
-48.87,11,-6,-2
-53.395,12,-1,-3
-53.395,12,-1,-3
-53.395,12,-1,-3
-53.395,12,-1,-3
-53.395,12,-1,-3
-53.395,12,-1,-3
-53.395,12,-1,-3
-53.395,12,-1,-3
-53.395,12,-1,-3
-53.395,12,-1,-4
-50.68,12,-4,-4
-48.87,10,-6,-2
-46.155,11,-9,-2
-46.155,11,-9,-2
-48.87,10,-6,-2
-50.68,12,-4,-4
-50.68,12,-4,-4
-50.68,12,-4,-4
-50.68,12,-4,-4
-50.68,12,-4,-4
-53.395,12,-1,-4
-53.395,12,-1,-3
-53.395,11,-1,-3
-52.49,11,-2,0
-53.395,12,-1,-3
-53.395,12,-1,-4
-50.68,11,-4,-3
-53.395,11,-1,-3
-53.395,12,-1,-4
-53.395,12,-1,-4
-52.49,11,-2,-2
-52.49,11,-2,-2
-52.49,12,-2,-2
-52.49,11,-2,-2
-52.49,11,-2,-2
-50.68,12,-4,-2
-51.585,11,-3,-2
-52.49,11,-2,-2
-52.49,11,-2,-2
-52.49,12,-2,-2
-48.87,10,-6,-1
-48.87,10,-6,-3
-48.87,10,-6,-3
-48.87,10,-6,-1
-48.87,10,-6,-2
-49.775,11,-5,-3
-49.775,11,-5,-2
-49.775,11,-5,-3
-48.87,10,-6,-1
-49.775,11,-5,-3
-51.585,11,-3,-1
-51.585,11,-3,-1
-51.585,11,-3,-1
-51.585,11,-3,-1
-51.585,11,-3,-1
-51.585,11,-3,-1
-51.585,11,-3,-1
-51.585,11,-3,-1
-51.585,11,-3,-1
-51.585,11,-3,-1
-52.49,11,-2,-1
-52.49,11,-2,-1
-52.49,11,-2,-1
-52.49,11,-2,-2
-52.49,11,-2,-2
-52.49,11,-2,-1
-52.49,11,-2,-1
-52.49,11,-2,-2
-51.585,11,-3,0
-52.49,11,-2,-2
-53.395,11,-1,-3
-53.395,11,-1,-2
-53.395,11,-1,-3
-53.395,11,-1,-3
-53.395,11,-1,-3
-53.395,11,-1,-2
-53.395,11,-1,-3
-53.395,12,-1,-3
-53.395,11,-1,-2
-52.49,12,-2,-2
-49.775,11,-5,-2
-49.775,12,-5,-2
-53.395,11,-1,-4
-52.49,11,-2,-3
-47.965,10,-7,-1
-52.49,11,-2,-3
-49.775,11,-5,-2
-52.49,11,-2,-3
-52.49,11,-2,-3
-49.775,11,-5,-2
-52.49,11,-2,-1
-51.585,11,-3,0
-52.49,11,-2,-1
-54.3,11,0,-1
-52.49,11,-2,-1
-52.49,11,-2,-1
-51.585,11,-3,0
-52.49,11,-2,-1
-52.49,11,-2,-1
-51.585,11,-3,0
-52.49,11,-2,-2
-52.49,11,-2,-1
-52.49,12,-2,-3
-50.68,11,-4,-1
-52.49,11,-2,-2
-52.49,11,-2,-2
-52.49,11,-2,-2
-52.49,12,-2,-3
-52.49,11,-2,-2
-52.49,12,-2,-3
-49.775,11,-5,-2
-54.3,12,0,-2
-53.395,13,-1,-4
-54.3,12,0,-2
-54.3,12,0,-2
-54.3,12,0,-1
-54.3,12,0,-1
-54.3,12,0,-3
-53.395,13,-1,-4
-54.3,12,0,-1
-48.87,10,-6,-1
-48.87,10,-6,-1
-50.68,12,-4,-3
-48.87,10,-6,-1
-48.87,10,-6,-1
-48.87,10,-6,-1
-48.87,10,-6,-1
-50.68,12,-4,-2
-50.68,12,-4,-2
-48.87,10,-6,-1
-50.68,12,-4,-4
-49.775,11,-5,-3
-52.49,12,-2,-5
-49.775,11,-5,-3
-50.68,12,-4,-4
-50.68,12,-4,-4
-52.49,12,-2,-5
-49.775,11,-5,-3
-49.775,11,-5,-3
-50.68,12,-4,-4
-52.49,12,-2,-1
-53.395,11,-1,-1
-53.395,11,-1,-1
-53.395,11,-1,-1
-53.395,11,-1,-1
-52.49,12,-2,-1
-53.395,11,-1,-1
-53.395,11,-1,-1
-53.395,11,-1,-1
-53.395,11,-1,-1
-52.49,11,-2,-1
-51.585,12,-3,-5
-52.49,11,-2,-1
-52.49,11,-2,-1
-52.49,11,-2,-1
-52.49,11,-2,-1
-52.49,11,-2,-1
-51.585,12,-3,-5
-51.585,11,-3,-2
-52.49,11,-2,-1
-48.87,12,-6,-2
-49.775,12,-5,-2
-49.775,12,-5,-2
-48.87,11,-6,-2
-49.775,12,-5,-2
-48.87,12,-6,-2
-49.775,12,-5,-2
-48.87,11,-6,-2
-51.585,12,-3,-2
-49.775,12,-5,-2
-48.87,12,-6,-1
-51.585,11,-3,-2
-48.87,12,-6,-1
-51.585,11,-3,-2
-48.87,12,-6,-1
-51.585,11,-3,-2
-51.585,11,-3,-2
-49.775,12,-5,-1
-51.585,11,-3,-2
-48.87,12,-6,-1
-49.775,11,-5,-2
-51.585,11,-3,-1
-51.585,11,-3,-1
-51.585,11,-3,-1
-52.49,11,-2,-1
-51.585,11,-3,-1
-50.68,12,-4,-3
-52.49,11,-2,-1
-52.49,11,-2,-1
-51.585,11,-3,-1
-47.06,10,-8,-2
-47.06,10,-8,-2
-49.775,10,-5,-1
-47.06,10,-8,-2
-47.06,10,-8,-2
-47.06,10,-8,-2
-47.06,10,-8,-2
-47.06,10,-8,-2
-47.06,10,-8,-2
-47.06,10,-8,-2
-44.345,9,-11,-1
-49.775,10,-5,-1
-49.775,10,-5,-1
-49.775,10,-5,-1
-49.775,10,-5,-1
-49.775,10,-5,-1
-49.775,10,-5,-1
-49.775,10,-5,-1
-49.775,10,-5,-1
-49.775,10,-5,-1
-52.49,12,-2,-3
-52.49,12,-2,-3
-52.49,12,-2,-3
-53.395,11,-1,-3
-52.49,11,-2,-3
-52.49,12,-2,-3
-50.68,12,-4,-5
-52.49,11,-2,-3
-52.49,11,-2,-3
-52.49,11,-2,-3
-52.49,12,-2,-2
-52.49,11,-2,-2
-52.49,12,-2,-2
-52.49,12,-2,-2
-53.395,12,-1,-3
-53.395,12,-1,-3
-52.49,12,-2,-2
-52.49,12,-2,-2
-52.49,12,-2,-2
-52.49,12,-2,-2
-50.68,11,-4,-3
-50.68,11,-4,-3
-50.68,11,-4,-3
-50.68,11,-4,-3
-47.965,10,-7,-2
-50.68,11,-4,-3
-50.68,11,-4,-3
-50.68,11,-4,-3
-50.68,11,-4,-3
-47.965,10,-7,-2
-46.155,10,-9,-2
-48.87,10,-6,-1
-48.87,10,-6,-1
-48.87,10,-6,-1
-48.87,11,-6,-1
-50.68,11,-4,-1
-48.87,10,-6,-1
-48.87,10,-6,-1
-50.68,11,-4,-1
-50.68,12,-4,-1
-46.155,11,-9,-3
-43.44,9,-12,-1
-43.44,9,-12,0
-46.155,11,-9,-2
-43.44,9,-12,0
-43.44,9,-12,0
-43.44,9,-12,-2
-43.44,9,-12,0
-43.44,9,-12,-2
-46.155,11,-9,-2
-48.87,10,-6,-3
-48.87,10,-6,-3
-47.06,10,-8,-1
-47.06,10,-8,-1
-47.06,10,-8,-1
-48.87,10,-6,-3
-48.87,10,-6,-3
-48.87,10,-6,-3
-47.06,10,-8,-1
-48.87,10,-6,-3
-54.3,12,0,-2
-52.49,12,-2,-2
-52.49,12,-2,-2
-54.3,12,0,-2
-54.3,12,0,-2
-54.3,12,0,-2
-54.3,12,0,-2
-54.3,12,0,-2
-52.49,12,-2,-2
-54.3,12,0,-2
-48.87,11,-6,-2
-48.87,11,-6,-2
-51.585,10,-3,-3
-49.775,11,-5,-3
-49.775,11,-5,-3
-51.585,10,-3,-3
-48.87,11,-6,-3
-51.585,10,-3,-3
-49.775,10,-5,-1
-49.775,11,-5,-3
-50.68,12,-4,-3
-47.965,11,-7,-1
-47.965,11,-7,-1
-47.965,11,-7,-1
-47.965,11,-7,-1
-47.965,11,-7,-1
-48.87,11,-6,-1
-47.965,11,-7,-1
-43.44,11,-12,-1
-48.87,11,-6,-1
-49.775,10,-5,-1
-48.87,10,-6,-1
-48.87,10,-6,-1
-48.87,10,-6,-1
-48.87,10,-6,-1
-48.87,10,-6,-1
-48.87,10,-6,-1
-48.87,10,-6,-1
-48.87,10,-6,-1
-48.87,10,-6,-1
-50.68,11,-4,0
-50.68,11,-4,0
-50.68,11,-4,0
-50.68,11,-4,0
-50.68,11,-4,0
-50.68,11,-4,0
-50.68,11,-4,0
-50.68,11,-4,0
-50.68,11,-4,0
-50.68,11,-4,0
-50.68,11,-4,-2
-50.68,11,-4,-2
-50.68,11,-4,-2
-50.68,11,-4,-1
-50.68,11,-4,-2
-50.68,11,-4,-1
-50.68,11,-4,-2
-50.68,11,-4,-1
-50.68,11,-4,-2
-50.68,11,-4,-2
-53.395,11,-1,-1
-50.68,11,-4,-2
-49.775,11,-5,-1
-53.395,11,-1,-1
-53.395,11,-1,-1
-53.395,11,-1,-1
-53.395,11,-1,-1
-53.395,11,-1,-1
-53.395,11,-1,-1
-50.68,11,-4,-2
-53.395,11,-1,-1
-53.395,11,-1,-1
-53.395,11,-1,-1
-53.395,11,-1,-1
-53.395,11,-1,-1
-53.395,11,-1,-1
-53.395,11,-1,-1
-53.395,11,-1,-1
-53.395,11,-1,-1
-53.395,11,-1,-1
-52.49,12,-2,-2
-51.585,12,-3,-2
-52.49,12,-2,-2
-52.49,12,-2,-2
-52.49,12,-2,-2
-52.49,12,-2,-3
-52.49,12,-2,-2
-52.49,12,-2,-3
-52.49,12,-2,-2
-43.44,9,-12,-1
-54.3,11,0,-2
-54.3,11,0,-2
-54.3,11,0,-2
-54.3,11,0,-2
-54.3,11,0,-2
-54.3,11,0,-2
-53.395,11,-1,-2
-54.3,11,0,-2
-54.3,11,0,-2
-54.3,11,0,-2
-47.06,11,-8,-1
-46.155,10,-9,-1
-47.06,10,-8,-2
-47.06,10,-8,-2
-47.06,11,-8,-1
-47.965,11,-7,-1
-47.06,10,-8,-2
-47.06,11,-8,0
-47.06,11,-8,-1
-47.06,11,-8,-1
-50.68,12,-4,-2
-50.68,12,-4,-2
-50.68,12,-4,-2
-50.68,12,-4,-2
-50.68,12,-4,-2
-50.68,12,-4,-2
-50.68,12,-4,-2
-50.68,12,-4,-2
-50.68,12,-4,-2
-50.68,12,-4,-2
-49.775,11,-5,-1
-49.775,11,-5,-1
-49.775,11,-5,-1
-49.775,11,-5,-1
-49.775,11,-5,-1
-49.775,11,-5,-1
-49.775,11,-5,-1
-49.775,11,-5,-2
-49.775,11,-5,-1
-49.775,12,-5,-4
-47.965,12,-7,-4
-42.535,10,-13,-1
-48.87,11,-6,-3
-50.68,11,-4,-2
-44.345,10,-11,-2
-48.87,11,-6,-3
-42.535,10,-13,-1
-44.345,10,-11,-2
-48.87,11,-6,-2
-42.535,10,-13,-1
-47.965,11,-7,-3
-50.68,12,-4,-3
-47.965,11,-7,-3
-50.68,12,-4,-3
-47.965,11,-7,-3
-52.49,12,-2,-1
-48.87,12,-6,-3
-48.87,12,-6,-3
-48.87,11,-6,-4
-48.87,11,-6,-4
-46.155,10,-9,-3
-45.25,11,-10,-5
-45.25,11,-10,-4
-49.775,11,-5,-3
-45.25,11,-10,-4
-45.25,11,-10,-4
-45.25,11,-10,-4
-45.25,11,-10,-4
-45.25,11,-10,-4
-46.155,10,-9,-3
-52.49,11,-2,-3
-52.49,11,-2,-3
-47.965,10,-7,0
-52.49,11,-2,-3
-47.965,10,-7,0
-52.49,11,-2,-3
-52.49,11,-2,-3
-47.965,10,-7,0
-47.965,10,-7,0
-52.49,11,-2,-3
-54.3,12,0,-2
-54.3,12,0,-2
-53.395,11,-1,-2
-53.395,11,-1,-1
-53.395,11,-1,-2
-53.395,11,-1,-2
-54.3,12,0,-3
-53.395,11,-1,-2
-54.3,12,0,-2
-54.3,12,0,-3
-46.155,9,-9,-1
-47.06,9,-8,-2
-47.06,9,-8,-2
-46.155,9,-9,-1
-47.06,9,-8,-2
-46.155,9,-9,-1
-47.06,9,-8,-2
-47.06,9,-8,-2
-46.155,9,-9,-1
-46.155,9,-9,-1
-50.68,11,-4,-1
-52.49,11,-2,-1
-50.68,11,-4,-1
-52.49,11,-2,-1
-50.68,11,-4,-1
-50.68,11,-4,-1
-52.49,11,-2,-1
-49.775,11,-5,-1
-50.68,11,-4,-1
-52.49,11,-2,-1
-52.49,11,-2,-1
-52.49,11,-2,-1
-50.68,11,-4,-3
-50.68,11,-4,-3
-52.49,11,-2,-1
-52.49,11,-2,-1
-50.68,11,-4,-3
-48.87,11,-6,-4
-52.49,11,-2,-1
-52.49,11,-2,-1
-51.585,12,-3,-2
-51.585,12,-3,-2
-51.585,12,-3,-2
-51.585,12,-3,-2
-52.49,11,-2,-2
-51.585,12,-3,-2
-51.585,12,-3,-2
-52.49,11,-2,-2
-52.49,11,-2,-2
-51.585,12,-3,-2
-52.49,12,-2,-2
-52.49,12,-2,-2
-52.49,12,-2,-2
-52.49,12,-2,-2
-52.49,12,-2,-1
-52.49,12,-2,-2
-52.49,12,-2,-2
-48.87,12,-6,-3
-47.06,12,-8,-2
-47.06,12,-8,-3
-52.49,11,-2,-1
-52.49,11,-2,-1
-52.49,11,-2,-1
-51.585,11,-3,-2
-51.585,11,-3,-2
-52.49,11,-2,-1
-51.585,11,-3,-2
-52.49,11,-2,-1
-51.585,11,-3,-2
-51.585,11,-3,-2
-53.395,12,-1,-2
-53.395,12,-1,-2
-53.395,12,-1,-2
-53.395,12,-1,-2
-53.395,12,-1,-2
-53.395,12,-1,-2
-53.395,12,-1,-2
-53.395,12,-1,-2
-53.395,12,-1,-2
-53.395,12,-1,-2
-47.06,10,-8,-4
-47.06,10,-8,-3
-47.06,10,-8,-4
-48.87,11,-6,-2
-48.87,11,-6,-2
-48.87,11,-6,-2
-48.87,11,-6,-2
-48.87,11,-6,-2
-47.06,10,-8,-2
-47.06,10,-8,-3
-51.585,11,-3,-1
-51.585,11,-3,-1
-51.585,11,-3,-1
-51.585,11,-3,-1
-51.585,11,-3,-1
-52.49,11,-2,-1
-51.585,11,-3,-1
-51.585,11,-3,-1
-52.49,11,-2,-1
-51.585,11,-3,-1
-52.49,12,-2,-2
-50.68,12,-4,-2
-47.965,11,-7,-1
-52.49,12,-2,-2
-50.68,12,-4,-2
-50.68,12,-4,-2
-52.49,12,-2,-2
-52.49,12,-2,-2
-52.49,12,-2,-2
-47.965,11,-7,-2
-51.585,11,-3,-2
-51.585,12,-3,-4
-51.585,12,-3,-3
-51.585,12,-3,-3
-51.585,11,-3,-2
-51.585,11,-3,-2
-51.585,11,-3,-2
-51.585,12,-3,-3
-51.585,11,-3,-2
-51.585,12,-3,-2
-50.68,11,-4,-2
-51.585,11,-3,0
-50.68,11,-4,-1
-47.965,11,-7,-1
-50.68,11,-4,-1
-50.68,11,-4,-1
-50.68,11,-4,-1
-50.68,11,-4,-1
-50.68,11,-4,-1
-50.68,11,-4,-1
-48.87,11,-6,-1
-48.87,11,-6,-1
-48.87,10,-6,-1
-48.87,10,-6,-1
-48.87,10,-6,-1
-48.87,10,-6,-1
-47.965,10,-7,0
-48.87,10,-6,-1
-48.87,10,-6,-1
-48.87,11,-6,-1
-48.87,11,-6,-2
-48.87,11,-6,-2
-48.87,10,-6,-3
-48.87,10,-6,-3
-48.87,10,-6,-3
-48.87,11,-6,-2
-48.87,10,-6,-3
-48.87,10,-6,-3
-48.87,10,-6,-3
-48.87,10,-6,-3
-50.68,11,-4,-3
-50.68,11,-4,-1
-50.68,12,-4,-2
-50.68,12,-4,-2
-50.68,11,-4,-1
-50.68,11,-4,-1
-47.965,11,-7,-1
-50.68,11,-4,-2
-50.68,11,-4,-2
-50.68,12,-4,-2
-53.395,11,-1,-2
-53.395,12,-1,-2
-52.49,11,-2,-2
-53.395,11,-1,-2
-53.395,12,-1,-1
-53.395,11,-1,-2
-53.395,11,-1,-2
-53.395,11,-1,-2
-53.395,12,-1,-1
-53.395,11,-1,-2
-50.68,11,-4,-2
-50.68,11,-4,-2
-50.68,11,-4,-2
-50.68,11,-4,-1
-50.68,11,-4,-2
-50.68,11,-4,-2
-50.68,11,-4,-4
-50.68,11,-4,-2
-50.68,11,-4,-2
-50.68,11,-4,-2
-47.06,11,-8,-1
-50.68,11,-4,-3
-47.06,11,-8,-1
-47.06,11,-8,-1
-47.06,11,-8,-1
-47.965,12,-7,-2
-47.06,11,-8,-1
-47.06,11,-8,-1
-50.68,11,-4,-3
-47.06,11,-8,-1
-48.87,10,-6,-1
-48.87,10,-6,0
-48.87,10,-6,0
-48.87,10,-6,0
-48.87,10,-6,0
-51.585,11,-3,-2
-48.87,10,-6,0
-48.87,10,-6,0
-49.775,12,-5,0
-48.87,10,-6,-1
-49.775,12,-5,-1
-49.775,12,-5,-1
-49.775,12,-5,-2
-49.775,12,-5,-2
-50.68,12,-4,-2
-49.775,12,-5,-2
-49.775,12,-5,-1
-49.775,12,-5,-1
-50.68,12,-4,-3
-48.87,12,-6,-1
-49.775,10,-5,-2
-49.775,10,-5,-2
-49.775,10,-5,-2
-49.775,12,-5,-4
-49.775,12,-5,-4
-49.775,10,-5,-2
-49.775,10,-5,-2
-49.775,10,-5,-2
-49.775,10,-5,-3
-49.775,10,-5,-3
-52.49,12,-2,-2
-48.87,11,-6,-2
-52.49,12,-2,-2
-52.49,11,-2,-2
-50.68,12,-4,-2
-52.49,11,-2,-2
-53.395,12,-1,-3
-53.395,12,-1,-3
-52.49,11,-2,-2
-53.395,12,-1,-3
-53.395,11,-1,-2
-53.395,11,-1,-2
-48.87,10,-6,0
-53.395,11,-1,-2
-53.395,11,-1,-2
-53.395,11,-1,-2
-53.395,11,-1,-2
-53.395,11,-1,-2
-53.395,11,-1,-2
-53.395,11,-1,-2
-52.49,11,-2,-1
-52.49,11,-2,-1
-52.49,11,-2,-1
-52.49,11,-2,-1
-52.49,11,-2,-1
-52.49,11,-2,-1
-52.49,11,-2,-1
-52.49,11,-2,-1
-52.49,11,-2,-1
-52.49,11,-2,-1
-53.395,11,-1,-1
-53.395,11,-1,-1
-53.395,11,-1,-1
-53.395,11,-1,-1
-53.395,11,-1,-1
-53.395,11,-1,-1
-53.395,11,-1,-1
-53.395,11,-1,-1
-53.395,11,-1,-1
-53.395,11,-1,-1
-51.585,12,-3,-2
-52.49,12,-2,-1
-50.68,11,-4,-1
-50.68,11,-4,-1
-50.68,11,-4,-1
-50.68,11,-4,-1
-51.585,12,-3,-2
-50.68,11,-4,-1
-50.68,11,-4,-2
-50.68,11,-4,-1
