-37.365,10,-7,-2
-37.365,10,-7,-2
-37.365,10,-7,-2
-40.185,12,-3,-5
-37.365,10,-7,-2
-40.185,12,-3,-5
-40.185,12,-3,-5
-37.365,10,-7,-2
-37.365,10,-7,-2
-37.365,10,-7,-2
-39.48,10,-4,-4
-39.48,10,-4,-4
-39.48,10,-4,-4
-39.48,10,-4,-4
-39.48,10,-4,-4
-39.48,10,-4,-4
-39.48,10,-4,-4
-39.48,10,-4,-4
-39.48,10,-4,-4
-39.48,10,-4,-4
-38.775,10,-5,-3
-38.775,10,-5,-3
-38.775,10,-5,-3
-38.775,10,-5,-3
-38.775,10,-5,-3
-38.775,10,-5,-3
-38.775,10,-5,-3
-38.775,10,-5,-3
-38.775,10,-5,-3
-38.775,10,-5,-3
-38.775,10,-5,-4
-38.775,10,-5,-4
-38.775,10,-5,-4
-38.775,10,-5,-4
-38.775,10,-5,-4
-38.775,10,-5,-4
-38.775,10,-5,-4
-38.775,10,-5,-4
-38.775,10,-5,-4
-38.775,10,-5,-4
-41.595,11,-1,-3
-41.595,11,-1,-3
-41.595,11,-1,-4
-41.595,11,-1,-3
-41.595,11,-1,-3
-41.595,11,-1,-3
-41.595,11,-1,-4
-41.595,11,-1,-3
-41.595,11,-1,-4
-41.595,11,-1,-3
-41.595,11,-1,-4
-41.595,11,-1,-4
-41.595,11,-1,-4
-41.595,11,-1,-4
-41.595,11,-1,-4
-41.595,11,-1,-4
-41.595,11,-1,-4
-40.89,11,-2,-4
-41.595,11,-1,-4
-41.595,11,-1,-4
-35.955,9,-9,-1
-34.545,9,-11,-2
-34.545,9,-11,-2
-34.545,9,-11,-2
-34.545,9,-11,-2
-34.545,9,-11,-2
-34.545,9,-11,-2
-34.545,9,-11,-2
-35.955,9,-9,-1
-34.545,9,-11,-2
-40.89,10,-2,-4
-38.07,9,-6,-2
-38.775,10,-5,-2
-40.89,10,-2,-4
-38.775,10,-5,-2
-38.775,10,-5,-2
-40.89,10,-2,-4
-38.775,10,-5,-2
-40.89,10,-2,-4
-38.775,10,-5,-2
-35.25,9,-10,-2
-35.25,9,-10,-2
-35.25,9,-10,-2
-35.25,9,-10,-2
-35.25,9,-10,-2
-35.25,9,-10,-2
-35.25,9,-10,-2
-35.25,9,-10,-2
-35.25,9,-10,-2
-35.25,9,-10,-2
-33.84,8,-12,-2
-33.84,8,-12,-2
-33.84,8,-12,-2
-33.84,8,-12,-2
-36.66,9,-8,-3
-33.84,8,-12,-2
-36.66,9,-8,-3
-33.84,8,-12,-2
-36.66,9,-8,-3
-36.66,9,-8,-3
-38.775,11,-5,-1
-38.775,11,-5,-1
-38.775,11,-5,-3
-38.775,11,-5,-1
-38.775,11,-5,-1
-38.775,11,-5,-1
-38.775,11,-5,-1
-38.775,11,-5,-1
-38.775,11,-5,-1
-38.775,11,-5,-1
-38.775,10,-5,-4
-38.775,10,-5,-4
-38.775,10,-5,-4
-38.775,10,-5,-4
-38.775,10,-5,-4
-38.775,10,-5,-4
-38.775,10,-5,-4
-39.48,11,-4,-4
-38.775,10,-5,-4
-38.775,10,-5,-4
-38.07,10,-6,-4
-38.07,10,-6,-4
-38.07,10,-6,-4
-38.07,10,-6,-5
-38.07,10,-6,-4
-38.07,10,-6,-4
-38.07,10,-6,-5
-38.07,10,-6,-4
-38.07,10,-6,-4
-38.07,10,-6,-4
-37.365,10,-7,-3
-37.365,10,-7,-3
-37.365,10,-7,-3
-37.365,10,-7,-2
-37.365,10,-7,-3
-37.365,10,-7,-3
-37.365,10,-7,-3
-37.365,10,-7,-3
-37.365,10,-7,-3
-37.365,10,-7,-3
-39.48,10,-4,-4
-39.48,10,-4,-4
-39.48,10,-4,-4
-39.48,10,-4,-4
-39.48,10,-4,-4
-39.48,10,-4,-4
-39.48,10,-4,-4
-39.48,10,-4,-4
-39.48,10,-4,-4
-39.48,10,-4,-4
-40.89,11,-2,-7
-40.89,11,-2,-7
-40.89,10,-2,-5
-40.89,11,-2,-7
-40.89,10,-2,-5
-40.89,10,-2,-5
-40.89,10,-2,-5
-40.89,11,-2,-7
-40.89,10,-2,-5
-40.89,11,-2,-7
-40.185,11,-3,-3
-38.07,11,-6,-4
-38.07,11,-6,-4
-36.66,10,-8,-3
-36.66,10,-8,-3
-36.66,10,-8,-3
-36.66,10,-8,-3
-38.07,11,-6,-4
-36.66,10,-8,-3
-36.66,10,-8,-3
-41.595,12,-1,-1
-41.595,12,-1,-1
-41.595,12,-1,-1
-41.595,12,-1,-1
-41.595,12,-1,-1
-41.595,12,-1,-1
-41.595,12,-1,-1
-41.595,12,-1,-1
-41.595,12,-1,-1
-41.595,12,-1,-1
-40.89,10,-2,-2
-40.89,10,-2,-2
-40.89,10,-2,-2
-40.89,10,-2,-2
-40.89,10,-2,-2
-40.89,10,-2,-2
-40.89,10,-2,-2
-40.89,10,-2,-2
-40.89,10,-2,-2
-40.89,10,-2,-2
-38.775,10,-5,-1
-38.07,10,-6,-2
-38.775,10,-5,-1
-38.775,10,-5,-1
-38.775,10,-5,-1
-38.775,10,-5,-1
-38.775,10,-5,-1
-38.775,10,-5,-1
-38.775,10,-5,-1
-38.775,10,-5,-1
-39.48,11,-4,-5
-39.48,11,-4,-5
-39.48,11,-4,-5
-39.48,11,-4,-5
-39.48,11,-4,-5
-39.48,11,-4,-5
-39.48,11,-4,-5
-39.48,11,-4,-5
-39.48,11,-4,-5
-39.48,11,-4,-5
-37.365,9,-7,-2
-37.365,9,-7,-3
-37.365,9,-7,-2
-37.365,9,-7,-2
-37.365,9,-7,-2
-37.365,9,-7,-3
-37.365,9,-7,-2
-37.365,9,-7,-2
-37.365,9,-7,-2
-37.365,9,-7,-2
-38.07,10,-6,-5
-38.07,10,-6,-5
-38.07,10,-6,-5
-38.07,10,-6,-5
-38.07,10,-6,-5
-38.07,10,-6,-5
-38.07,10,-6,-5
-38.07,10,-6,-5
-38.07,10,-6,-5
-38.07,10,-6,-5
-40.185,10,-3,-5
-40.185,10,-3,-5
-40.185,10,-3,-5
-40.185,10,-3,-5
-40.185,10,-3,-5
-40.185,10,-3,-5
-40.185,10,-3,-5
-40.185,10,-3,-5
-40.185,10,-3,-5
-40.185,10,-3,-5
-40.89,11,-2,-5
-40.89,11,-2,-5
-41.595,11,-1,-4
-41.595,11,-1,-5
-40.89,11,-2,-5
-41.595,11,-1,-5
-40.89,11,-2,-5
-40.89,11,-2,-5
-40.89,11,-2,-5
-41.595,11,-1,-5
-40.89,12,-2,-4
-40.89,12,-2,-4
-40.89,12,-2,-4
-40.89,12,-2,-4
-40.89,12,-2,-4
-40.89,12,-2,-4
-40.89,12,-2,-4
-40.89,12,-2,-4
-40.89,12,-2,-4
-40.89,12,-2,-4
-39.48,11,-4,-3
-39.48,11,-4,-3
-39.48,11,-4,-3
-39.48,11,-4,-3
-39.48,11,-4,-3
-39.48,11,-4,-3
-39.48,11,-4,-3
-39.48,11,-4,-3
-39.48,11,-4,-3
-39.48,11,-4,-3
-39.48,10,-4,-3
-38.07,10,-6,-4
-38.07,10,-6,-2
-38.07,10,-6,-2
-39.48,10,-4,-3
-38.07,10,-6,-5
-38.07,10,-6,-4
-39.48,10,-4,-3
-36.66,9,-8,-3
-38.07,10,-6,-2
-35.25,9,-10,-2
-35.25,9,-10,-2
-35.25,9,-10,-2
-35.25,9,-10,-2
-35.25,9,-10,-2
-35.25,9,-10,-2
-35.25,9,-10,-2
-35.25,9,-10,-2
-35.25,9,-10,-2
-35.25,9,-10,-2
-41.595,11,-1,-4
-41.595,11,-1,-4
-41.595,11,-1,-4
-41.595,11,-1,-4
-41.595,11,-1,-4
-41.595,11,-1,-4
-41.595,11,-1,-4
-41.595,11,-1,-4
-41.595,11,-1,-4
-41.595,11,-1,-4
-39.48,11,-4,-3
-39.48,11,-4,-4
-39.48,11,-4,-3
-39.48,11,-4,-4
-39.48,11,-4,-4
-39.48,11,-4,-4
-39.48,11,-4,-4
-39.48,11,-4,-4
-39.48,11,-4,-4
-39.48,11,-4,-4
-41.595,10,-1,-5
-41.595,10,-1,-5
-41.595,10,-1,-5
-41.595,10,-1,-4
-41.595,10,-1,-5
-41.595,10,-1,-4
-41.595,10,-1,-5
-41.595,10,-1,-5
-41.595,10,-1,-5
-41.595,10,-1,-5
-42.3,11,0,-4
-42.3,11,0,-4
-42.3,11,0,-4
-42.3,11,0,-4
-42.3,11,0,-4
-42.3,11,0,-4
-42.3,11,0,-4
-42.3,11,0,-4
-42.3,11,0,-4
-42.3,11,0,-4
-41.595,10,-1,-3
-40.89,10,-2,-5
-40.89,10,-2,-4
-40.89,10,-2,-4
-40.89,10,-2,-4
-40.89,10,-2,-4
-41.595,10,-1,-3
-41.595,10,-1,-3
-41.595,10,-1,-3
-40.89,10,-2,-4
-42.3,11,0,-2
-42.3,11,0,-2
-42.3,11,0,-2
-42.3,11,0,-2
-42.3,11,0,-2
-42.3,11,0,-2
-42.3,11,0,-2
-42.3,11,0,-2
-38.775,10,-5,-5
-40.185,11,-3,-5
-39.48,11,-4,-3
-39.48,11,-4,-4
-39.48,11,-4,-3
-39.48,11,-4,-3
-39.48,11,-4,-4
-40.185,11,-3,-4
-39.48,11,-4,-4
-39.48,11,-4,-4
-40.185,11,-3,-5
-39.48,11,-4,-3
-41.595,11,-1,-2
-38.07,11,-4,-3
-41.595,11,-1,-2
-41.595,11,-1,-2
-41.595,11,-1,-2
-41.595,11,-1,-2
-40.185,11,-3,-3
-41.595,11,-1,-2
-38.07,11,-4,-3
-41.595,11,-1,-2
-39.48,10,-4,-2
-39.48,10,-4,-2
-39.48,10,-4,-2
-39.48,10,-4,-2
-38.775,11,-5,-2
-39.48,10,-4,-2
-39.48,10,-4,-2
-39.48,10,-4,-2
-39.48,10,-4,-2
-39.48,10,-4,-2
-38.07,11,-6,-4
-38.07,11,-6,-4
-38.07,11,-6,-4
-38.07,11,-6,-4
-38.07,11,-6,-4
-38.07,11,-6,-4
-36.66,10,-8,-4
-38.07,11,-6,-4
-36.66,10,-8,-4
-38.07,11,-6,-4
-40.89,11,-2,-6
-40.89,11,-2,-6
-40.89,11,-2,-6
-40.89,11,-2,-6
-40.89,11,-2,-6
-40.89,11,-2,-6
-40.89,11,-2,-6
-40.89,11,-2,-6
-40.89,11,-2,-6
-40.89,11,-2,-6
-38.775,10,-5,-2
-38.775,10,-5,-2
-38.775,10,-5,-2
-38.775,10,-5,-2
-38.775,10,-5,-2
-38.775,10,-5,-2
-38.07,10,-6,-3
-38.775,10,-5,-2
-38.775,10,-5,-2
-38.775,10,-5,-2
-39.48,11,-4,-3
-40.89,11,-2,-3
-40.89,11,-2,-3
-40.89,11,-2,-3
-39.48,11,-4,-3
-39.48,11,-4,-3
-39.48,11,-4,-3
-40.89,11,-2,-3
-39.48,11,-4,-3
-39.48,11,-4,-3
-41.595,11,-1,-4
-41.595,11,-1,-4
-41.595,11,-1,-4
-41.595,11,-1,-3
-41.595,11,-1,-3
-41.595,11,-1,-4
-41.595,11,-1,-4
-41.595,11,-1,-4
-41.595,11,-1,-3
-41.595,11,-1,-4
-42.3,11,0,-6
-42.3,11,0,-6
-40.89,11,-2,-6
-42.3,11,0,-6
-40.89,11,-2,-6
-42.3,11,0,-6
-40.89,11,-2,-6
-40.89,11,-2,-6
-42.3,11,0,-6
-42.3,11,0,-6
-38.07,11,-6,-2
-38.07,12,-6,-3
-38.07,11,-6,-2
-38.07,11,-6,-2
-38.07,11,-6,-2
-38.07,11,-6,-2
-38.07,11,-6,-2
-38.07,11,-6,-2
-38.07,11,-6,-2
-38.07,11,-6,-2
-40.89,10,-2,-4
-40.89,10,-2,-4
-40.89,10,-2,-4
-40.89,10,-2,-4
-40.89,10,-2,-4
-40.89,10,-2,-4
-40.89,10,-2,-4
-40.89,10,-2,-4
-40.89,10,-2,-4
-40.89,10,-2,-4
-38.775,10,-5,-4
-38.775,10,-5,-4
-38.775,10,-5,-4
-38.775,10,-5,-4
-38.775,10,-5,-4
-38.775,10,-5,-4
-40.185,11,-3,-3
-38.775,10,-5,-4
-38.775,10,-5,-4
-38.775,10,-5,-4
-40.185,11,-3,-4
-40.185,11,-3,-4
-40.185,11,-3,-4
-40.185,11,-3,-4
-40.185,11,-3,-4
-40.185,11,-3,-4
-40.185,11,-3,-4
-40.185,11,-3,-4
-40.185,11,-3,-4
-40.185,11,-3,-4
-38.07,11,-6,-4
-38.07,11,-6,-4
-38.07,11,-6,-4
-38.07,11,-6,-4
-38.07,11,-6,-4
-38.07,11,-6,-4
-38.07,11,-6,-4
-38.07,11,-6,-4
-38.07,11,-6,-4
-38.07,11,-6,-4
-42.3,10,0,-2
-42.3,10,0,-2
-42.3,10,0,-2
-42.3,10,0,-2
-42.3,10,0,-2
-42.3,10,0,-2
-42.3,10,0,-2
-42.3,10,0,-2
-42.3,10,0,-2
-42.3,10,0,-2
-39.48,10,-4,-4
-40.185,11,-3,-3
-39.48,10,-4,-4
-40.89,10,-2,-3
-40.89,10,-2,-3
-40.89,10,-2,-3
-40.89,10,-2,-3
-40.89,10,-2,-3
-40.89,10,-2,-3
-40.89,10,-2,-3
-38.07,9,-6,-2
-38.07,9,-6,-2
-38.07,9,-6,-2
-38.07,9,-6,-2
-38.07,9,-6,-2
-38.07,9,-6,-2
-38.07,9,-6,-2
-38.07,9,-6,-2
-38.07,9,-6,-2
-38.07,9,-6,-2
-39.48,10,-4,-3
-39.48,10,-4,-3
-39.48,10,-4,-3
-39.48,10,-4,-3
-39.48,10,-4,-2
-39.48,10,-4,-2
-39.48,10,-4,-2
-39.48,10,-4,-3
-39.48,10,-4,-3
-39.48,10,-4,-3
-40.89,11,-2,-7
-41.595,11,-1,-3
-40.89,11,-2,-7
-42.3,11,0,-5
-40.89,11,-2,-7
-41.595,11,-1,-3
-40.89,11,-2,-7
-42.3,11,0,-5
-41.595,11,-1,-3
-40.89,11,-2,-7
-40.89,11,-2,-4
-39.48,11,-4,-3
-39.48,11,-4,-3
-39.48,11,-4,-3
-39.48,11,-4,-3
-39.48,11,-4,-3
-39.48,11,-4,-3
-39.48,11,-4,-3
-39.48,11,-4,-3
-39.48,11,-4,-3
-41.595,10,-1,-1
-41.595,10,-1,-2
-41.595,10,-1,-2
-38.775,10,-5,-3
-38.775,10,-5,-3
-41.595,10,-1,-2
-38.775,10,-5,-3
-38.775,10,-5,-3
-38.775,10,-5,-3
-38.775,10,-5,-3
-38.775,10,-5,-4
-38.775,10,-5,-4
-38.775,10,-5,-4
-38.775,10,-5,-4
-38.775,10,-5,-4
-38.775,10,-5,-4
-38.775,10,-5,-4
-38.775,10,-5,-4
-38.775,10,-5,-4
-38.775,10,-5,-4
-38.775,10,-5,-4
-38.775,10,-5,-4
-38.775,10,-5,-4
-38.775,10,-5,-4
-38.775,10,-5,-4
-38.775,10,-5,-4
-38.775,10,-5,-4
-38.775,10,-5,-4
-38.775,10,-5,-4
-38.775,10,-5,-4
-41.595,11,-1,-6
-41.595,11,-1,-6
-41.595,11,-1,-6
-41.595,11,-1,-6
-41.595,11,-1,-6
-41.595,11,-1,-3
-41.595,11,-1,-3
-41.595,11,-1,-3
-41.595,11,-1,-3
-41.595,11,-1,-3
-34.545,9,-11,-3
-34.545,9,-11,-3
-34.545,9,-11,-3
-34.545,9,-11,-3
-34.545,9,-11,-3
-34.545,9,-11,-3
-34.545,9,-11,-3
-34.545,9,-11,-3
-34.545,9,-11,-3
-34.545,9,-11,-3
-38.775,10,-5,-2
-38.775,10,-5,-2
-38.775,10,-5,-2
-38.775,10,-5,-2
-38.07,10,-6,-4
-38.07,10,-6,-4
-38.07,10,-6,-2
-36.66,10,-8,-4
-38.07,10,-6,-2
-38.07,10,-6,-4
-40.89,10,-2,-5
-40.89,10,-2,-5
-40.89,10,-2,-5
-40.89,10,-2,-5
-40.89,10,-2,-5
-40.89,10,-2,-5
-40.89,10,-2,-5
-40.89,10,-2,-5
-40.89,10,-2,-5
-40.89,10,-2,-5
-40.89,11,-2,-5
-40.89,11,-2,-5
-40.89,11,-2,-5
-40.89,11,-2,-5
-40.89,11,-2,-5
-40.89,11,-2,-5
-40.89,11,-2,-5
-40.89,11,-2,-5
-40.89,11,-2,-5
-40.89,11,-2,-5
-37.365,10,-7,-3
-37.365,10,-7,-3
-37.365,10,-7,-3
-34.545,9,-11,-4
-37.365,10,-7,-3
-37.365,10,-7,-3
-37.365,10,-7,-3
-37.365,10,-7,-3
-37.365,10,-7,-3
-37.365,10,-7,-3
-40.185,11,-3,-4
-39.48,11,-4,-6
-39.48,11,-4,-4
-40.185,11,-3,-4
-40.185,11,-3,-4
-40.185,11,-3,-4
-39.48,11,-4,-4
-39.48,11,-4,-4
-40.185,11,-3,-4
-40.185,11,-3,-4
-42.3,11,0,-5
-42.3,11,0,-5
-40.89,11,-2,-3
-42.3,11,0,-5
-42.3,11,0,-5
-42.3,11,0,-5
-42.3,11,0,-5
-42.3,11,0,-5
-42.3,11,0,-5
-42.3,11,0,-5
-36.66,10,-8,-2
-38.07,10,-6,-2
-38.07,10,-6,-2
-38.07,10,-6,-2
-38.07,10,-6,-2
-38.07,10,-6,-2
-38.07,10,-6,-2
-36.66,10,-8,-2
-38.07,10,-6,-2
-36.66,10,-8,-2
-37.365,10,-7,-2
-37.365,10,-7,-2
-37.365,10,-7,-2
-39.48,11,-4,-4
-37.365,10,-7,-2
-37.365,10,-7,-2
-37.365,10,-7,-2
-37.365,10,-7,-2
-37.365,10,-7,-2
-37.365,10,-7,-2
-40.89,10,-2,-3
-41.595,11,-1,-3
-41.595,11,-1,-3
-40.89,10,-2,-3
-40.89,10,-2,-3
-41.595,11,-1,-3
-41.595,11,-1,-3
-41.595,11,-1,-3
-40.89,10,-2,-3
-40.89,10,-2,-3
-36.66,10,-8,-3
-36.66,10,-8,-3
-36.66,10,-8,-3
-36.66,10,-8,-3
-36.66,10,-8,-3
-36.66,10,-8,-3
-36.66,10,-8,-3
-36.66,10,-8,-3
-36.66,10,-8,-3
-36.66,10,-8,-3
-38.07,10,-6,-3
-38.07,10,-6,-3
-38.07,10,-6,-3
-38.07,10,-6,-3
-38.07,10,-6,-3
-38.07,10,-6,-3
-38.07,10,-6,-3
-38.07,10,-6,-3
-38.07,10,-6,-3
-38.07,10,-6,-3
-40.185,10,-3,-3
-40.185,10,-3,-3
-40.185,11,-3,-4
-40.185,11,-3,-4
-40.185,10,-3,-3
-40.185,10,-3,-3
-40.185,11,-3,-4
-40.185,10,-3,-3
-40.185,11,-3,-4
-40.185,11,-3,-4
-38.07,10,-6,-2
-38.07,10,-6,-2
-39.48,10,-4,-4
-39.48,10,-4,-4
-38.07,10,-6,-2
-38.07,10,-6,-2
-38.07,10,-6,-2
-38.07,10,-6,-2
-39.48,10,-4,-4
-39.48,10,-4,-4
-38.07,9,-6,-3
-38.07,9,-6,-3
-38.07,9,-6,-3
-38.07,9,-6,-3
-38.07,9,-6,-3
-38.07,9,-6,-3
-38.07,9,-6,-3
-38.07,9,-6,-3
-38.07,9,-6,-3
-38.07,9,-6,-3
-38.07,10,-6,-3
-38.07,10,-6,-3
-38.07,10,-6,-3
-38.07,10,-6,-3
-38.07,10,-6,-3
-40.185,11,-3,-4
-38.07,10,-6,-3
-38.07,10,-6,-3
-40.185,11,-3,-4
-40.185,11,-3,-4
-40.89,11,-2,-4
-40.89,11,-2,-4
-40.89,11,-2,-4
-40.89,11,-2,-4
-40.89,11,-2,-4
-40.89,11,-2,-4
-40.89,11,-2,-4
-40.89,11,-2,-4
-40.89,11,-2,-4
-40.89,11,-2,-4
-39.48,10,-4,-3
-38.07,10,-6,-3
-38.775,10,-5,-4
-38.07,10,-6,-3
-38.775,10,-5,-4
-38.07,10,-6,-3
-38.775,10,-5,-4
-38.775,10,-5,-4
-38.07,10,-6,-3
-38.07,10,-6,-3
-39.48,11,-4,-4
-39.48,11,-4,-4
-39.48,11,-4,-4
-39.48,11,-4,-4
-38.07,11,-6,-3
-39.48,11,-4,-4
-39.48,11,-4,-4
-39.48,11,-4,-4
-38.07,11,-6,-3
-38.07,11,-6,-3
-38.775,12,-5,-4
-40.185,12,-3,-4
-40.185,12,-3,-4
-38.775,12,-5,-5
-38.775,12,-5,-5
-38.775,12,-5,-4
-38.775,12,-5,-5
-38.775,12,-5,-4
-40.185,12,-3,-4
-40.185,12,-3,-4
-42.3,11,0,-3
-42.3,11,0,-3
-42.3,11,0,-3
-42.3,11,0,-3
-42.3,11,0,-3
-42.3,11,0,-3
-42.3,11,0,-3
-42.3,11,0,-3
-42.3,11,0,-3
-42.3,11,0,-3
-40.89,11,-2,-5
-40.89,11,-2,-5
-40.89,11,-2,-5
-40.89,11,-2,-5
-40.89,11,-2,-5
-40.185,11,-3,-3
-40.89,11,-2,-5
-40.89,11,-2,-5
-40.89,11,-2,-4
-40.185,11,-3,-3
-42.3,11,0,-3
-42.3,11,0,-3
-42.3,11,0,-3
-42.3,11,0,-3
-42.3,11,0,-3
-42.3,11,0,-3
-42.3,11,0,-3
-42.3,11,0,-3
-42.3,11,0,-3
-42.3,11,0,-3
-38.07,10,-6,-3
-38.07,10,-6,-3
-38.07,10,-6,-3
-39.48,11,-4,-3
-39.48,11,-4,-3
-38.07,10,-6,-3
-38.07,10,-6,-3
-38.07,10,-6,-3
-38.07,10,-6,-3
-38.07,10,-6,-3
-40.89,10,-2,-3
-40.89,10,-2,-3
-40.89,10,-2,-3
-40.89,10,-2,-3
-40.89,10,-2,-3
-40.89,10,-2,-3
-40.89,10,-2,-3
-40.89,10,-2,-3
-40.89,10,-2,-3
-40.89,10,-2,-3
-39.48,11,-4,-3
-39.48,11,-4,-3
-39.48,10,-4,-3
-39.48,10,-4,-3
-38.775,11,-5,-4
-38.775,11,-5,-4
-39.48,11,-4,-3
-39.48,10,-4,-3
-39.48,11,-4,-3
-39.48,11,-4,-3
-40.89,11,-2,-5
-40.89,11,-2,-4
-40.89,11,-2,-5
-40.89,11,-2,-4
-40.89,11,-2,-5
-40.89,11,-2,-4
-40.89,11,-2,-5
-40.89,11,-2,-5
-40.89,11,-2,-5
-40.89,11,-2,-4
-38.07,10,-6,-5
-38.07,10,-6,-5
-38.07,10,-6,-5
-38.775,10,-5,-6
-38.07,10,-6,-5
-38.07,10,-6,-6
-38.775,10,-5,-5
-38.07,10,-6,-5
-38.775,10,-5,-5
-38.07,10,-6,-5
-39.48,11,-4,-4
-38.775,10,-5,-3
-38.775,10,-5,-3
-39.48,11,-4,-4
-39.48,11,-4,-4
-38.775,10,-5,-3
-39.48,11,-4,-4
-38.775,10,-5,-3
-39.48,11,-4,-4
-39.48,11,-4,-4
-41.595,12,-1,-4
-41.595,12,-1,-4
-41.595,12,-1,-4
-41.595,12,-1,-4
-41.595,12,-1,-4
-41.595,12,-1,-4
-41.595,12,-1,-4
-41.595,12,-1,-4
-41.595,12,-1,-4
-41.595,12,-1,-4
-35.955,9,-9,-4
-35.955,9,-9,-4
-35.955,9,-9,-4
-35.955,9,-9,-4
-35.955,9,-9,-4
-35.955,9,-9,-4
-35.955,9,-9,-4
-35.955,9,-9,-4
-35.955,9,-9,-4
-35.955,9,-9,-4
-40.185,10,-3,-4
-39.48,10,-4,-3
-40.185,10,-3,-4
-40.185,10,-3,-4
-40.185,10,-3,-4
-40.185,10,-3,-4
-40.185,10,-3,-4
-40.185,10,-3,-4
-39.48,10,-4,-3
-40.185,10,-3,-4
-42.3,11,0,-3
-42.3,11,0,-3
-42.3,11,0,-3
-42.3,11,0,-3
-42.3,11,0,-3
-42.3,11,0,-3
-42.3,11,0,-3
-42.3,11,0,-3
-42.3,11,0,-3
-42.3,11,0,-3
-42.3,10,0,-3
-42.3,10,0,-3
-42.3,10,0,-3
-42.3,10,0,-3
-42.3,10,0,-3
-42.3,10,0,-3
-42.3,10,0,-3
-42.3,10,0,-3
-42.3,10,0,-3
-42.3,10,0,-3
-38.07,9,-6,-2
-38.07,9,-6,-2
-38.07,9,-6,-2
-38.07,9,-6,-2
-39.48,10,-4,-3
-38.775,10,-5,-2
-38.07,9,-6,-2
-38.07,9,-6,-2
-38.07,9,-6,-2
-38.07,9,-6,-2
-42.3,10,0,-5
-42.3,10,0,-5
-42.3,10,0,-5
-42.3,10,0,-5
-42.3,10,0,-5
-42.3,10,0,-5
-42.3,10,0,-5
-42.3,10,0,-5
-42.3,10,0,-5
-42.3,10,0,-5
-40.89,12,-2,-3
-40.89,12,-2,-3
-40.89,12,-2,-3
-40.89,12,-2,-3
-40.89,12,-2,-3
-40.89,12,-2,-3
-40.89,12,-2,-3
-40.89,12,-2,-3
-40.185,12,-3,-2
-40.89,13,-2,-4
-37.365,10,-7,-4
-38.775,10,-5,-3
-37.365,10,-7,-4
-38.775,10,-5,-3
-38.775,10,-5,-3
-37.365,10,-7,-4
-37.365,10,-7,-4
-38.775,10,-5,-3
-37.365,10,-7,-4
-37.365,10,-7,-4
-41.595,10,-1,-4
-41.595,10,-1,-4
-40.89,10,-2,-4
-41.595,10,-1,-4
-40.89,10,-2,-4
-41.595,10,-1,-4
-40.89,10,-2,-4
-40.89,10,-2,-4
-40.89,10,-2,-4
-40.185,10,-3,-4
-42.3,11,0,-5
-42.3,11,0,-5
-42.3,11,0,-5
-42.3,11,0,-5
-42.3,11,0,-5
-42.3,11,0,-5
-42.3,11,0,-5
-42.3,11,0,-5
-42.3,11,0,-5
-42.3,11,0,-5
-39.48,11,-4,-3
-39.48,11,-4,-3
-39.48,11,-4,-3
-36.66,10,-8,-3
-39.48,11,-4,-3
-39.48,11,-4,-3
-40.185,11,-3,-4
-39.48,11,-4,-3
-39.48,11,-4,-3
-39.48,11,-4,-3
