-26.79,8,-22,-4
-26.79,8,-22,-4
-25.38,7,-24,-3
-26.79,8,-22,-4
-26.79,8,-22,-4
-25.38,7,-24,-3
-25.38,7,-24,-3
-30.315,9,-17,-4
-26.79,8,-22,-4
-26.79,8,-22,-4
-33.135,9,-13,-4
-33.135,9,-13,-4
-32.43,9,-14,-6
-32.43,9,-14,-5
-33.135,9,-13,-4
-32.43,9,-14,-6
-33.135,9,-13,-4
-33.135,9,-13,-4
-33.135,9,-13,-4
-33.135,9,-13,-4
-32.43,8,-14,-4
-32.43,8,-14,-4
-32.43,8,-14,-4
-32.43,8,-14,-4
-32.43,8,-14,-4
-32.43,8,-14,-4
-32.43,8,-14,-4
-32.43,8,-14,-4
-32.43,8,-14,-4
-32.43,8,-14,-4
-32.43,9,-14,-5
-32.43,9,-14,-5
-31.02,9,-16,-5
-31.02,9,-16,-5
-31.02,9,-16,-5
-31.02,9,-16,-5
-31.02,9,-16,-5
-31.02,9,-16,-5
-31.02,9,-16,-5
-31.02,9,-16,-5
-32.43,8,-14,-3
-32.43,8,-14,-3
-32.43,8,-14,-3
-32.43,8,-14,-3
-32.43,8,-14,-3
-32.43,8,-14,-3
-32.43,8,-14,-3
-32.43,8,-14,-3
-32.43,8,-14,-3
-32.43,8,-14,-3
-32.43,8,-14,-4
-33.84,8,-12,-3
-33.84,8,-12,-4
-33.84,8,-12,-3
-32.43,8,-14,-4
-33.84,8,-12,-3
-32.43,8,-14,-4
-31.02,8,-16,-5
-32.43,8,-14,-4
-33.84,8,-12,-4
-34.545,9,-11,-5
-34.545,9,-11,-5
-34.545,9,-11,-5
-34.545,9,-11,-5
-34.545,9,-11,-5
-34.545,9,-11,-5
-34.545,9,-11,-5
-34.545,9,-11,-5
-34.545,9,-11,-5
-34.545,9,-11,-5
-38.07,10,-6,-7
-38.07,10,-6,-7
-38.07,10,-6,-7
-38.07,10,-6,-7
-38.07,10,-6,-7
-38.07,10,-6,-7
-38.07,10,-6,-7
-38.07,10,-6,-7
-38.07,10,-6,-7
-38.07,10,-6,-7
-32.43,9,-14,-5
-33.84,8,-12,-5
-33.84,8,-12,-5
-32.43,9,-14,-5
-32.43,9,-14,-5
-32.43,9,-14,-5
-32.43,9,-14,-5
-32.43,9,-14,-5
-32.43,9,-14,-5
-32.43,9,-14,-5
-38.07,9,-6,-6
-38.07,10,-6,-6
-38.07,9,-6,-6
-38.07,9,-6,-6
-38.07,9,-6,-6
-38.07,9,-6,-6
-38.07,9,-6,-6
-38.07,9,-6,-6
-38.07,10,-6,-6
-38.07,9,-6,-6
-26.085,7,-23,-4
-27.495,7,-21,-4
-26.79,8,-22,-4
-27.495,7,-21,-4
-27.495,7,-21,-4
-28.2,7,-20,-4
-27.495,7,-21,-4
-27.495,7,-21,-4
-27.495,7,-21,-4
-29.61,8,-18,-4
-33.135,9,-13,-6
-33.135,9,-13,-6
-33.135,9,-13,-6
-35.25,11,-10,-6
-33.135,9,-13,-6
-35.25,11,-10,-6
-33.135,9,-13,-6
-35.25,11,-10,-6
-35.25,11,-10,-6
-33.135,9,-13,-6
-32.43,8,-14,-5
-32.43,8,-14,-5
-32.43,8,-14,-5
-30.315,8,-17,-5
-30.315,8,-17,-5
-31.02,8,-16,-5
-32.43,8,-14,-5
-30.315,8,-17,-5
-30.315,8,-17,-5
-31.02,8,-16,-5
-35.25,10,-10,-6
-35.25,10,-10,-6
-35.25,10,-10,-6
-35.25,10,-10,-6
-35.25,10,-10,-6
-35.25,10,-10,-6
-35.25,10,-10,-6
-35.25,10,-10,-6
-35.25,10,-10,-6
-35.25,10,-10,-6
-33.84,10,-12,-6
-31.02,9,-16,-4
-31.02,9,-16,-5
-31.02,9,-16,-4
-31.02,9,-16,-4
-31.02,9,-16,-4
-31.02,9,-16,-4
-31.02,9,-16,-4
-31.02,9,-16,-4
-31.02,9,-16,-4
-38.775,11,-5,-6
-38.775,11,-5,-6
-38.775,11,-5,-6
-38.775,11,-5,-6
-38.775,11,-5,-6
-38.775,11,-5,-6
-38.775,11,-5,-6
-38.775,11,-5,-6
-38.775,11,-5,-6
-38.775,11,-5,-6
-39.48,11,-4,-6
-39.48,11,-4,-6
-39.48,11,-4,-6
-39.48,11,-4,-6
-39.48,11,-4,-6
-39.48,11,-4,-6
-39.48,11,-4,-6
-39.48,11,-4,-6
-39.48,11,-4,-6
-39.48,11,-4,-6
-31.725,8,-15,-4
-31.725,8,-15,-4
-31.725,8,-15,-4
-38.775,12,-5,-8
-38.775,12,-5,-8
-38.775,12,-5,-8
-31.725,8,-15,-4
-31.725,8,-15,-4
-31.725,8,-15,-4
-38.775,12,-5,-8
-36.66,11,-8,-6
-37.365,12,-7,-7
-36.66,11,-8,-6
-36.66,11,-8,-6
-36.66,11,-8,-6
-36.66,11,-8,-6
-36.66,11,-8,-6
-36.66,11,-8,-6
-36.66,11,-8,-6
-36.66,11,-8,-6
-28.905,7,-19,-4
-28.905,7,-19,-4
-28.905,7,-19,-4
-28.905,7,-19,-4
-28.905,7,-19,-4
-32.43,10,-14,-6
-28.905,7,-19,-4
-28.905,7,-19,-4
-28.905,7,-19,-4
-28.905,7,-19,-4
-31.725,9,-15,-4
-31.02,9,-16,-5
-31.725,9,-15,-5
-31.725,9,-15,-4
-33.135,9,-13,-4
-34.545,9,-11,-4
-33.135,9,-13,-4
-33.135,9,-13,-4
-33.135,9,-13,-4
-31.725,9,-15,-4
-30.315,10,-17,-6
-32.43,10,-14,-6
-32.43,10,-14,-6
-32.43,10,-14,-6
-32.43,10,-14,-6
-32.43,10,-14,-6
-32.43,10,-14,-6
-33.84,11,-12,-8
-32.43,10,-14,-6
-32.43,10,-14,-6
-33.135,9,-13,-4
-33.135,8,-13,-4
-33.135,9,-13,-4
-33.135,9,-13,-4
-33.135,9,-13,-4
-33.135,8,-13,-4
-33.135,8,-13,-4
-33.135,9,-13,-4
-32.43,9,-14,-5
-33.135,9,-13,-4
-31.02,8,-16,-5
-31.02,8,-16,-5
-31.02,8,-16,-4
-32.43,8,-14,-4
-31.02,8,-16,-5
-31.02,8,-16,-4
-32.43,8,-14,-4
-32.43,8,-14,-4
-32.43,8,-14,-4
-32.43,8,-14,-4
-33.84,8,-12,-3
-33.84,8,-12,-3
-32.43,8,-14,-3
-33.84,8,-12,-3
-33.84,8,-12,-3
-33.84,8,-12,-3
-33.84,8,-12,-3
-32.43,8,-14,-3
-32.43,8,-14,-3
-32.43,8,-14,-3
-35.955,10,-9,-5
-35.955,10,-9,-5
-35.955,10,-9,-5
-35.955,10,-9,-5
-35.955,10,-9,-5
-35.955,10,-9,-5
-35.955,10,-9,-5
-35.955,10,-9,-5
-35.955,10,-9,-5
-35.955,10,-9,-5
-33.135,9,-13,-5
-33.135,8,-13,-4
-33.135,9,-13,-5
-33.135,8,-13,-4
-33.135,9,-13,-5
-33.135,8,-13,-4
-33.135,9,-13,-5
-33.135,9,-13,-5
-33.135,9,-13,-5
-33.135,9,-13,-5
-35.955,11,-9,-7
-35.955,11,-9,-7
-36.66,11,-8,-6
-36.66,11,-8,-6
-35.955,11,-9,-7
-35.955,11,-9,-7
-37.365,11,-7,-6
-35.955,11,-9,-7
-35.955,11,-9,-7
-31.725,9,-15,-5
-32.43,9,-14,-5
-32.43,9,-14,-5
-32.43,9,-14,-5
-32.43,9,-14,-5
-32.43,9,-14,-5
-32.43,9,-14,-5
-32.43,9,-14,-5
-32.43,8,-14,-4
-32.43,9,-14,-5
-32.43,9,-14,-5
-28.2,8,-20,-3
-28.2,8,-20,-3
-28.2,8,-20,-3
-28.2,8,-20,-3
-28.2,8,-20,-3
-28.2,8,-20,-3
-28.2,8,-20,-3
-28.2,8,-20,-3
-28.2,8,-20,-3
-28.2,8,-20,-3
-32.43,8,-14,-4
-32.43,8,-14,-4
-29.61,8,-18,-4
-29.61,8,-18,-4
-29.61,8,-18,-4
-32.43,8,-14,-4
-32.43,8,-14,-4
-32.43,8,-14,-4
-32.43,8,-14,-4
-32.43,8,-14,-4
-35.955,10,-9,-6
-35.955,10,-9,-6
-35.955,10,-9,-6
-35.955,10,-9,-6
-35.955,10,-9,-6
-35.955,10,-9,-6
-35.955,10,-9,-6
-35.955,10,-9,-6
-35.955,10,-9,-6
-35.955,10,-9,-6
-34.545,10,-11,-6
-33.84,9,-12,-6
-34.545,10,-11,-6
-34.545,10,-11,-6
-34.545,10,-11,-6
-34.545,10,-11,-6
-34.545,10,-11,-6
-34.545,10,-11,-6
-34.545,10,-11,-6
-34.545,10,-11,-6
-26.79,7,-22,-3
-29.61,7,-18,-3
-28.2,7,-20,-3
-28.2,7,-20,-3
-29.61,7,-18,-3
-28.2,7,-20,-3
-29.61,7,-18,-3
-26.79,7,-22,-3
-29.61,7,-18,-3
-29.61,7,-18,-3
-33.135,9,-13,-4
-33.135,9,-13,-4
-35.955,10,-9,-7
-33.135,9,-13,-4
-33.84,9,-12,-5
-33.135,9,-13,-4
-34.545,10,-11,-5
-35.955,10,-9,-7
-35.955,10,-9,-7
-33.84,9,-12,-5
-26.79,7,-22,-3
-31.725,9,-15,-5
-31.725,9,-15,-5
-31.725,10,-15,-5
-29.61,8,-18,-4
-29.61,8,-18,-4
-29.61,8,-18,-4
-29.61,8,-18,-4
-26.79,7,-22,-3
-31.725,10,-15,-5
-36.66,11,-8,-6
-34.545,11,-11,-6
-34.545,11,-11,-6
-36.66,11,-8,-6
-34.545,11,-11,-6
-36.66,11,-8,-6
-34.545,11,-11,-6
-34.545,11,-11,-6
-34.545,11,-11,-6
-36.66,11,-8,-6
-35.25,10,-10,-6
-35.955,10,-9,-6
-37.365,10,-7,-6
-35.955,10,-9,-6
-35.955,10,-9,-6
-37.365,10,-7,-6
-35.955,10,-9,-6
-35.955,10,-9,-6
-35.955,10,-9,-6
-35.25,10,-10,-6
-30.315,9,-17,-5
-30.315,9,-17,-5
-30.315,9,-17,-5
-31.725,9,-15,-6
-32.43,9,-14,-5
-30.315,9,-17,-5
-30.315,9,-17,-5
-29.61,8,-18,-5
-30.315,9,-17,-5
-30.315,9,-17,-5
-28.2,7,-20,-4
-29.61,8,-18,-5
-31.02,10,-16,-7
-29.61,8,-18,-5
-29.61,8,-18,-5
-31.02,10,-16,-7
-29.61,8,-18,-5
-28.2,7,-20,-4
-29.61,8,-18,-5
-29.61,8,-18,-5
-38.775,11,-5,-8
-38.775,11,-5,-8
-38.775,11,-5,-8
-38.775,11,-5,-8
-38.775,11,-5,-8
-38.07,11,-6,-9
-38.775,11,-5,-8
-38.775,11,-5,-8
-38.775,11,-5,-8
-38.775,11,-5,-8
-30.315,8,-17,-5
-31.02,9,-16,-5
-30.315,8,-17,-4
-30.315,8,-17,-4
-30.315,8,-17,-4
-30.315,8,-17,-4
-30.315,8,-17,-5
-30.315,8,-17,-4
-30.315,8,-17,-4
-30.315,8,-17,-4
-33.135,10,-13,-6
-32.43,11,-14,-7
-33.135,10,-13,-6
-31.02,12,-16,-8
-31.02,12,-16,-8
-32.43,11,-14,-7
-33.135,10,-13,-6
-31.02,12,-16,-8
-33.135,10,-13,-6
-33.135,10,-13,-6
-35.25,9,-10,-5
-35.25,9,-10,-5
-35.25,9,-10,-5
-35.25,9,-10,-5
-35.25,9,-10,-5
-35.25,9,-10,-5
-35.25,9,-10,-5
-35.25,9,-10,-5
-35.25,9,-10,-5
-35.25,9,-10,-5
-35.955,11,-9,-6
-35.955,11,-9,-6
-35.955,11,-9,-6
-35.955,11,-9,-6
-35.955,11,-9,-6
-35.955,11,-9,-6
-35.955,11,-9,-6
-35.955,11,-9,-6
-35.955,11,-9,-6
-35.955,11,-9,-6
-31.02,8,-16,-5
-31.02,8,-16,-5
-30.315,9,-17,-6
-31.02,8,-16,-5
-31.02,8,-16,-5
-31.02,8,-16,-5
-31.02,8,-16,-5
-31.02,8,-16,-5
-31.02,8,-16,-5
-31.02,8,-16,-5
-38.775,11,-5,-6
-38.775,11,-5,-6
-38.775,11,-5,-6
-38.775,11,-5,-6
-38.775,11,-5,-6
-38.775,11,-5,-6
-38.775,11,-5,-6
-38.775,11,-5,-6
-38.775,11,-5,-6
-38.775,11,-5,-6
-35.25,10,-10,-5
-35.25,10,-10,-5
-35.25,10,-10,-5
-35.25,10,-10,-5
-33.84,9,-12,-5
-35.25,10,-10,-5
-35.25,10,-10,-5
-35.25,10,-10,-5
-35.25,10,-10,-5
-35.25,10,-10,-5
-30.315,9,-17,-4
-30.315,9,-17,-4
-30.315,9,-17,-4
-29.61,8,-18,-4
-30.315,9,-17,-4
-30.315,9,-17,-4
-30.315,9,-17,-4
-30.315,9,-17,-4
-30.315,9,-17,-4
-30.315,9,-17,-4
-35.25,9,-10,-6
-35.25,9,-10,-6
-35.25,9,-10,-6
-35.955,9,-9,-5
-35.25,9,-10,-6
-35.25,9,-10,-6
-35.25,9,-10,-6
-35.25,9,-10,-6
-35.25,9,-10,-6
-35.25,9,-10,-6
-36.66,10,-8,-6
-36.66,10,-8,-6
-35.25,10,-10,-5
-35.25,10,-10,-5
-36.66,10,-8,-6
-35.25,10,-10,-5
-35.25,10,-10,-5
-35.25,10,-10,-5
-36.66,10,-8,-6
-36.66,10,-8,-6
-33.84,8,-12,-5
-33.84,8,-12,-5
-33.84,8,-12,-5
-33.84,8,-12,-5
-33.84,8,-12,-5
-33.84,8,-12,-5
-33.84,8,-12,-5
-33.84,8,-12,-5
-33.84,8,-12,-5
-33.84,8,-12,-5
-38.07,10,-6,-7
-38.07,10,-6,-7
-38.07,10,-6,-7
-38.07,10,-6,-7
-38.07,10,-6,-7
-38.07,10,-6,-7
-38.07,10,-6,-7
-38.07,10,-6,-7
-38.07,10,-6,-7
-38.07,10,-6,-6
-37.365,11,-7,-6
-37.365,11,-7,-6
-37.365,11,-7,-6
-36.66,11,-8,-7
-37.365,11,-7,-6
-36.66,11,-8,-7
-36.66,11,-8,-7
-36.66,11,-8,-7
-36.66,11,-8,-7
-37.365,11,-7,-6
-32.43,9,-14,-5
-32.43,9,-14,-5
-32.43,9,-14,-5
-32.43,9,-14,-4
-32.43,9,-14,-5
-32.43,9,-14,-5
-32.43,9,-14,-5
-32.43,9,-14,-5
-32.43,9,-14,-5
-32.43,9,-14,-5
-35.955,11,-9,-6
-35.955,11,-9,-6
-35.955,11,-9,-6
-35.955,11,-9,-6
-35.955,11,-9,-6
-35.955,11,-9,-6
-35.955,11,-9,-6
-35.955,11,-9,-6
-35.955,11,-9,-6
-35.955,11,-9,-6
-35.25,9,-10,-6
-35.25,9,-10,-6
-35.25,9,-10,-6
-35.25,9,-10,-6
-35.25,9,-10,-6
-35.25,9,-10,-6
-35.25,9,-10,-6
-35.25,9,-10,-6
-35.25,9,-10,-6
-35.25,9,-10,-6
-29.61,7,-18,-3
-29.61,7,-18,-3
-29.61,7,-18,-3
-29.61,7,-18,-3
-28.2,7,-20,-3
-29.61,7,-18,-3
-29.61,7,-18,-3
-29.61,7,-18,-3
-29.61,7,-18,-3
-29.61,7,-18,-3
-31.02,9,-16,-5
-31.02,9,-16,-5
-31.02,9,-16,-5
-31.02,9,-16,-5
-31.02,9,-16,-5
-31.02,9,-16,-5
-31.02,9,-16,-5
-31.02,9,-16,-5
-31.02,9,-16,-5
-31.02,9,-16,-5
-26.79,7,-22,-4
-29.61,7,-18,-3
-29.61,7,-18,-3
-29.61,7,-18,-3
-29.61,7,-18,-3
-26.79,7,-22,-4
-29.61,7,-18,-3
-29.61,7,-18,-3
-28.2,7,-20,-3
-29.61,7,-18,-3
-31.02,8,-16,-4
-31.02,8,-16,-4
-31.02,8,-16,-4
-31.02,8,-16,-4
-31.02,8,-16,-4
-31.02,8,-16,-4
-31.02,8,-16,-4
-31.02,8,-16,-4
-31.02,8,-16,-4
-31.02,8,-16,-4
-35.25,10,-10,-5
-35.25,10,-10,-5
-35.25,10,-10,-5
-35.25,10,-10,-5
-35.25,10,-10,-5
-35.25,10,-10,-5
-35.25,10,-10,-5
-35.25,10,-10,-5
-35.25,10,-10,-5
-35.25,10,-10,-5
-35.25,11,-10,-6
-35.25,11,-10,-6
-35.25,11,-10,-6
-35.25,11,-10,-6
-35.25,11,-10,-6
-35.25,11,-10,-6
-35.25,11,-10,-6
-35.25,11,-10,-6
-35.25,11,-10,-6
-35.25,11,-10,-6
-32.43,8,-14,-6
-32.43,8,-14,-4
-32.43,8,-14,-6
-32.43,8,-14,-6
-32.43,8,-14,-6
-32.43,8,-14,-6
-32.43,8,-14,-4
-32.43,8,-14,-4
-33.84,8,-12,-5
-32.43,8,-14,-6
-32.43,10,-14,-6
-32.43,10,-14,-6
-32.43,10,-14,-6
-32.43,10,-14,-6
-32.43,10,-14,-6
-32.43,10,-14,-6
-32.43,10,-14,-6
-32.43,10,-14,-6
-32.43,10,-14,-6
-32.43,10,-14,-6
-35.955,10,-9,-6
-35.955,10,-9,-6
-35.955,10,-9,-6
-35.955,10,-9,-6
-35.955,10,-9,-6
-35.955,10,-9,-6
-35.955,10,-9,-6
-35.955,10,-9,-6
-35.955,10,-9,-6
-35.955,10,-9,-6
-34.545,13,-11,-8
-34.545,12,-11,-7
-34.545,13,-11,-8
-36.66,12,-8,-7
-34.545,13,-11,-8
-34.545,13,-11,-8
-36.66,12,-8,-7
-36.66,12,-8,-7
-36.66,12,-8,-7
-36.66,12,-8,-7
-38.07,9,-6,-6
-38.07,9,-6,-6
-38.07,9,-6,-6
-38.07,9,-6,-6
-38.07,9,-6,-6
-38.07,9,-6,-6
-38.07,9,-6,-6
-38.07,9,-6,-6
-38.07,9,-6,-6
-38.07,9,-6,-6
-35.25,10,-10,-6
-35.25,10,-10,-6
-35.25,10,-10,-6
-35.25,10,-10,-6
-35.25,10,-10,-6
-36.66,11,-8,-7
-35.25,10,-10,-6
-35.25,10,-10,-6
-35.25,10,-10,-6
-35.25,10,-10,-6
-35.955,11,-9,-7
-35.955,10,-9,-6
-34.545,10,-11,-6
-35.955,11,-9,-7
-35.955,11,-9,-7
-35.955,11,-9,-7
-35.955,11,-9,-7
-35.955,10,-9,-6
-34.545,10,-11,-6
-35.955,10,-9,-6
-31.02,8,-16,-5
-29.61,7,-18,-3
-29.61,7,-18,-3
-29.61,7,-18,-3
-29.61,7,-18,-3
-31.02,8,-16,-5
-31.02,8,-16,-5
-29.61,7,-18,-3
-29.61,7,-18,-3
-29.61,7,-18,-3
-33.84,8,-12,-5
-33.84,8,-12,-5
-33.84,8,-12,-5
-33.84,8,-12,-5
-33.84,8,-12,-5
-33.84,8,-12,-5
-33.84,8,-12,-5
-33.84,8,-12,-5
-33.84,8,-12,-5
-33.84,8,-12,-5
-31.02,8,-16,-4
-29.61,7,-18,-4
-31.02,8,-16,-4
-31.02,8,-16,-4
-31.02,8,-16,-4
-31.02,8,-16,-4
-31.02,8,-16,-4
-31.02,8,-16,-4
-29.61,7,-18,-4
-31.02,8,-16,-3
-35.25,10,-10,-6
-35.25,10,-10,-6
-35.25,10,-10,-6
-35.25,10,-10,-6
-35.25,10,-10,-6
-35.25,10,-10,-6
-35.25,10,-10,-6
-35.25,10,-10,-6
-35.25,10,-10,-6
-35.25,10,-10,-6
-34.545,11,-11,-6
-34.545,11,-11,-6
-34.545,11,-11,-6
-34.545,11,-11,-6
-34.545,11,-11,-6
-34.545,11,-11,-6
-34.545,11,-11,-6
-34.545,11,-11,-6
-34.545,11,-11,-6
-34.545,11,-11,-6
-33.84,12,-12,-8
-33.84,12,-12,-8
-33.84,12,-12,-8
-33.84,12,-12,-8
-33.84,12,-12,-8
-33.84,12,-12,-8
-33.84,12,-12,-8
-33.84,12,-12,-8
-33.84,12,-12,-8
-33.84,12,-12,-8
-38.775,11,-5,-6
-38.775,11,-5,-6
-38.775,11,-5,-6
-38.775,11,-5,-6
-38.775,11,-5,-7
-37.365,11,-7,-6
-38.775,11,-5,-6
-37.365,11,-7,-6
-37.365,11,-7,-6
-38.775,11,-5,-6
-29.61,8,-18,-4
-29.61,8,-18,-4
-29.61,8,-18,-4
-29.61,8,-18,-4
-29.61,8,-18,-4
-29.61,8,-18,-4
-31.725,9,-15,-4
-30.315,8,-17,-3
-29.61,8,-18,-4
-30.315,8,-17,-3
-33.84,10,-12,-6
-33.84,10,-12,-6
-33.84,10,-12,-6
-33.84,10,-12,-6
-33.84,10,-12,-6
-33.84,10,-12,-6
-33.84,10,-12,-6
-33.84,10,-12,-6
-29.61,8,-18,-5
-33.84,10,-12,-6
-37.365,10,-7,-7
-37.365,10,-7,-7
-37.365,10,-7,-7
-37.365,10,-7,-7
-37.365,10,-7,-7
-37.365,10,-7,-7
-37.365,10,-7,-7
-37.365,10,-7,-7
-37.365,10,-7,-7
-37.365,10,-7,-7
-36.66,12,-8,-8
-37.365,12,-7,-8
-35.955,11,-9,-7
-37.365,13,-7,-9
-37.365,13,-7,-9
-35.25,12,-10,-8
-37.365,12,-7,-8
-35.955,12,-9,-7
-37.365,12,-7,-8
-37.365,12,-7,-7
-33.135,9,-13,-7
-33.135,9,-13,-7
-33.135,9,-13,-7
-33.135,9,-13,-7
-33.135,9,-13,-7
-33.135,9,-13,-7
-33.135,9,-13,-7
-33.135,9,-13,-7
-33.135,9,-13,-7
-33.135,9,-13,-7
-35.25,9,-10,-5
-36.66,9,-8,-4
-35.25,9,-10,-5
-35.25,9,-10,-5
-36.66,9,-8,-4
-36.66,9,-8,-4
-36.66,9,-8,-4
-35.25,9,-10,-5
-36.66,9,-8,-4
-36.66,9,-8,-4
-33.135,9,-13,-5
-33.135,9,-13,-5
-32.43,9,-14,-4
-32.43,9,-14,-4
-32.43,9,-14,-4
-32.43,9,-14,-4
-33.135,9,-13,-5
-33.135,9,-13,-5
-32.43,9,-14,-4
-32.43,9,-14,-4
-28.2,8,-20,-3
-26.79,7,-22,-4
-28.2,8,-20,-3
-26.79,7,-22,-4
-28.2,8,-20,-3
-28.2,8,-20,-3
-28.2,8,-20,-3
-29.61,8,-18,-4
-28.2,8,-20,-3
-26.79,7,-22,-4
-31.725,9,-15,-4
-29.61,7,-18,-4
-31.725,9,-15,-4
-31.725,9,-15,-4
-31.725,9,-15,-4
-31.725,9,-15,-4
-31.725,9,-15,-4
-31.725,9,-15,-4
-29.61,7,-18,-4
-29.61,7,-18,-4
-34.545,10,-11,-5
-34.545,10,-11,-5
-34.545,10,-11,-6
-34.545,10,-11,-5
-34.545,10,-11,-6
-34.545,10,-11,-5
-34.545,10,-11,-5
-33.84,10,-12,-6
-34.545,10,-11,-6
-34.545,10,-11,-6
-35.25,10,-10,-6
-36.66,10,-8,-5
-35.25,10,-10,-6
-35.25,10,-10,-6
-35.25,10,-10,-6
-35.25,10,-10,-6
-35.25,10,-10,-6
-35.25,10,-10,-6
-35.25,10,-10,-6
-35.25,10,-10,-6
-35.25,10,-10,-6
-36.66,10,-8,-6
-35.25,10,-10,-6
-35.25,10,-10,-6
-35.25,10,-10,-6
-35.955,11,-9,-7
-35.25,10,-10,-6
-34.545,10,-11,-5
-35.25,10,-10,-6
-35.955,11,-9,-7
-38.775,11,-5,-7
-38.775,11,-5,-7
-38.775,11,-5,-7
-38.775,11,-5,-7
-38.775,11,-5,-7
-38.775,11,-5,-7
-38.775,11,-5,-7
-38.775,11,-5,-7
-38.775,11,-5,-7
-38.775,11,-5,-7
-38.07,10,-6,-6
-38.07,11,-6,-7
-38.07,11,-6,-7
-38.07,11,-6,-7
-38.07,11,-6,-7
-38.07,11,-6,-7
-38.07,11,-6,-7
-38.07,11,-6,-7
-38.07,11,-6,-7
-38.07,11,-6,-7
-28.2,7,-20,-4
-28.905,8,-19,-5
-31.02,8,-16,-5
-28.905,8,-19,-5
-28.905,8,-19,-5
-31.02,8,-16,-5
-28.905,8,-19,-5
-28.905,8,-19,-5
-30.315,8,-17,-5
-28.905,8,-19,-5
-33.135,9,-13,-5
-33.135,9,-13,-5
-31.725,8,-15,-4
-31.725,8,-15,-4
-31.02,8,-16,-3
-31.02,8,-16,-3
-31.02,8,-16,-3
-31.02,8,-16,-3
-31.725,8,-15,-4
-31.02,8,-16,-3
-29.61,8,-18,-4
-31.02,8,-16,-4
-31.02,8,-16,-4
-29.61,8,-18,-4
-31.02,8,-16,-4
-31.02,8,-16,-4
-31.02,8,-16,-4
-31.02,8,-16,-4
-29.61,8,-18,-4
-31.02,8,-16,-4
-35.955,11,-9,-7
-37.365,12,-7,-7
-37.365,12,-7,-7
-35.955,11,-9,-7
-37.365,12,-7,-7
-37.365,12,-7,-7
-37.365,12,-7,-7
-37.365,12,-7,-7
-37.365,12,-7,-7
-37.365,12,-7,-7
-36.66,11,-8,-7
-32.43,10,-14,-6
-36.66,11,-8,-7
-32.43,10,-14,-6
-36.66,11,-8,-7
-34.545,11,-11,-7
-34.545,10,-11,-5
-34.545,11,-11,-7
-36.66,11,-8,-7
-34.545,11,-11,-7
-36.66,11,-8,-6
-36.66,11,-8,-6
-36.66,11,-8,-6
-36.66,11,-8,-6
-36.66,11,-8,-6
-36.66,11,-8,-6
-36.66,11,-8,-6
-36.66,11,-8,-6
-36.66,11,-8,-6
-36.66,11,-8,-6
-29.61,7,-18,-3
-32.43,8,-14,-4
-32.43,8,-14,-4
-32.43,8,-14,-4
-32.43,8,-14,-4
-32.43,8,-14,-4
-32.43,8,-14,-4
-29.61,7,-18,-3
-32.43,8,-14,-4
-32.43,8,-14,-4
-33.84,12,-12,-8
-33.84,12,-12,-8
-29.61,10,-18,-6
-33.84,12,-12,-8
-29.61,10,-18,-6
-33.84,12,-12,-8
-29.61,10,-18,-6
-33.84,12,-12,-8
-33.84,12,-12,-8
-29.61,10,-18,-6
-38.07,11,-6,-6
-38.07,11,-6,-6
-38.07,11,-6,-6
-38.07,11,-6,-6
-38.07,11,-6,-6
-38.07,11,-6,-6
-38.07,11,-6,-6
-38.07,11,-6,-6
-38.07,11,-6,-6
-38.07,11,-6,-6
