-45.25,10,-10,-4
-45.25,10,-10,-4
-45.25,10,-10,-4
-44.345,9,-11,-2
-45.25,10,-10,-4
-45.25,10,-10,-4
-45.25,10,-10,-4
-45.25,10,-10,-4
-45.25,10,-10,-4
-45.25,10,-10,-4
-46.155,10,-9,-4
-47.965,11,-7,-4
-49.775,12,-5,-5
-49.775,12,-5,-5
-47.965,11,-7,-4
-46.155,10,-9,-4
-47.965,11,-7,-4
-49.775,12,-5,-5
-47.965,11,-7,-4
-47.965,11,-7,-4
-48.87,10,-6,-1
-48.87,10,-6,-1
-47.965,12,-7,-3
-47.965,12,-7,-3
-48.87,10,-6,-1
-48.87,10,-6,-1
-48.87,10,-6,-1
-47.965,10,-7,-1
-48.87,10,-6,-1
-48.87,10,-6,-1
-43.44,10,-12,-3
-44.345,11,-11,-4
-43.44,10,-12,-3
-44.345,11,-11,-4
-44.345,11,-11,-4
-44.345,11,-11,-4
-48.87,12,-6,-5
-44.345,11,-11,-4
-48.87,12,-6,-5
-44.345,11,-11,-4
-41.63,11,-14,-4
-38.915,9,-17,-1
-38.915,9,-17,-2
-38.915,9,-17,-1
-38.915,9,-17,-1
-38.915,9,-17,-2
-43.44,11,-12,-4
-43.44,11,-12,-4
-46.155,11,-9,-5
-38.915,9,-17,-2
-42.535,11,-13,-5
-40.725,8,-15,-3
-41.63,10,-14,-4
-40.725,8,-15,-3
-40.725,8,-15,-3
-40.725,8,-15,-3
-42.535,10,-13,-5
-42.535,10,-13,-5
-43.44,11,-12,-5
-42.535,10,-13,-5
-48.87,11,-6,-2
-47.06,11,-8,-3
-48.87,11,-6,-2
-48.87,11,-6,-2
-48.87,11,-6,-2
-47.06,11,-8,-3
-47.06,11,-8,-3
-48.87,11,-6,-2
-47.06,11,-8,-3
-48.87,11,-6,-2
-54.3,13,0,-6
-51.585,12,-3,-4
-54.3,13,0,-6
-54.3,13,0,-6
-51.585,12,-3,-4
-51.585,12,-3,-4
-46.155,12,-9,-4
-51.585,12,-3,-4
-51.585,12,-3,-4
-51.585,12,-3,-4
-54.3,13,0,-4
-54.3,13,0,-4
-54.3,13,0,-4
-54.3,13,0,-4
-54.3,13,0,-4
-54.3,13,0,-4
-54.3,13,0,-4
-54.3,13,0,-4
-54.3,13,0,-4
-54.3,13,0,-4
-48.87,11,-6,-2
-48.87,11,-6,-2
-48.87,11,-6,-2
-48.87,11,-6,-2
-48.87,11,-6,-2
-48.87,11,-6,-2
-48.87,11,-6,-2
-48.87,11,-6,-2
-48.87,11,-6,-2
-46.155,10,-9,-3
-44.345,10,-11,-4
-44.345,10,-11,-4
-47.965,10,-7,-4
-43.44,10,-12,-4
-47.965,10,-7,-4
-43.44,10,-12,-4
-47.965,10,-7,-2
-47.965,10,-7,-2
-44.345,10,-11,-4
-43.44,9,-12,-3
-53.395,12,-1,-5
-53.395,12,-1,-5
-53.395,12,-1,-5
-53.395,12,-1,-5
-50.68,13,-4,-6
-53.395,12,-1,-5
-53.395,12,-1,-5
-53.395,12,-1,-5
-53.395,12,-1,-5
-53.395,12,-1,-5
-53.395,12,-1,-4
-53.395,12,-1,-4
-53.395,12,-1,-4
-53.395,12,-1,-3
-53.395,12,-1,-4
-53.395,12,-1,-4
-53.395,12,-1,-3
-53.395,12,-1,-4
-53.395,12,-1,-3
-53.395,12,-1,-4
-49.775,10,-5,-2
-47.06,10,-8,-1
-49.775,10,-5,-2
-49.775,10,-5,-2
-47.06,10,-8,-1
-49.775,10,-5,-2
-49.775,10,-5,-2
-49.775,10,-5,-2
-49.775,10,-5,-2
-49.775,10,-5,-2
-47.06,10,-8,-2
-47.06,10,-8,-2
-47.06,10,-8,-2
-47.06,10,-8,-2
-47.06,10,-8,-2
-47.06,10,-8,-2
-47.06,10,-8,-2
-47.06,10,-8,-2
-44.345,10,-11,-2
-47.06,10,-8,-2
-39.82,10,-16,-2
-39.82,10,-16,-2
-39.82,10,-16,-2
-38.915,9,-17,-2
-39.82,10,-16,-2
-39.82,10,-16,-2
-38.915,9,-17,-2
-38.915,9,-17,-2
-38.915,9,-17,-2
-38.915,9,-17,-2
-47.06,11,-8,-5
-47.06,11,-8,-5
-47.06,11,-8,-5
-47.06,11,-8,-4
-47.06,11,-8,-5
-47.965,11,-7,-4
-47.06,11,-8,-4
-47.06,11,-8,-5
-47.06,11,-8,-5
-47.965,11,-7,-4
-47.06,11,-8,-3
-43.44,9,-12,-2
-47.06,11,-8,-3
-43.44,11,-12,-5
-43.44,11,-12,-5
-43.44,9,-12,-2
-43.44,11,-12,-5
-41.63,10,-14,-4
-43.44,11,-12,-5
-47.06,11,-8,-3
-52.49,12,-2,-4
-52.49,12,-2,-4
-52.49,12,-2,-4
-52.49,12,-2,-4
-53.395,12,-1,-4
-53.395,12,-1,-4
-53.395,12,-1,-4
-51.585,12,-3,-5
-53.395,12,-1,-4
-53.395,12,-1,-4
-42.535,10,-13,-2
-38.01,9,-18,-1
-38.01,9,-18,-3
-42.535,10,-13,-2
-38.01,9,-18,-1
-38.01,9,-18,-1
-43.44,10,-12,-3
-38.01,9,-18,-1
-40.725,10,-15,-3
-43.44,10,-12,-3
-47.06,10,-8,-1
-47.965,11,-7,-5
-46.155,10,-9,-1
-47.06,10,-8,-1
-47.06,10,-8,-1
-47.965,11,-7,-5
-47.965,11,-7,-5
-47.06,10,-8,-1
-47.06,10,-8,-1
-47.06,10,-8,-1
-45.25,10,-10,-2
-45.25,11,-10,-2
-47.06,11,-8,-3
-47.06,11,-8,-3
-45.25,11,-10,-2
-45.25,11,-10,-2
-47.06,11,-8,-3
-45.25,11,-10,-2
-45.25,10,-10,-2
-47.06,11,-8,-3
-47.965,11,-7,-5
-42.535,10,-13,-3
-47.06,12,-8,-5
-47.06,12,-8,-5
-47.06,12,-8,-5
-47.965,11,-7,-5
-47.965,11,-7,-4
-47.965,11,-7,-5
-46.155,11,-9,-3
-47.965,11,-7,-5
-43.44,9,-12,-1
-43.44,9,-12,-1
-43.44,9,-12,-1
-43.44,9,-12,-1
-43.44,9,-12,-1
-43.44,9,-12,-1
-43.44,9,-12,-1
-44.345,9,-11,-1
-44.345,9,-11,-1
-43.44,9,-12,-1
-49.775,13,-5,-5
-49.775,13,-5,-5
-49.775,13,-5,-5
-51.585,13,-3,-3
-49.775,13,-5,-5
-52.49,14,-2,-7
-49.775,13,-5,-5
-52.49,14,-2,-7
-49.775,13,-5,-5
-52.49,14,-2,-7
-46.155,11,-9,-2
-46.155,11,-9,-2
-46.155,11,-9,-2
-46.155,11,-9,-2
-46.155,11,-9,-2
-46.155,11,-9,-2
-47.965,11,-7,-3
-46.155,11,-9,-2
-47.965,11,-7,-3
-47.965,11,-7,-3
-47.06,11,-8,-4
-49.775,11,-5,-3
-51.585,12,-3,-5
-51.585,12,-3,-5
-49.775,11,-5,-3
-47.06,11,-8,-4
-51.585,12,-3,-5
-49.775,11,-5,-3
-47.06,11,-8,-4
-51.585,12,-3,-5
-50.68,11,-4,-2
-50.68,11,-4,-3
-50.68,11,-4,-2
-46.155,10,-9,0
-46.155,10,-9,0
-50.68,11,-4,-2
-46.155,10,-9,0
-50.68,11,-4,-2
-50.68,11,-4,-2
-50.68,11,-4,-2
-44.345,9,-11,-2
-47.06,11,-8,-4
-48.87,11,-6,-3
-44.345,9,-11,-2
-47.06,11,-8,-4
-38.915,9,-17,-1
-47.06,11,-8,-3
-47.06,11,-8,-4
-40.725,9,-15,-3
-44.345,9,-11,-2
-46.155,10,-9,-1
-47.965,13,-7,-4
-46.155,10,-9,-1
-46.155,10,-9,-1
-46.155,10,-9,-1
-47.06,12,-8,-2
-46.155,10,-9,-1
-47.06,12,-8,-2
-46.155,10,-9,-1
-47.965,13,-7,-4
-42.535,10,-13,-3
-44.345,10,-11,-3
-42.535,10,-13,-3
-42.535,10,-13,-3
-42.535,10,-13,-3
-42.535,10,-13,-3
-44.345,10,-11,-3
-42.535,10,-13,-3
-42.535,10,-13,-3
-44.345,9,-11,-3
-47.06,12,-8,-4
-43.44,11,-12,-4
-47.965,12,-7,-5
-42.535,10,-13,-4
-42.535,10,-13,-4
-42.535,10,-13,-4
-43.44,11,-12,-4
-47.06,12,-8,-5
-44.345,11,-11,-4
-47.06,12,-8,-5
-38.915,9,-17,-2
-38.915,9,-17,-2
-38.01,9,-18,-2
-39.82,9,-16,-3
-38.01,8,-18,-3
-38.915,9,-17,-2
-38.915,9,-17,-2
-38.915,9,-17,-2
-38.915,9,-17,-2
-38.915,9,-17,-2
-54.3,12,0,-3
-54.3,12,0,-3
-54.3,12,0,-3
-54.3,12,0,-3
-50.68,11,-4,-2
-50.68,11,-4,-2
-54.3,12,0,-3
-54.3,12,0,-3
-54.3,12,0,-3
-54.3,12,0,-5
-44.345,9,-11,-3
-46.155,10,-9,-1
-46.155,10,-9,-1
-43.44,9,-12,-3
-43.44,9,-12,-3
-43.44,9,-12,-3
-46.155,10,-9,-1
-43.44,9,-12,-3
-46.155,10,-9,-1
-46.155,10,-9,-1
-49.775,12,-5,-3
-48.87,12,-6,-4
-49.775,12,-5,-3
-48.87,12,-6,-4
-49.775,12,-5,-3
-48.87,12,-6,-4
-49.775,12,-5,-3
-49.775,12,-5,-3
-49.775,12,-5,-3
-48.87,12,-6,-4
-50.68,11,-4,-2
-50.68,12,-4,-4
-50.68,11,-4,-2
-49.775,12,-5,-3
-51.585,12,-3,-3
-50.68,12,-4,-4
-51.585,12,-3,-3
-47.06,10,-8,-2
-52.49,12,-2,-6
-52.49,12,-2,-6
-49.775,10,-5,-2
-49.775,10,-5,-2
-49.775,10,-5,-2
-49.775,10,-5,-2
-49.775,10,-5,-2
-49.775,10,-5,-2
-49.775,10,-5,-2
-49.775,10,-5,-2
-49.775,10,-5,-2
-49.775,10,-5,-2
-43.44,10,-12,-4
-41.63,11,-14,-4
-44.345,11,-11,-3
-43.44,10,-12,-2
-44.345,11,-11,-3
-39.82,10,-16,-2
-39.82,10,-16,-2
-44.345,11,-11,-3
-44.345,11,-11,-3
-41.63,11,-14,-4
-44.345,10,-11,-2
-44.345,10,-11,-2
-44.345,10,-11,-1
-44.345,10,-11,-1
-44.345,10,-11,-1
-44.345,10,-11,-2
-44.345,10,-11,-1
-44.345,10,-11,-2
-44.345,10,-11,-2
-42.535,10,-13,-1
-45.25,11,-10,-2
-45.25,11,-10,-2
-45.25,11,-10,-3
-45.25,11,-10,-2
-46.155,11,-9,-3
-46.155,11,-9,-3
-50.68,12,-4,-5
-44.345,10,-11,-3
-47.965,13,-7,-4
-45.25,11,-10,-2
-47.965,11,-7,-5
-47.965,11,-7,-5
-47.965,11,-7,-5
-47.965,11,-7,-5
-47.965,11,-7,-4
-47.965,11,-7,-5
-47.965,11,-7,-4
-47.965,11,-7,-4
-47.965,11,-7,-5
-47.965,11,-7,-5
-44.345,9,-11,0
-44.345,9,-11,0
-44.345,9,-11,0
-44.345,9,-11,0
-44.345,9,-11,0
-44.345,9,-11,0
-44.345,9,-11,0
-44.345,9,-11,0
-44.345,9,-11,0
-44.345,9,-11,0
-42.535,10,-13,-4
-42.535,10,-13,-4
-42.535,10,-13,-4
-43.44,10,-12,-5
-43.44,10,-12,-5
-42.535,10,-13,-4
-42.535,10,-13,-4
-42.535,10,-13,-4
-42.535,10,-13,-4
-42.535,10,-13,-4
-47.965,12,-7,-4
-47.965,11,-7,-3
-47.965,12,-7,-3
-47.965,11,-7,-3
-47.965,11,-7,-3
-47.965,12,-7,-3
-47.965,12,-7,-3
-47.965,12,-7,-3
-47.965,12,-7,-3
-47.965,11,-7,-3
-45.25,9,-10,-1
-45.25,9,-10,-2
-45.25,9,-10,-2
-45.25,9,-10,-1
-45.25,9,-10,-2
-45.25,9,-10,-1
-45.25,9,-10,-1
-45.25,9,-10,-2
-45.25,9,-10,-2
-45.25,9,-10,-1
-46.155,10,-9,-2
-46.155,10,-9,-2
-46.155,10,-9,-2
-45.25,9,-10,-2
-46.155,10,-9,-2
-46.155,10,-9,-2
-46.155,10,-9,-2
-46.155,10,-9,-2
-46.155,10,-9,-2
-46.155,10,-9,-2
-52.49,13,-2,-5
-52.49,13,-2,-5
-52.49,13,-2,-5
-52.49,13,-2,-5
-52.49,13,-2,-5
-52.49,13,-2,-5
-52.49,13,-2,-5
-52.49,13,-2,-5
-52.49,13,-2,-5
-52.49,13,-2,-5
-38.915,9,-17,-3
-38.915,9,-17,-3
-39.82,9,-16,-1
-39.82,9,-16,-1
-38.915,9,-17,-3
-38.915,9,-17,-3
-38.915,9,-17,-3
-38.915,9,-17,-3
-38.915,9,-17,-3
-39.82,9,-16,-1
-47.06,10,-8,-3
-47.06,10,-8,-3
-46.155,10,-9,-2
-47.06,10,-8,-2
-47.06,10,-8,-3
-47.06,10,-8,-2
-46.155,10,-9,-2
-47.06,10,-8,-2
-47.965,10,-7,-4
-47.06,10,-8,-3
-51.585,12,-3,-2
-50.68,12,-4,-3
-50.68,12,-4,-3
-51.585,12,-3,-2
-50.68,12,-4,-3
-51.585,12,-3,-2
-51.585,12,-3,-1
-51.585,12,-3,-2
-50.68,12,-4,-3
-50.68,12,-4,-3
-43.44,10,-12,-3
-46.155,11,-9,-2
-43.44,10,-12,-3
-43.44,10,-12,-3
-48.87,12,-6,-3
-45.25,11,-10,-2
-43.44,10,-12,-3
-45.25,11,-10,-2
-43.44,10,-12,-3
-43.44,10,-12,-3
-47.06,11,-8,-2
-44.345,10,-11,-2
-45.25,10,-10,-2
-44.345,10,-11,-2
-44.345,10,-11,-2
-44.345,10,-11,-2
-44.345,10,-11,-2
-44.345,10,-11,-2
-44.345,10,-11,-2
-44.345,10,-11,-2
-45.25,10,-10,-2
-45.25,10,-10,-2
-45.25,10,-10,-2
-45.25,10,-10,-2
-45.25,10,-10,-2
-45.25,10,-10,-2
-45.25,10,-10,-2
-45.25,10,-10,-2
-45.25,11,-10,-2
-45.25,10,-10,-2
-41.63,9,-14,-3
-41.63,9,-14,-3
-41.63,9,-14,-3
-41.63,9,-14,-3
-41.63,9,-14,-3
-39.82,8,-16,-1
-41.63,9,-14,-3
-41.63,9,-14,-3
-41.63,9,-14,-3
-38.01,7,-18,0
-50.68,12,-4,-2
-50.68,13,-4,-4
-50.68,12,-4,-2
-50.68,12,-4,-2
-48.87,14,-6,-5
-48.87,13,-6,-3
-48.87,13,-6,-3
-50.68,12,-4,-2
-50.68,12,-4,-2
-50.68,12,-4,-2
-47.06,11,-8,-2
-47.06,11,-8,-2
-47.06,11,-8,-2
-47.06,11,-8,-2
-47.06,11,-8,-2
-47.06,11,-8,-2
-47.06,11,-8,-2
-47.06,11,-8,-2
-47.06,11,-8,-2
-47.06,11,-8,-2
-50.68,12,-4,-5
-50.68,12,-4,-5
-50.68,12,-4,-5
-50.68,12,-4,-5
-50.68,12,-4,-5
-50.68,12,-4,-5
-50.68,12,-4,-5
-50.68,12,-4,-5
-50.68,12,-4,-5
-50.68,12,-4,-5
-53.395,13,-1,-4
-52.49,13,-2,-5
-53.395,13,-1,-4
-52.49,13,-2,-4
-52.49,13,-2,-4
-52.49,13,-2,-4
-52.49,13,-2,-5
-52.49,13,-2,-4
-52.49,13,-2,-4
-52.49,13,-2,-4
-51.585,13,-3,-5
-51.585,13,-3,-5
-51.585,13,-3,-5
-51.585,13,-3,-5
-51.585,13,-3,-5
-51.585,13,-3,-5
-51.585,13,-3,-5
-51.585,13,-3,-5
-51.585,13,-3,-5
-51.585,13,-3,-5
-42.535,9,-13,-2
-43.44,9,-12,-1
-43.44,9,-12,-1
-43.44,9,-12,-1
-43.44,9,-12,-1
-43.44,9,-12,-1
-43.44,9,-12,-1
-43.44,9,-12,-1
-43.44,9,-12,-1
-43.44,9,-12,-1
-42.535,11,-13,-3
-42.535,11,-13,-3
-38.01,9,-18,0
-42.535,11,-13,-3
-44.345,11,-11,-2
-46.155,11,-9,-2
-46.155,11,-9,-2
-41.63,10,-14,-1
-48.87,11,-6,-4
-48.87,11,-6,-4
-49.775,12,-5,-5
-45.25,10,-10,-2
-47.06,10,-8,-3
-47.06,10,-8,-1
-45.25,10,-10,-2
-47.06,10,-8,-1
-49.775,12,-5,-5
-49.775,12,-5,-5
-47.06,10,-8,-1
-47.965,11,-7,-3
-44.345,10,-11,-3
-44.345,10,-11,-3
-36.2,8,-20,-2
-43.44,10,-12,-5
-44.345,10,-11,-3
-38.01,8,-18,-2
-39.82,8,-16,-2
-44.345,10,-11,-3
-42.535,10,-13,-2
-42.535,10,-13,-3
-52.49,12,-2,-4
-52.49,12,-2,-4
-52.49,12,-2,-4
-52.49,12,-2,-4
-53.395,12,-1,-5
-52.49,12,-2,-4
-52.49,12,-2,-4
-52.49,12,-2,-4
-52.49,12,-2,-4
-52.49,12,-2,-4
-49.775,12,-5,-5
-51.585,13,-3,-5
-48.87,12,-6,-4
-49.775,12,-5,-5
-49.775,12,-5,-5
-48.87,11,-6,-4
-51.585,13,-3,-5
-51.585,13,-3,-5
-49.775,12,-5,-5
-49.775,12,-5,-5
-47.965,11,-7,-1
-46.155,11,-9,-1
-46.155,11,-9,-1
-46.155,11,-9,-1
-46.155,11,-9,-1
-46.155,11,-9,-1
-46.155,11,-9,-1
-46.155,11,-9,-1
-46.155,11,-9,-1
-46.155,11,-9,-1
-44.345,10,-11,-1
-44.345,10,-11,-1
-44.345,10,-11,-1
-42.535,9,-13,-2
-44.345,10,-11,-1
-44.345,10,-11,-1
-41.63,9,-14,-2
-44.345,10,-11,-1
-45.25,11,-10,-2
-41.63,9,-14,-2
-48.87,10,-6,-3
-48.87,10,-6,-2
-48.87,10,-6,-2
-48.87,10,-6,-2
-49.775,12,-5,-2
-48.87,10,-6,-3
-48.87,10,-6,-2
-48.87,10,-6,-3
-48.87,10,-6,-3
-49.775,12,-5,-3
-51.585,12,-3,-4
-51.585,12,-3,-5
-51.585,12,-3,-5
-49.775,13,-5,-4
-51.585,12,-3,-5
-45.25,11,-10,-3
-51.585,12,-3,-5
-51.585,12,-3,-5
-51.585,12,-3,-4
-51.585,12,-3,-4
-47.965,10,-7,-2
-47.965,10,-7,-2
-47.965,10,-7,-2
-47.965,10,-7,-2
-47.965,10,-7,-2
-47.965,10,-7,-2
-47.965,10,-7,-2
-47.965,10,-7,-2
-47.965,10,-7,-2
-47.965,10,-7,-2
-51.585,12,-3,-2
-52.49,12,-2,-4
-51.585,12,-3,-2
-52.49,12,-2,-2
-51.585,12,-3,-2
-52.49,12,-2,-4
-51.585,12,-3,-2
-52.49,12,-2,-2
-52.49,12,-2,-2
-52.49,12,-2,-4
-46.155,11,-9,-4
-46.155,11,-9,-4
-46.155,11,-9,-4
-43.44,10,-12,-1
-47.965,11,-7,-3
-47.06,11,-8,-3
-46.155,11,-9,-4
-47.06,11,-8,-3
-46.155,11,-9,-4
-43.44,10,-12,-1
-47.06,12,-8,-5
-47.06,12,-8,-5
-47.06,12,-8,-5
-47.06,12,-8,-5
-47.06,12,-8,-5
-47.06,12,-8,-5
-47.06,12,-8,-5
-47.06,12,-8,-5
-44.345,11,-11,-3
-47.06,12,-8,-5
-44.345,9,-11,-1
-42.535,9,-13,-2
-44.345,9,-11,-1
-44.345,9,-11,-1
-42.535,9,-13,-2
-44.345,9,-11,-1
-44.345,9,-11,-1
-44.345,9,-11,-1
-44.345,9,-11,-1
-44.345,9,-11,-1
-43.44,10,-12,-2
-46.155,10,-9,-4
-47.965,10,-7,-4
-43.44,10,-12,-4
-46.155,11,-9,-4
-43.44,10,-12,-1
-46.155,10,-9,-4
-46.155,11,-9,-4
-43.44,10,-12,-4
-46.155,11,-9,-4
-48.87,11,-6,-3
-48.87,11,-6,-3
-48.87,11,-6,-3
-48.87,11,-6,-3
-48.87,11,-6,-3
-48.87,11,-6,-3
-48.87,11,-6,-3
-48.87,11,-6,-3
-48.87,11,-6,-3
-48.87,11,-6,-3
-42.535,10,-13,-4
-43.44,9,-12,0
-43.44,9,-12,0
-43.44,10,-12,-3
-43.44,9,-12,0
-47.06,11,-8,-6
-43.44,9,-12,0
-43.44,9,-12,0
-47.06,11,-8,-5
-42.535,10,-13,-4
-49.775,10,-5,0
-49.775,10,-5,0
-49.775,10,-5,0
-45.25,9,-10,-1
-47.06,11,-8,-5
-45.25,9,-10,-1
-47.06,11,-8,-5
-45.25,9,-10,-1
-45.25,10,-10,-3
-49.775,10,-5,0
-49.775,11,-5,-3
-49.775,11,-5,-3
-49.775,11,-5,-3
-49.775,11,-5,-3
-49.775,11,-5,-3
-49.775,11,-5,-3
-49.775,11,-5,-3
-49.775,11,-5,-3
-49.775,11,-5,-3
-49.775,11,-5,-3
-49.775,11,-5,-5
-49.775,11,-5,-5
-49.775,11,-5,-5
-49.775,11,-5,-5
-49.775,11,-5,-5
-49.775,11,-5,-5
-47.965,12,-7,-4
-49.775,11,-5,-5
-49.775,11,-5,-5
-49.775,11,-5,-5
-47.06,10,-8,-2
-47.06,10,-8,-2
-47.06,10,-8,-2
-46.155,10,-9,-2
-47.06,10,-8,-1
-47.06,10,-8,-2
-46.155,10,-9,-2
-47.06,10,-8,-2
-46.155,10,-9,-2
-46.155,10,-9,-3
-50.68,13,-4,-5
-49.775,11,-5,-5
-49.775,11,-5,-5
-50.68,13,-4,-5
-50.68,13,-4,-5
-50.68,13,-4,-5
-49.775,11,-5,-5
-49.775,12,-5,-4
-49.775,11,-5,-5
-49.775,11,-5,-5
-47.06,11,-8,-2
-47.06,11,-8,-2
-47.06,11,-8,-2
-47.06,11,-8,-2
-47.06,11,-8,-2
-47.06,11,-8,-2
-50.68,13,-4,-5
-47.06,11,-8,-2
-47.06,11,-8,-2
-50.68,13,-4,-5
-50.68,11,-4,-4
-49.775,11,-5,-3
-50.68,11,-4,-4
-50.68,11,-4,-4
-50.68,11,-4,-4
-49.775,11,-5,-3
-50.68,11,-4,-4
-50.68,11,-4,-4
-50.68,11,-4,-4
-50.68,11,-4,-4
-44.345,10,-11,-3
-44.345,10,-11,-3
-45.25,10,-10,-3
-45.25,10,-10,-3
-45.25,10,-10,-4
-45.25,10,-10,-3
-45.25,10,-10,-3
-45.25,10,-10,-3
-44.345,10,-11,-4
-45.25,10,-10,-3
-51.585,12,-3,-4
-49.775,12,-5,-5
-51.585,13,-3,-5
-51.585,12,-3,-4
-51.585,12,-3,-4
-47.06,12,-8,-4
-47.965,12,-7,-3
-51.585,13,-3,-6
-51.585,12,-3,-4
-47.965,12,-7,-3
-49.775,12,-5,-6
-52.49,12,-2,-4
-52.49,12,-2,-4
-46.155,11,-9,-3
-52.49,12,-2,-4
-47.06,12,-8,-4
-52.49,12,-2,-4
-51.585,12,-3,-5
-52.49,13,-2,-6
-52.49,12,-2,-4
-44.345,9,-11,-3
-44.345,9,-11,-3
-41.63,8,-14,-2
-41.63,8,-14,-2
-41.63,8,-14,-2
-44.345,9,-11,-3
-44.345,9,-11,-3
-44.345,9,-11,-3
-44.345,9,-11,-3
-41.63,8,-14,-2
-47.965,11,-7,-1
-47.06,11,-8,-1
-47.06,11,-8,0
-47.06,11,-8,0
-47.06,11,-8,0
-47.965,11,-7,-1
-47.06,11,-8,0
-47.965,11,-7,-1
-47.06,11,-8,-1
-47.965,11,-7,-1
-49.775,12,-5,-3
-49.775,12,-5,-3
-51.585,12,-3,-4
-51.585,12,-3,-3
-51.585,12,-3,-4
-51.585,12,-3,-4
-50.68,12,-4,-3
-51.585,12,-3,-4
-49.775,12,-5,-3
-51.585,12,-3,-4
-47.965,11,-7,-2
-47.965,12,-7,-6
-47.965,12,-7,-6
-47.965,12,-7,-6
-47.965,11,-7,-2
-47.965,11,-7,-2
-47.965,11,-7,-2
-47.965,11,-7,-2
-46.155,11,-9,-4
-47.965,11,-7,-2
-41.63,10,-14,-3
-40.725,10,-15,-4
-41.63,10,-14,-4
-41.63,10,-14,-4
-41.63,10,-14,-4
-39.82,9,-16,-3
-41.63,10,-14,-4
-40.725,10,-15,-4
-41.63,10,-14,-4
-40.725,10,-15,-4
-49.775,12,-5,-5
-47.06,12,-8,-4
-47.06,12,-8,-4
-44.345,11,-11,-3
-49.775,12,-5,-5
-48.87,12,-6,-4
-49.775,12,-5,-5
-49.775,12,-5,-5
-49.775,12,-5,-5
-47.06,12,-8,-4
-43.44,9,-12,-1
-43.44,9,-12,-4
-44.345,10,-11,-3
-43.44,9,-12,-4
-43.44,9,-12,-4
-43.44,9,-12,-1
-43.44,9,-12,-1
-45.25,10,-10,-3
-43.44,9,-12,-1
-43.44,9,-12,-4
-48.87,11,-6,-2
-48.87,11,-6,-2
-48.87,11,-6,-2
-48.87,11,-6,-2
-48.87,11,-6,-2
-45.25,10,-10,-3
-45.25,10,-10,-3
-45.25,10,-10,-3
-48.87,11,-6,-2
-48.87,11,-6,-2
-47.06,10,-8,-3
-47.06,10,-8,-3
-49.775,10,-5,-4
-47.06,10,-8,-3
-48.87,11,-6,-4
-45.25,9,-10,-2
-47.06,10,-8,-3
-45.25,10,-10,-3
-45.25,10,-10,-3
-47.06,10,-8,-3
-49.775,12,-5,-4
-50.68,12,-4,-4
-49.775,12,-5,-4
-50.68,11,-4,-2
-50.68,12,-4,-4
-52.49,12,-2,-3
-50.68,12,-4,-4
-50.68,12,-4,-4
-49.775,12,-5,-4
-50.68,12,-4,-4
-52.49,12,-2,-3
-52.49,12,-2,-3
-52.49,12,-2,-3
-50.68,13,-4,-4
-51.585,12,-3,-3
-51.585,12,-3,-3
-51.585,12,-3,-3
-51.585,12,-3,-3
-51.585,12,-3,-3
-51.585,12,-3,-3
-43.44,10,-12,-3
-43.44,10,-12,-3
-43.44,10,-12,-3
-43.44,10,-12,-3
-43.44,10,-12,-3
-43.44,10,-12,-3
-43.44,10,-12,-3
-43.44,10,-12,-3
-43.44,10,-12,-3
-43.44,10,-12,-3
