-46.155,10,-9,-3
-45.25,10,-10,-1
-46.155,10,-9,-3
-46.155,10,-9,-2
-45.25,10,-10,-4
-46.155,10,-9,-3
-46.155,10,-9,-3
-44.345,9,-11,-3
-44.345,9,-11,-3
-44.345,9,-11,-2
-52.49,13,-2,-5
-50.68,12,-4,-5
-44.345,10,-11,-3
-52.49,13,-2,-5
-48.87,12,-6,-5
-45.25,10,-10,-4
-52.49,13,-2,-5
-45.25,10,-10,-4
-47.06,10,-8,-3
-52.49,13,-2,-5
-48.87,10,-6,-1
-48.87,10,-6,-1
-48.87,10,-6,-1
-47.06,11,-8,-3
-48.87,10,-6,-1
-48.87,10,-6,-1
-50.68,11,-4,-2
-48.87,10,-6,-1
-47.965,10,-7,-1
-48.87,10,-6,-1
-43.44,10,-12,-3
-45.25,11,-10,-5
-43.44,10,-12,-3
-45.25,11,-10,-4
-47.965,12,-7,-7
-47.06,12,-8,-6
-44.345,11,-11,-4
-46.155,11,-9,-5
-44.345,11,-11,-4
-47.06,11,-8,-4
-44.345,10,-11,-3
-43.44,11,-12,-4
-44.345,10,-11,-2
-38.01,8,-18,-1
-45.25,10,-10,-2
-42.535,12,-13,-3
-38.915,8,-17,-2
-42.535,10,-13,-2
-40.725,10,-15,-4
-38.915,9,-17,-2
-44.345,11,-11,-5
-43.44,9,-12,-4
-40.725,10,-15,-4
-41.63,10,-14,-4
-41.63,9,-14,-3
-41.63,9,-14,-3
-37.105,8,-19,-3
-42.535,10,-13,-5
-40.725,8,-15,-3
-41.63,10,-14,-3
-48.87,11,-6,-2
-47.06,10,-8,-2
-48.87,11,-6,-2
-48.87,11,-6,-2
-48.87,11,-6,-2
-47.06,11,-8,-4
-47.06,10,-8,-3
-48.87,11,-6,-2
-47.06,11,-8,-3
-46.155,10,-9,-1
-51.585,12,-3,-4
-50.68,12,-4,-5
-51.585,13,-3,-6
-53.395,13,-1,-7
-48.87,11,-6,-5
-46.155,11,-9,-4
-50.68,12,-4,-5
-51.585,12,-3,-4
-47.06,11,-8,-3
-52.49,13,-2,-6
-51.585,12,-3,-3
-49.775,12,-5,-3
-48.87,11,-6,-4
-53.395,13,-1,-6
-54.3,13,0,-4
-53.395,13,-1,-5
-53.395,13,-1,-6
-53.395,13,-1,-6
-54.3,13,0,-3
-54.3,13,0,-4
-47.965,10,-7,-2
-48.87,11,-6,-2
-50.68,11,-4,-2
-50.68,11,-4,-2
-47.965,11,-7,-4
-47.965,10,-7,-2
-48.87,11,-6,-2
-50.68,11,-4,-2
-50.68,11,-4,-2
-46.155,10,-9,-3
-43.44,9,-12,-2
-47.965,10,-7,-2
-45.25,11,-10,-4
-43.44,9,-12,-3
-43.44,9,-12,-3
-44.345,10,-11,-3
-44.345,9,-11,-3
-47.965,10,-7,-2
-44.345,9,-11,-3
-47.965,10,-7,-4
-51.585,13,-3,-7
-53.395,12,-1,-5
-48.87,13,-6,-5
-51.585,12,-3,-3
-51.585,11,-3,-4
-53.395,12,-1,-5
-51.585,12,-3,-4
-53.395,12,-1,-5
-50.68,13,-4,-6
-53.395,12,-1,-5
-53.395,12,-1,-4
-53.395,12,-1,-3
-47.06,11,-8,-3
-54.3,12,0,-2
-54.3,12,0,-3
-53.395,12,-1,-4
-51.585,12,-3,-4
-53.395,12,-1,-3
-53.395,12,-1,-4
-53.395,12,-1,-3
-50.68,12,-4,-4
-46.155,11,-9,-3
-50.68,12,-4,-4
-48.87,12,-6,-3
-47.06,11,-8,-3
-47.965,10,-7,-1
-50.68,12,-4,-4
-49.775,10,-5,-2
-47.06,10,-8,-1
-49.775,11,-5,-3
-47.06,10,-8,-2
-44.345,10,-11,-2
-47.06,10,-8,-2
-50.68,11,-4,-4
-47.06,10,-8,-2
-47.06,10,-8,-2
-47.06,10,-8,-2
-47.06,10,-8,-2
-47.06,10,-8,-2
-47.06,10,-8,-2
-42.535,10,-13,-3
-40.725,9,-15,-4
-42.535,10,-13,-3
-39.82,9,-16,-3
-42.535,10,-13,-2
-43.44,11,-12,-4
-41.63,10,-14,-3
-39.82,8,-16,-3
-38.01,8,-18,-2
-39.82,8,-16,-3
-46.155,11,-9,-4
-46.155,11,-9,-4
-47.06,11,-8,-4
-47.06,10,-8,-4
-46.155,11,-9,-4
-47.06,11,-8,-5
-47.06,11,-8,-3
-46.155,11,-9,-4
-46.155,11,-9,-4
-47.06,11,-8,-4
-43.44,11,-12,-4
-42.535,11,-13,-4
-47.06,11,-8,-2
-47.06,11,-8,-3
-45.25,11,-10,-3
-46.155,12,-9,-4
-43.44,9,-12,-2
-44.345,10,-11,-3
-43.44,10,-12,-1
-44.345,11,-11,-3
-48.87,12,-6,-4
-49.775,12,-5,-4
-53.395,12,-1,-5
-51.585,12,-3,-4
-53.395,12,-1,-5
-51.585,12,-3,-4
-48.87,11,-6,-3
-52.49,12,-2,-5
-53.395,12,-1,-4
-49.775,12,-5,-3
-41.63,9,-14,-1
-42.535,10,-13,-1
-41.63,9,-14,-1
-42.535,10,-13,-1
-39.82,10,-16,-3
-38.01,9,-18,-3
-42.535,10,-13,-2
-42.535,10,-13,-2
-41.63,9,-14,-1
-39.82,10,-16,-1
-47.06,10,-8,-5
-48.87,10,-6,-2
-51.585,12,-3,-4
-52.49,12,-2,-4
-48.87,11,-6,-5
-47.06,10,-8,-1
-49.775,11,-5,-5
-48.87,11,-6,-4
-46.155,10,-9,-1
-47.06,10,-8,-3
-45.25,10,-10,-2
-43.44,10,-12,-2
-46.155,11,-9,-3
-46.155,10,-9,-1
-44.345,10,-11,-2
-43.44,10,-12,-2
-44.345,11,-11,-2
-47.06,11,-8,-3
-43.44,10,-12,-2
-43.44,10,-12,-2
-46.155,10,-9,-4
-46.155,10,-9,-4
-46.155,10,-9,-3
-46.155,10,-9,-3
-44.345,10,-11,-2
-46.155,10,-9,-3
-44.345,10,-11,-2
-46.155,10,-9,-4
-45.25,9,-10,-3
-46.155,10,-9,-3
-43.44,9,-12,-1
-44.345,9,-11,-1
-44.345,9,-11,-1
-42.535,8,-13,-1
-43.44,9,-12,-1
-43.44,9,-12,-1
-45.25,10,-10,-1
-43.44,9,-12,-1
-45.25,10,-10,-1
-44.345,9,-11,-1
-50.68,13,-4,-4
-48.87,12,-6,-3
-51.585,13,-3,-3
-46.155,11,-9,-4
-49.775,12,-5,-4
-51.585,12,-3,-4
-51.585,13,-3,-3
-47.965,12,-7,-5
-51.585,13,-3,-3
-49.775,13,-5,-4
-44.345,10,-11,-1
-47.06,10,-8,-1
-47.965,11,-7,-3
-46.155,11,-9,-2
-45.25,10,-10,-1
-44.345,10,-11,-1
-45.25,10,-10,0
-46.155,10,-9,-2
-45.25,11,-10,-2
-47.965,11,-7,-3
-46.155,10,-9,-3
-47.06,11,-8,-4
-46.155,10,-9,-3
-51.585,12,-3,-5
-46.155,10,-9,-3
-49.775,11,-5,-4
-46.155,10,-9,-3
-49.775,11,-5,-4
-46.155,10,-9,-3
-51.585,12,-3,-5
-50.68,11,-4,-2
-50.68,11,-4,-2
-48.87,11,-6,-1
-49.775,11,-5,-2
-51.585,12,-3,-1
-45.25,9,-10,0
-50.68,11,-4,-3
-49.775,11,-5,-1
-52.49,12,-2,-4
-49.775,11,-5,-2
-45.25,9,-10,-2
-41.63,10,-14,-2
-45.25,9,-10,-2
-47.06,11,-8,-3
-39.82,10,-16,-3
-46.155,11,-9,-4
-38.915,9,-17,-2
-44.345,9,-11,-2
-47.06,11,-8,-4
-45.25,9,-10,-2
-48.87,11,-6,-2
-46.155,10,-9,-1
-46.155,10,-9,-1
-49.775,13,-5,-4
-44.345,11,-11,-3
-46.155,10,-9,-1
-46.155,10,-9,-1
-46.155,10,-9,-1
-46.155,10,-9,-1
-44.345,9,-11,-2
-43.44,9,-12,-3
-39.82,8,-16,-3
-41.63,9,-14,-3
-41.63,9,-14,-3
-41.63,9,-14,-3
-41.63,9,-14,-3
-41.63,9,-14,-3
-42.535,10,-13,-3
-39.82,8,-16,-3
-41.63,9,-14,-3
-48.87,11,-6,-4
-42.535,10,-13,-4
-42.535,10,-13,-4
-44.345,9,-11,-4
-47.06,10,-8,-5
-43.44,11,-12,-4
-47.965,11,-7,-6
-45.25,10,-10,-3
-47.06,10,-8,-5
-45.25,11,-10,-5
-39.82,9,-16,-3
-36.2,9,-20,-2
-39.82,9,-16,-3
-39.82,9,-16,-3
-38.01,8,-18,-3
-36.2,8,-20,-2
-38.01,8,-18,-3
-38.01,9,-18,-3
-39.82,9,-16,-4
-36.2,8,-20,-1
-47.965,10,-7,-3
-54.3,12,0,-4
-47.965,10,-7,-3
-54.3,12,0,-3
-54.3,12,0,-4
-48.87,11,-6,-4
-54.3,12,0,-4
-53.395,12,-1,-5
-54.3,12,0,-4
-54.3,12,0,-4
-46.155,10,-9,-1
-44.345,9,-11,-3
-43.44,9,-12,-3
-45.25,10,-10,-3
-42.535,9,-13,-2
-45.25,10,-10,-1
-44.345,10,-11,-3
-44.345,9,-11,-1
-44.345,10,-11,-3
-44.345,9,-11,-1
-48.87,11,-6,-2
-49.775,12,-5,-3
-48.87,11,-6,-2
-48.87,11,-6,-2
-48.87,11,-6,-2
-48.87,11,-6,-2
-48.87,11,-6,-2
-47.965,11,-7,-3
-48.87,12,-6,-4
-49.775,12,-5,-3
-49.775,11,-5,-3
-51.585,12,-3,-5
-48.87,10,-6,-3
-52.49,11,-2,-3
-51.585,12,-3,-3
-52.49,11,-2,-3
-46.155,9,-9,0
-49.775,11,-5,-4
-50.68,11,-4,-2
-51.585,11,-3,-3
-49.775,10,-5,-2
-48.87,10,-6,-2
-48.87,10,-6,-2
-49.775,10,-5,-2
-49.775,10,-5,-2
-49.775,10,-5,-2
-44.345,9,-11,-4
-49.775,10,-5,-2
-49.775,10,-5,-2
-49.775,10,-5,-2
-43.44,10,-12,-3
-43.44,10,-12,-2
-39.82,10,-16,-3
-39.82,10,-16,-3
-39.82,10,-16,-3
-40.725,11,-15,-4
-44.345,11,-11,-3
-43.44,10,-12,-3
-39.82,10,-16,-3
-40.725,10,-15,-4
-44.345,10,-11,-2
-41.63,9,-14,0
-41.63,9,-14,-1
-44.345,10,-11,-2
-44.345,10,-11,-1
-43.44,11,-12,-4
-44.345,10,-11,-2
-43.44,9,-12,0
-44.345,10,-11,-2
-45.25,10,-10,-1
-50.68,12,-4,-5
-45.25,11,-10,-4
-47.06,12,-8,-3
-47.06,12,-8,-3
-47.06,12,-8,-3
-46.155,11,-9,-3
-45.25,11,-10,-4
-45.25,11,-10,-2
-47.965,13,-7,-4
-45.25,11,-10,-4
-47.965,11,-7,-4
-47.965,11,-7,-5
-47.965,11,-7,-4
-46.155,10,-9,-1
-46.155,10,-9,-1
-47.965,11,-7,-4
-47.965,11,-7,-4
-47.06,11,-8,-5
-47.965,11,-7,-5
-47.965,11,-7,-4
-44.345,9,-11,0
-46.155,9,-9,0
-44.345,9,-11,0
-44.345,9,-11,0
-44.345,9,-11,0
-44.345,9,-11,0
-44.345,9,-11,0
-46.155,9,-9,0
-44.345,9,-11,0
-44.345,9,-11,0
-42.535,9,-13,-3
-40.725,9,-15,-2
-39.82,8,-16,-2
-40.725,9,-15,-2
-40.725,9,-15,-1
-41.63,9,-14,-4
-40.725,9,-15,-1
-42.535,10,-13,-4
-40.725,9,-15,-2
-40.725,9,-15,-2
-47.965,11,-7,-2
-47.965,11,-7,-3
-47.06,12,-8,-3
-47.965,11,-7,-3
-47.965,11,-7,-4
-47.965,11,-7,-4
-47.06,12,-8,-3
-47.06,12,-8,-3
-47.965,12,-7,-3
-47.965,11,-7,-5
-45.25,9,-10,-2
-45.25,9,-10,-2
-45.25,9,-10,-1
-47.965,11,-7,-4
-45.25,9,-10,-2
-45.25,9,-10,-2
-45.25,9,-10,-1
-45.25,9,-10,-1
-46.155,10,-9,-3
-45.25,10,-10,-4
-46.155,10,-9,-2
-46.155,10,-9,-2
-44.345,10,-11,-2
-46.155,10,-9,-2
-46.155,9,-9,-2
-46.155,10,-9,-2
-45.25,9,-10,-2
-46.155,10,-9,-2
-46.155,10,-9,-2
-46.155,9,-9,-2
-52.49,13,-2,-5
-52.49,13,-2,-5
-52.49,13,-2,-5
-52.49,13,-2,-5
-52.49,13,-2,-5
-52.49,14,-2,-7
-52.49,13,-2,-5
-49.775,12,-5,-4
-52.49,13,-2,-5
-52.49,13,-2,-5
-39.82,9,-16,0
-38.915,9,-17,-3
-39.82,9,-16,-1
-39.82,9,-16,-3
-39.82,9,-16,-2
-38.915,9,-17,-3
-38.915,9,-17,0
-38.915,9,-17,-2
-39.82,10,-16,-3
-38.915,9,-17,0
-46.155,10,-9,-2
-46.155,10,-9,-3
-46.155,10,-9,-3
-46.155,10,-9,-2
-43.44,9,-12,-2
-47.06,10,-8,-3
-47.06,11,-8,-3
-46.155,10,-9,-2
-47.965,10,-7,-4
-46.155,10,-9,-2
-47.06,10,-8,-1
-51.585,12,-3,-1
-50.68,12,-4,-4
-51.585,12,-3,-3
-51.585,12,-3,-1
-50.68,12,-4,-4
-50.68,12,-4,-3
-50.68,11,-4,-1
-47.06,10,-8,-1
-50.68,12,-4,-3
-46.155,11,-9,-3
-43.44,10,-12,-3
-47.06,11,-8,-4
-46.155,11,-9,-3
-39.82,9,-16,-3
-46.155,11,-9,-3
-42.535,10,-13,-3
-43.44,10,-12,-3
-43.44,10,-12,-3
-43.44,10,-12,-3
-45.25,10,-10,-2
-45.25,11,-10,-2
-42.535,10,-13,-1
-43.44,10,-12,-2
-42.535,10,-13,-1
-44.345,10,-11,-2
-44.345,10,-11,-2
-44.345,11,-11,-1
-44.345,10,-11,-2
-44.345,10,-11,-3
-44.345,10,-11,-2
-45.25,10,-10,-2
-43.44,9,-12,-2
-43.44,10,-12,-2
-45.25,10,-10,-2
-46.155,10,-9,-3
-44.345,10,-11,-3
-42.535,10,-13,-1
-42.535,10,-13,-1
-43.44,10,-12,-3
-39.82,8,-16,-1
-38.01,8,-18,-2
-39.82,8,-16,0
-39.82,8,-16,-1
-41.63,9,-14,-3
-39.82,9,-16,-3
-39.82,8,-16,-1
-41.63,9,-14,-3
-41.63,9,-14,-3
-41.63,9,-14,-3
-50.68,13,-4,-6
-50.68,12,-4,-2
-47.06,13,-8,-6
-50.68,12,-4,-2
-50.68,12,-4,-2
-50.68,13,-4,-4
-50.68,13,-4,-4
-50.68,12,-4,-2
-47.06,13,-8,-3
-49.775,12,-5,-3
-47.06,11,-8,-2
-47.06,11,-8,-2
-46.155,10,-9,-2
-47.965,12,-7,-4
-47.06,11,-8,-4
-44.345,10,-11,-2
-48.87,12,-6,-3
-47.06,11,-8,-2
-47.06,11,-8,-2
-47.06,11,-8,-4
-49.775,12,-5,-3
-48.87,11,-6,-3
-48.87,11,-6,-3
-48.87,11,-6,-3
-49.775,12,-5,-3
-53.395,13,-1,-4
-49.775,11,-5,-5
-51.585,12,-3,-3
-48.87,11,-6,-4
-49.775,12,-5,-4
-53.395,13,-1,-4
-53.395,13,-1,-4
-52.49,13,-2,-4
-52.49,13,-2,-5
-53.395,13,-1,-4
-52.49,13,-2,-5
-52.49,13,-2,-3
-51.585,12,-3,-4
-51.585,13,-3,-4
-53.395,13,-1,-4
-47.06,11,-8,-3
-51.585,14,-3,-6
-49.775,13,-5,-6
-51.585,13,-3,-6
-51.585,13,-3,-6
-50.68,12,-4,-4
-47.965,12,-7,-4
-51.585,13,-3,-5
-47.965,12,-7,-4
-51.585,14,-3,-6
-42.535,9,-13,-2
-43.44,9,-12,-1
-43.44,9,-12,-1
-42.535,8,-13,0
-43.44,9,-12,-1
-42.535,9,-13,-2
-42.535,9,-13,-2
-42.535,9,-13,-2
-43.44,9,-12,-1
-42.535,9,-13,-2
-46.155,11,-9,-2
-41.63,10,-14,-4
-42.535,10,-13,-3
-39.82,9,-16,-1
-40.725,9,-15,-1
-44.345,11,-11,-3
-43.44,11,-12,-2
-41.63,10,-14,-1
-36.2,8,-20,0
-41.63,10,-14,-1
-47.06,10,-8,-3
-47.06,11,-8,-3
-53.395,13,-1,-6
-47.06,10,-8,-1
-44.345,9,-11,-1
-51.585,13,-3,-6
-47.965,11,-7,-3
-49.775,12,-5,-6
-50.68,13,-4,-6
-48.87,12,-6,-5
-38.915,9,-17,-2
-41.63,10,-14,-1
-37.105,9,-19,-2
-38.01,8,-18,-2
-39.82,8,-16,-2
-41.63,10,-14,-2
-43.44,10,-12,-2
-40.725,9,-15,-1
-40.725,9,-15,0
-38.915,8,-17,0
-51.585,12,-3,-4
-50.68,11,-4,-2
-51.585,12,-3,-4
-51.585,12,-3,-4
-52.49,12,-2,-4
-51.585,12,-3,-4
-51.585,12,-3,-4
-50.68,11,-4,-2
-53.395,12,-1,-5
-51.585,12,-3,-4
-49.775,12,-5,-5
-49.775,12,-5,-5
-49.775,12,-5,-5
-49.775,12,-5,-5
-49.775,12,-5,-5
-49.775,12,-5,-5
-49.775,12,-5,-5
-47.965,12,-7,-5
-49.775,12,-5,-5
-49.775,12,-5,-5
-48.87,11,-6,-1
-47.06,11,-8,0
-45.25,10,-10,-1
-46.155,11,-9,-1
-46.155,9,-9,-1
-44.345,9,-11,-1
-45.25,10,-10,-1
-48.87,11,-6,-1
-45.25,10,-10,-1
-45.25,10,-10,-1
-42.535,10,-13,-4
-40.725,9,-15,-2
-43.44,9,-12,-2
-47.06,10,-8,-2
-46.155,10,-9,-3
-46.155,10,-9,-2
-44.345,10,-11,-1
-44.345,10,-11,-2
-44.345,10,-11,-1
-45.25,10,-10,-1
-48.87,10,-6,-3
-48.87,12,-6,-4
-48.87,10,-6,-2
-48.87,10,-6,-3
-48.87,10,-6,-2
-48.87,10,-6,-2
-47.965,10,-7,-2
-49.775,12,-5,-3
-50.68,12,-4,-3
-48.87,10,-6,-2
-49.775,12,-5,-3
-51.585,12,-3,-4
-47.06,11,-8,-3
-49.775,13,-5,-5
-51.585,12,-3,-4
-51.585,12,-3,-5
-45.25,11,-10,-3
-46.155,11,-9,-1
-51.585,12,-3,-5
-51.585,12,-3,-5
-43.44,10,-12,-3
-47.965,10,-7,-2
-47.965,10,-7,-2
-47.965,10,-7,-2
-47.965,10,-7,-2
-47.06,10,-8,-3
-47.965,10,-7,-2
-47.965,10,-7,-2
-50.68,11,-4,-3
-47.965,10,-7,-2
-48.87,11,-6,-1
-51.585,11,-3,-3
-52.49,12,-2,-4
-49.775,12,-5,-1
-52.49,12,-2,-2
-48.87,11,-6,-1
-50.68,12,-4,-1
-49.775,11,-5,0
-52.49,12,-2,-4
-47.965,11,-7,-3
-44.345,11,-11,-4
-45.25,10,-10,-2
-47.965,10,-7,-3
-47.965,10,-7,-3
-47.965,10,-7,-3
-47.965,10,-7,-3
-47.965,10,-7,-3
-42.535,10,-13,-2
-45.25,10,-10,-2
-48.87,10,-6,-3
-47.06,12,-8,-5
-46.155,11,-9,-4
-45.25,10,-10,-3
-45.25,12,-10,-4
-47.06,12,-8,-5
-45.25,12,-10,-4
-45.25,12,-10,-4
-46.155,11,-9,-4
-46.155,11,-9,-4
-47.06,12,-8,-5
-41.63,9,-14,-1
-44.345,9,-11,-1
-43.44,8,-12,-1
-44.345,9,-11,-1
-43.44,8,-12,-1
-41.63,9,-14,-2
-41.63,10,-14,-3
-43.44,8,-12,-1
-42.535,9,-13,-2
-40.725,9,-15,-2
-45.25,10,-10,-4
-45.25,10,-10,-4
-47.965,10,-7,-4
-47.965,10,-7,-4
-42.535,10,-13,-2
-45.25,10,-10,-4
-43.44,10,-12,-1
-47.965,10,-7,-4
-43.44,9,-12,-1
-41.63,8,-14,0
-52.49,12,-2,-3
-51.585,11,-3,-6
-49.775,12,-5,-3
-51.585,12,-3,-4
-52.49,12,-2,-4
-51.585,11,-3,-5
-52.49,12,-2,-4
-52.49,12,-2,-4
-51.585,11,-3,-5
-51.585,11,-3,-5
-42.535,9,-13,0
-46.155,10,-9,-5
-41.63,9,-14,-1
-43.44,9,-12,0
-45.25,10,-10,-2
-40.725,9,-15,-3
-43.44,9,-12,0
-47.06,11,-8,-3
-44.345,9,-11,-1
-42.535,10,-13,-5
-45.25,9,-10,-1
-44.345,9,-11,-1
-45.25,9,-10,-1
-48.87,10,-6,-1
-47.965,11,-7,-1
-40.725,9,-15,-1
-47.06,10,-8,-2
-45.25,9,-10,-1
-47.965,11,-7,0
-44.345,9,-11,-1
-49.775,11,-5,-3
-49.775,11,-5,-3
-47.965,11,-7,-3
-49.775,11,-5,-3
-48.87,11,-6,-3
-49.775,11,-5,-3
-46.155,11,-9,-3
-49.775,11,-5,-3
-48.87,11,-6,-3
-49.775,11,-5,-3
-48.87,11,-6,-4
-48.87,11,-6,-4
-49.775,11,-5,-5
-49.775,11,-5,-5
-49.775,11,-5,-5
-47.965,11,-7,-3
-48.87,11,-6,-4
-48.87,11,-6,-4
-49.775,11,-5,-5
-49.775,11,-5,-5
-46.155,10,-9,-2
-47.06,10,-8,-1
-48.87,11,-6,-4
-47.06,10,-8,-1
-48.87,11,-6,-4
-46.155,10,-9,-3
-48.87,11,-6,-4
-46.155,10,-9,-3
-48.87,11,-6,-2
-47.965,10,-7,-2
-48.87,11,-6,-2
-47.06,12,-8,-4
-49.775,12,-5,-4
-47.965,11,-7,-2
-49.775,11,-5,-5
-49.775,11,-5,-5
-49.775,11,-5,-5
-47.06,12,-8,-4
-47.06,12,-8,-4
-47.06,12,-8,-4
-47.965,11,-7,-2
-47.06,10,-8,-1
-51.585,13,-3,-6
-45.25,10,-10,-1
-47.06,11,-8,-1
-47.06,10,-8,-1
-47.965,11,-7,-2
-49.775,13,-5,-4
-48.87,12,-6,-3
-50.68,13,-4,-5
-50.68,11,-4,-2
-50.68,11,-4,-4
-50.68,11,-4,-2
-47.965,12,-7,-5
-49.775,11,-5,-3
-50.68,11,-4,-4
-51.585,11,-3,-4
-50.68,11,-4,-4
-48.87,10,-6,-4
-51.585,12,-3,-3
-46.155,11,-9,-5
-45.25,10,-10,-4
-45.25,10,-10,-3
-47.06,11,-8,-3
-44.345,10,-11,-4
-45.25,10,-10,-4
-44.345,10,-11,-3
-44.345,10,-11,-3
-45.25,10,-10,-4
-44.345,10,-11,-4
-51.585,12,-3,-3
-51.585,12,-3,-4
-51.585,12,-3,-3
-47.965,12,-7,-4
-44.345,10,-11,-1
-51.585,12,-3,-4
-51.585,12,-3,-4
-46.155,12,-9,-3
-52.49,13,-2,-5
-45.25,12,-10,-3
-49.775,12,-5,-6
-52.49,12,-2,-4
-50.68,12,-4,-4
-50.68,13,-4,-6
-46.155,11,-9,-3
-53.395,13,-1,-7
-52.49,12,-2,-4
-48.87,13,-6,-6
-51.585,13,-3,-6
-47.965,12,-7,-5
-44.345,9,-11,-3
-41.63,8,-14,-2
-44.345,9,-11,-3
-38.915,8,-17,-4
-46.155,11,-9,-3
-41.63,8,-14,-2
-41.63,8,-14,-2
-41.63,8,-14,-2
-41.63,9,-14,-5
-41.63,8,-14,-2
-46.155,11,-9,-1
-47.06,11,-8,-1
-43.44,11,-12,-4
-47.06,11,-8,0
-47.06,10,-8,-2
-47.06,11,-8,-1
-47.965,11,-7,-2
-46.155,11,-9,-1
-47.965,11,-7,-2
-48.87,11,-6,-2
-49.775,12,-5,-3
-49.775,12,-5,-3
-51.585,12,-3,-3
-48.87,12,-6,-2
-49.775,12,-5,-3
-47.965,12,-7,-3
-50.68,12,-4,-3
-47.965,11,-7,-3
-50.68,12,-4,-4
-47.965,11,-7,-3
-48.87,11,-6,-2
-43.44,10,-12,-4
-45.25,11,-10,-2
-48.87,11,-6,-2
-48.87,12,-6,-4
-47.965,11,-7,-2
-44.345,10,-11,-3
-46.155,11,-9,-3
-48.87,11,-6,-3
-47.06,11,-8,-3
-42.535,11,-13,-4
-41.63,10,-14,-4
-41.63,10,-14,-3
-40.725,9,-15,-2
-41.63,10,-14,-4
-41.63,10,-14,-4
-41.63,10,-14,-3
-40.725,10,-15,-4
-41.63,10,-14,-3
-40.725,10,-15,-4
-47.06,11,-8,-4
-40.725,9,-15,-1
-46.155,11,-9,-3
-47.06,12,-8,-4
-46.155,11,-9,-4
-51.585,14,-3,-8
-47.965,13,-7,-6
-44.345,11,-11,-3
-47.06,12,-8,-4
-46.155,11,-9,-3
-43.44,9,-12,-2
-46.155,10,-9,-3
-43.44,9,-12,-2
-39.82,9,-16,-2
-43.44,9,-12,-4
-43.44,9,-12,-4
-39.82,8,-16,-1
-43.44,9,-12,-4
-43.44,9,-12,-1
-43.44,9,-12,-4
-47.965,10,-7,-1
-45.25,9,-10,-2
-48.87,11,-6,-2
-44.345,9,-11,-2
-48.87,11,-6,-2
-48.87,11,-6,-2
-45.25,9,-10,-2
-47.965,10,-7,-1
-48.87,11,-6,-2
-48.87,11,-6,-2
-45.25,9,-10,-2
-49.775,11,-5,-3
-45.25,9,-10,-2
-46.155,10,-9,-3
-48.87,11,-6,-4
-46.155,10,-9,-4
-48.87,11,-6,-4
-47.965,11,-7,-3
-52.49,11,-2,-4
-46.155,10,-9,-3
-51.585,13,-3,-4
-49.775,12,-5,-3
-49.775,13,-5,-5
-50.68,11,-4,-2
-47.06,10,-8,-1
-49.775,12,-5,-2
-50.68,12,-4,-4
-49.775,11,-5,-2
-50.68,12,-4,-3
-48.87,12,-6,-4
-51.585,12,-3,-3
-51.585,12,-3,-3
-51.585,12,-3,-3
-51.585,12,-3,-3
-51.585,12,-3,-3
-51.585,12,-3,-3
-51.585,12,-3,-3
-51.585,12,-3,-3
-48.87,12,-6,-4
-51.585,12,-3,-3
-43.44,10,-12,-3
-43.44,10,-12,-3
-44.345,10,-11,-2
-45.25,10,-10,-2
-43.44,10,-12,-3
-44.345,10,-11,-1
-38.915,9,-17,-2
-43.44,10,-12,-3
-44.345,10,-11,-2
-44.345,10,-11,-2
