-42.535,11,-13,-5
-42.535,11,-13,-5
-42.535,11,-13,-5
-42.535,11,-13,-5
-42.535,11,-13,-5
-42.535,11,-13,-5
-42.535,11,-13,-5
-42.535,11,-13,-5
-42.535,11,-13,-5
-42.535,11,-13,-5
-40.725,9,-15,-3
-40.725,9,-15,-3
-40.725,9,-15,-3
-40.725,9,-15,-3
-40.725,9,-15,-3
-40.725,9,-15,-3
-37.105,8,-19,-2
-40.725,9,-15,-3
-42.535,10,-13,-5
-40.725,9,-15,-3
-36.2,8,-20,-4
-36.2,8,-20,-4
-33.485,8,-23,-4
-34.39,9,-22,-4
-34.39,9,-22,-4
-36.2,8,-20,-4
-34.39,9,-22,-4
-36.2,8,-20,-3
-36.2,8,-20,-3
-36.2,8,-20,-3
-39.82,9,-16,-4
-43.44,11,-12,-5
-40.725,10,-15,-4
-43.44,11,-12,-5
-39.82,9,-16,-4
-43.44,11,-12,-5
-40.725,10,-15,-4
-43.44,11,-12,-5
-39.82,9,-16,-4
-39.82,9,-16,-4
-34.39,10,-22,-5
-38.01,9,-18,-5
-38.01,9,-18,-5
-38.01,9,-18,-5
-38.01,9,-18,-5
-37.105,10,-19,-5
-35.295,10,-21,-5
-38.01,10,-18,-6
-37.105,10,-19,-5
-35.295,10,-21,-5
-34.39,7,-22,-3
-32.58,7,-24,-3
-30.77,6,-26,-2
-30.77,6,-26,-3
-30.77,6,-26,-3
-34.39,7,-22,-3
-34.39,7,-22,-3
-32.58,6,-24,-2
-34.39,7,-22,-3
-30.77,6,-26,-2
-42.535,12,-13,-7
-42.535,12,-13,-7
-44.345,12,-11,-7
-42.535,12,-13,-7
-44.345,12,-11,-7
-39.82,11,-16,-6
-38.915,10,-17,-6
-38.915,10,-17,-6
-38.915,10,-17,-6
-38.915,10,-17,-6
-36.2,8,-20,-3
-36.2,9,-20,-4
-36.2,8,-20,-3
-36.2,8,-20,-3
-36.2,8,-20,-3
-36.2,8,-20,-3
-36.2,8,-20,-3
-36.2,8,-20,-3
-36.2,9,-20,-4
-36.2,8,-20,-3
-41.63,10,-14,-4
-45.25,11,-10,-6
-45.25,11,-10,-6
-41.63,10,-14,-4
-41.63,10,-14,-4
-45.25,11,-10,-6
-41.63,10,-14,-4
-45.25,11,-10,-6
-41.63,10,-14,-4
-45.25,11,-10,-6
-41.63,10,-14,-7
-43.44,10,-12,-6
-43.44,10,-12,-5
-43.44,10,-12,-6
-43.44,10,-12,-6
-38.01,9,-18,-4
-41.63,10,-14,-6
-43.44,10,-12,-6
-43.44,10,-12,-5
-42.535,11,-13,-5
-45.25,10,-10,-5
-45.25,10,-10,-5
-45.25,10,-10,-5
-45.25,10,-10,-5
-45.25,10,-10,-5
-45.25,10,-10,-5
-45.25,10,-10,-5
-45.25,10,-10,-5
-45.25,10,-10,-5
-45.25,10,-10,-5
-39.82,10,-16,-6
-39.82,10,-16,-6
-36.2,9,-20,-4
-36.2,9,-20,-4
-39.82,10,-16,-6
-36.2,9,-20,-4
-36.2,9,-20,-4
-34.39,8,-22,-3
-38.01,9,-18,-5
-36.2,9,-20,-4
-32.58,8,-24,-4
-32.58,8,-24,-4
-32.58,8,-24,-4
-32.58,8,-24,-4
-32.58,8,-24,-5
-32.58,8,-24,-4
-32.58,8,-24,-5
-32.58,8,-24,-4
-32.58,8,-24,-4
-32.58,8,-24,-4
-37.105,8,-19,-3
-37.105,8,-19,-3
-37.105,8,-19,-3
-32.58,7,-24,-2
-37.105,8,-19,-3
-37.105,8,-19,-3
-37.105,8,-19,-3
-37.105,8,-19,-3
-37.105,8,-19,-3
-37.105,8,-19,-3
-36.2,7,-20,-3
-36.2,7,-20,-3
-32.58,7,-24,-3
-36.2,7,-20,-3
-32.58,7,-24,-4
-36.2,7,-20,-3
-36.2,7,-20,-3
-32.58,7,-24,-3
-36.2,7,-20,-3
-36.2,7,-20,-3
-37.105,8,-19,-4
-37.105,8,-19,-4
-37.105,8,-19,-4
-37.105,8,-19,-4
-37.105,8,-19,-4
-37.105,8,-19,-4
-37.105,8,-19,-4
-37.105,8,-19,-4
-32.58,7,-24,-3
-39.82,9,-16,-4
-39.82,10,-16,-6
-39.82,10,-16,-6
-41.63,9,-14,-5
-39.82,10,-16,-6
-41.63,9,-14,-5
-41.63,9,-14,-4
-39.82,10,-16,-6
-41.63,9,-14,-4
-41.63,9,-14,-5
-41.63,10,-14,-5
-34.39,8,-22,-4
-34.39,8,-22,-4
-34.39,8,-22,-4
-36.2,9,-20,-4
-36.2,9,-20,-4
-36.2,9,-20,-4
-34.39,8,-22,-4
-37.105,9,-19,-4
-36.2,9,-20,-4
-34.39,8,-22,-4
-53.395,14,-1,-8
-47.965,13,-7,-7
-53.395,14,-1,-8
-53.395,14,-1,-8
-47.965,13,-7,-7
-53.395,14,-1,-8
-53.395,14,-1,-8
-53.395,14,-1,-8
-47.965,13,-7,-7
-53.395,14,-1,-8
-32.58,7,-24,-1
-36.2,9,-20,-3
-36.2,9,-20,-3
-32.58,7,-24,-1
-32.58,7,-24,-1
-34.39,8,-22,-3
-36.2,9,-20,-4
-36.2,9,-20,-3
-34.39,8,-22,-3
-32.58,7,-24,-1
-38.01,9,-18,-5
-37.105,9,-19,-4
-36.2,8,-20,-2
-39.82,10,-16,-5
-42.535,10,-13,-5
-42.535,10,-13,-5
-37.105,9,-19,-4
-37.105,9,-19,-4
-36.2,9,-20,-5
-36.2,8,-20,-2
-30.77,7,-26,-1
-32.58,7,-24,-2
-30.77,7,-26,-1
-32.58,7,-24,-2
-30.77,7,-26,-1
-31.675,7,-25,-1
-30.77,7,-26,-2
-28.96,6,-28,-2
-32.58,7,-24,-2
-30.77,7,-26,-1
-47.06,12,-8,-7
-47.06,12,-8,-7
-47.06,12,-8,-7
-47.06,12,-8,-7
-42.535,11,-13,-6
-48.87,14,-6,-10
-47.06,12,-8,-7
-47.06,12,-8,-7
-47.06,12,-8,-7
-49.775,14,-5,-9
-38.915,8,-17,-4
-39.82,9,-16,-6
-32.58,7,-24,-2
-38.915,8,-17,-4
-39.82,9,-16,-6
-38.915,8,-17,-4
-38.915,8,-17,-4
-38.915,8,-17,-4
-38.915,8,-17,-4
-38.915,8,-17,-4
-38.915,9,-17,-4
-38.915,9,-17,-4
-38.915,9,-17,-4
-38.915,9,-17,-4
-38.915,9,-17,-4
-37.105,9,-19,-5
-38.915,9,-17,-4
-38.01,10,-18,-4
-38.915,9,-17,-4
-38.01,8,-18,-5
-39.82,10,-16,-4
-40.725,10,-15,-4
-39.82,10,-16,-4
-39.82,10,-16,-4
-40.725,9,-15,-3
-39.82,10,-16,-4
-39.82,10,-16,-4
-40.725,10,-15,-4
-40.725,10,-15,-4
-39.82,10,-16,-4
-31.675,7,-25,-2
-30.77,7,-26,-1
-30.77,7,-26,-1
-28.96,7,-28,-4
-28.96,7,-28,-4
-28.96,7,-28,-4
-28.96,7,-28,-4
-28.96,7,-28,-4
-28.96,7,-28,-4
-28.96,7,-28,-4
-45.25,11,-10,-6
-45.25,11,-10,-6
-45.25,11,-10,-6
-45.25,11,-10,-6
-45.25,11,-10,-6
-45.25,11,-10,-6
-45.25,11,-10,-6
-45.25,11,-10,-6
-45.25,11,-10,-6
-45.25,11,-10,-6
-39.82,9,-16,-3
-41.63,10,-14,-4
-41.63,10,-14,-4
-39.82,9,-16,-3
-41.63,10,-14,-4
-39.82,9,-16,-3
-39.82,9,-16,-3
-39.82,9,-16,-3
-39.82,9,-16,-3
-39.82,9,-16,-3
-32.58,7,-24,-2
-32.58,7,-24,-2
-28.96,7,-28,-3
-32.58,7,-24,-3
-27.15,5,-30,-2
-32.58,7,-24,-2
-32.58,7,-24,-2
-32.58,7,-24,-3
-32.58,7,-24,-3
-32.58,7,-24,-2
-37.105,9,-19,-5
-37.105,9,-19,-5
-37.105,9,-19,-4
-37.105,9,-19,-5
-37.105,9,-19,-5
-37.105,9,-19,-5
-37.105,9,-19,-5
-37.105,9,-19,-5
-37.105,9,-19,-4
-37.105,9,-19,-4
-38.01,8,-18,-4
-30.77,6,-26,0
-34.39,7,-22,-2
-38.01,8,-18,-4
-38.01,8,-18,-4
-30.77,6,-26,0
-30.77,6,-26,0
-36.2,8,-20,-4
-34.39,7,-22,-2
-34.39,7,-22,-2
-43.44,10,-12,-6
-43.44,10,-12,-6
-41.63,10,-14,-6
-39.82,10,-16,-5
-43.44,10,-12,-6
-43.44,10,-12,-6
-41.63,10,-14,-5
-39.82,10,-16,-5
-43.44,10,-12,-6
-41.63,10,-14,-6
-41.63,10,-14,-5
-39.82,9,-16,-3
-41.63,10,-14,-5
-41.63,10,-14,-5
-41.63,10,-14,-5
-41.63,10,-14,-5
-41.63,10,-14,-5
-41.63,10,-14,-4
-41.63,10,-14,-5
-41.63,10,-14,-5
-32.58,7,-24,-2
-32.58,7,-24,-3
-32.58,7,-24,-2
-32.58,7,-24,-3
-32.58,7,-24,-3
-32.58,7,-24,-3
-32.58,7,-24,-3
-28.96,7,-28,-2
-32.58,7,-24,-2
-28.96,6,-28,-3
-47.06,10,-8,-3
-47.06,10,-8,-3
-48.87,11,-6,-5
-47.06,10,-8,-3
-47.06,10,-8,-3
-47.06,10,-8,-3
-47.06,10,-8,-3
-48.87,11,-6,-5
-47.06,10,-8,-3
-47.06,10,-8,-3
-39.82,9,-16,-3
-39.82,9,-16,-3
-38.915,9,-17,-4
-39.82,9,-16,-3
-39.82,9,-16,-3
-39.82,9,-16,-3
-39.82,9,-16,-3
-38.915,10,-17,-4
-38.915,9,-17,-3
-38.915,10,-17,-4
-38.01,8,-18,-3
-38.01,8,-18,-3
-38.01,8,-18,-3
-38.01,8,-18,-3
-38.01,8,-18,-3
-38.01,8,-18,-3
-38.01,8,-18,-3
-38.01,8,-18,-3
-38.01,8,-18,-3
-38.01,8,-18,-3
-33.485,8,-23,-3
-34.39,8,-22,-3
-34.39,8,-22,-3
-35.295,8,-21,-3
-33.485,8,-23,-3
-28.96,7,-28,-2
-33.485,8,-23,-3
-34.39,8,-22,-3
-32.58,8,-24,-4
-35.295,8,-21,-3
-47.965,12,-7,-7
-47.965,12,-7,-7
-47.965,12,-7,-7
-47.965,12,-7,-7
-47.965,12,-7,-7
-47.965,12,-7,-7
-47.965,12,-7,-7
-47.965,12,-7,-7
-47.965,12,-7,-7
-47.965,12,-7,-7
-43.44,9,-12,-4
-43.44,9,-12,-4
-43.44,9,-12,-4
-43.44,9,-12,-4
-42.535,10,-11,-5
-42.535,10,-11,-5
-42.535,10,-11,-5
-42.535,10,-11,-5
-43.44,9,-12,-4
-42.535,10,-11,-5
-33.485,8,-23,-2
-35.295,8,-21,-2
-33.485,8,-23,-2
-35.295,8,-21,-2
-33.485,8,-23,-2
-35.295,8,-21,-2
-33.485,8,-23,-2
-32.58,7,-24,-2
-33.485,8,-23,-2
-32.58,7,-24,-2
-33.485,7,-23,-2
-36.2,8,-20,-4
-33.485,7,-23,-2
-34.39,7,-22,-4
-33.485,7,-23,-2
-34.39,7,-22,-4
-36.2,8,-20,-4
-34.39,7,-22,-4
-40.725,10,-15,-4
-36.2,8,-20,-4
-33.485,7,-23,-2
-39.82,9,-16,-4
-39.82,9,-16,-4
-39.82,9,-16,-4
-39.82,9,-16,-4
-39.82,9,-16,-4
-34.39,7,-22,-3
-39.82,9,-16,-4
-39.82,9,-16,-4
-39.82,9,-16,-4
-40.725,12,-15,-7
-48.87,14,-6,-9
-42.535,12,-13,-8
-45.25,13,-10,-8
-46.155,13,-9,-9
-45.25,13,-10,-8
-42.535,13,-13,-7
-42.535,12,-13,-8
-47.06,13,-8,-7
-40.725,12,-15,-7
-46.155,10,-9,-5
-46.155,10,-9,-5
-46.155,10,-9,-5
-46.155,10,-9,-5
-46.155,10,-9,-5
-46.155,10,-9,-5
-46.155,10,-9,-5
-46.155,10,-9,-5
-46.155,10,-9,-5
-46.155,10,-9,-5
-42.535,10,-13,-3
-42.535,10,-13,-3
-42.535,10,-13,-3
-42.535,10,-13,-3
-42.535,10,-13,-3
-41.63,9,-14,-3
-42.535,10,-13,-3
-42.535,10,-13,-3
-42.535,10,-13,-3
-42.535,10,-13,-3
-43.44,10,-12,-4
-45.25,11,-10,-6
-44.345,11,-11,-6
-44.345,11,-11,-6
-45.25,11,-10,-6
-44.345,11,-11,-6
-45.25,11,-10,-6
-44.345,11,-11,-6
-44.345,11,-11,-6
-45.25,11,-10,-6
-47.06,12,-8,-6
-47.06,12,-8,-6
-46.155,12,-9,-6
-47.06,12,-8,-6
-47.06,12,-8,-6
-47.06,12,-8,-6
-47.06,12,-8,-6
-46.155,12,-9,-6
-46.155,11,-9,-5
-43.44,12,-12,-6
-45.25,12,-10,-6
-43.44,12,-12,-7
-43.44,12,-12,-7
-43.44,12,-12,-7
-45.25,12,-10,-6
-43.44,12,-12,-7
-43.44,12,-12,-7
-45.25,12,-10,-6
-43.44,12,-12,-7
-45.25,12,-10,-6
-36.2,7,-20,-3
-36.2,7,-20,-3
-36.2,7,-20,-3
-36.2,7,-20,-3
-36.2,7,-20,-3
-36.2,7,-20,-3
-36.2,7,-20,-3
-36.2,7,-20,-3
-36.2,7,-20,-3
-36.2,7,-20,-3
-46.155,10,-9,-5
-46.155,10,-9,-5
-46.155,10,-9,-5
-46.155,10,-9,-5
-46.155,10,-9,-5
-46.155,10,-9,-5
-46.155,10,-9,-5
-46.155,10,-9,-5
-39.82,9,-16,-5
-46.155,10,-9,-5
-42.535,10,-13,-5
-43.44,10,-12,-3
-43.44,10,-12,-3
-43.44,10,-12,-3
-43.44,10,-12,-3
-43.44,10,-12,-3
-43.44,10,-12,-3
-43.44,10,-12,-3
-43.44,10,-12,-3
-43.44,10,-12,-3
-42.535,10,-13,-3
-41.63,9,-14,-4
-42.535,10,-13,-3
-41.63,9,-14,-4
-41.63,9,-14,-4
-42.535,10,-13,-4
-42.535,10,-13,-3
-41.63,9,-14,-4
-42.535,10,-13,-3
-42.535,10,-13,-3
-32.58,8,-24,-2
-28.96,8,-28,-2
-32.58,7,-24,-3
-30.77,7,-26,-4
-32.58,8,-24,-2
-32.58,7,-24,-3
-34.39,8,-22,-4
-27.15,7,-30,-1
-34.39,8,-22,-4
-30.77,7,-26,-2
-35.295,8,-21,-4
-35.295,8,-21,-4
-35.295,8,-21,-4
-35.295,8,-21,-4
-36.2,8,-20,-5
-36.2,8,-20,-5
-36.2,8,-20,-5
-35.295,8,-21,-4
-36.2,8,-20,-5
-35.295,8,-21,-4
-36.2,8,-20,-4
-36.2,8,-20,-4
-36.2,8,-20,-4
-36.2,8,-20,-4
-36.2,8,-20,-4
-36.2,8,-20,-4
-36.2,8,-20,-4
-36.2,8,-20,-4
-36.2,8,-20,-4
-36.2,8,-20,-4
-38.01,8,-18,-2
-38.01,8,-18,-2
-34.39,7,-22,-2
-34.39,7,-22,-2
-34.39,7,-22,-2
-34.39,7,-22,-2
-34.39,7,-22,-1
-34.39,7,-22,-2
-34.39,7,-22,-2
-34.39,7,-22,-2
-44.345,11,-11,-5
-44.345,11,-11,-5
-44.345,11,-11,-5
-44.345,11,-11,-5
-41.63,10,-14,-5
-41.63,10,-14,-5
-41.63,10,-14,-5
-44.345,11,-11,-5
-41.63,10,-14,-5
-44.345,11,-11,-5
-38.01,8,-18,-2
-41.63,10,-14,-4
-41.63,10,-14,-4
-41.63,10,-14,-5
-38.01,9,-18,-4
-41.63,10,-14,-5
-38.01,9,-18,-3
-41.63,10,-14,-4
-41.63,10,-14,-4
-41.63,10,-14,-4
-23.53,5,-34,-2
-23.53,5,-34,-2
-19.005,5,-39,-1
-19.005,5,-39,-1
-17.195,4,-41,0
-23.53,5,-34,-2
-23.53,5,-34,-2
-23.53,5,-34,-2
-23.53,5,-34,-2
-21.72,4,-36,-1
-34.39,8,-22,-3
-32.58,6,-24,-2
-32.58,6,-24,-2
-32.58,6,-24,-3
-32.58,6,-24,-3
-34.39,8,-22,-3
-32.58,6,-24,-3
-32.58,6,-24,-2
-32.58,6,-24,-3
-34.39,8,-22,-3
-47.06,11,-8,-6
-48.87,12,-6,-6
-48.87,12,-6,-7
-47.06,11,-8,-6
-47.06,11,-8,-6
-48.87,12,-6,-7
-47.06,11,-8,-6
-43.44,10,-12,-5
-47.06,11,-8,-6
-47.06,11,-8,-6
-42.535,11,-13,-6
-42.535,11,-13,-5
-42.535,11,-13,-5
-43.44,11,-12,-6
-43.44,11,-12,-6
-40.725,11,-15,-6
-43.44,11,-12,-6
-43.44,11,-12,-6
-43.44,11,-12,-6
-40.725,10,-15,-5
-32.58,8,-24,-3
-32.58,8,-24,-3
-32.58,9,-24,-5
-32.58,8,-24,-3
-32.58,8,-24,-3
-32.58,8,-24,-3
-32.58,8,-24,-3
-32.58,8,-24,-3
-32.58,9,-24,-5
-32.58,8,-24,-3
-47.965,13,-7,-6
-47.06,12,-8,-7
-47.965,13,-7,-6
-47.965,13,-7,-6
-47.965,13,-7,-6
-47.06,12,-8,-7
-47.06,12,-8,-7
-47.965,13,-7,-6
-47.06,12,-8,-7
-47.965,13,-7,-6
-45.25,13,-10,-8
-46.155,13,-9,-8
-46.155,13,-9,-8
-46.155,13,-9,-8
-45.25,13,-10,-8
-46.155,13,-9,-8
-46.155,13,-9,-8
-45.25,13,-10,-8
-45.25,13,-10,-8
-46.155,13,-9,-8
-40.725,8,-15,-3
-38.01,8,-18,-4
-41.63,9,-14,-4
-38.01,8,-18,-4
-41.63,9,-14,-4
-38.01,8,-18,-4
-41.63,9,-14,-4
-41.63,9,-14,-4
-39.82,9,-16,-3
-40.725,8,-15,-3
-42.535,11,-13,-7
-43.44,12,-12,-7
-43.44,12,-12,-7
-43.44,12,-12,-7
-43.44,12,-12,-7
-43.44,12,-12,-7
-43.44,12,-12,-7
-43.44,12,-12,-7
-43.44,12,-12,-7
-43.44,12,-12,-7
-27.15,6,-30,-1
-30.77,7,-26,-3
-30.77,7,-26,-3
-30.77,7,-26,-2
-30.77,7,-26,-3
-30.77,7,-26,-3
-30.77,7,-26,-2
-30.77,7,-26,-3
-27.15,6,-30,-1
-30.77,7,-26,-3
-35.295,8,-21,-2
-38.915,9,-17,-4
-37.105,8,-19,-3
-38.915,9,-17,-4
-36.2,8,-20,-4
-36.2,8,-20,-3
-37.105,9,-19,-4
-39.82,9,-16,-4
-38.01,9,-18,-3
-39.82,9,-16,-4
-38.915,9,-17,-3
-38.915,9,-17,-3
-38.915,9,-17,-3
-35.295,9,-21,-3
-38.915,9,-17,-3
-38.915,9,-17,-3
-38.915,9,-17,-3
-38.915,9,-17,-3
-38.915,9,-17,-3
-38.915,9,-17,-3
-40.725,10,-15,-3
-40.725,10,-15,-4
-42.535,11,-13,-6
-40.725,10,-15,-3
-45.25,12,-10,-7
-38.915,9,-17,-5
-45.25,12,-10,-7
-40.725,10,-15,-3
-36.2,8,-20,-4
-40.725,10,-15,-3
-39.82,9,-16,-4
-36.2,8,-20,-2
-38.01,8,-18,-3
-36.2,8,-20,-2
-36.2,8,-20,-2
-36.2,8,-20,-2
-36.2,8,-20,-2
-36.2,8,-20,-2
-36.2,8,-20,-2
-36.2,8,-20,-2
-47.06,12,-8,-7
-47.06,12,-8,-7
-47.06,12,-8,-7
-47.06,12,-8,-7
-47.06,12,-8,-7
-47.06,12,-8,-7
-47.06,12,-8,-7
-47.06,12,-8,-7
-47.06,12,-8,-7
-47.06,12,-8,-7
-40.725,12,-15,-7
-40.725,12,-15,-7
-40.725,12,-15,-7
-40.725,12,-15,-7
-40.725,12,-15,-7
-40.725,12,-15,-7
-40.725,12,-15,-7
-40.725,12,-15,-7
-39.82,10,-16,-5
-40.725,12,-15,-7
-34.39,8,-22,-2
-34.39,8,-22,-2
-34.39,8,-22,-2
-34.39,8,-22,-2
-32.58,8,-24,-4
-34.39,8,-22,-2
-34.39,8,-22,-2
-34.39,8,-22,-2
-34.39,8,-22,-2
-31.675,7,-25,-3
-38.915,10,-17,-6
-38.915,10,-17,-5
-36.2,9,-20,-4
-37.105,9,-19,-4
-38.01,8,-18,-3
-38.915,10,-17,-6
-40.725,10,-15,-6
-38.915,10,-17,-5
-35.295,9,-21,-4
-37.105,9,-19,-5
-41.63,10,-14,-5
-43.44,11,-12,-6
-41.63,10,-14,-4
-43.44,10,-12,-4
-45.25,11,-10,-5
-41.63,10,-14,-4
-43.44,10,-12,-4
-43.44,10,-12,-4
-43.44,10,-12,-4
-41.63,10,-14,-4
-43.44,10,-12,-5
-43.44,10,-12,-5
-43.44,10,-12,-5
-43.44,10,-12,-5
-43.44,10,-12,-5
-43.44,10,-12,-5
-43.44,10,-12,-5
-43.44,10,-12,-5
-43.44,11,-12,-6
-43.44,10,-12,-5
-34.39,8,-22,-3
-34.39,8,-22,-3
-34.39,8,-22,-3
-34.39,8,-22,-3
-34.39,8,-22,-3
-34.39,8,-22,-3
-34.39,8,-22,-3
-34.39,8,-22,-3
-34.39,8,-22,-3
-34.39,8,-22,-3
-40.725,11,-15,-5
-40.725,11,-15,-5
-40.725,11,-15,-5
-40.725,11,-15,-5
-40.725,11,-15,-5
-40.725,11,-15,-5
-40.725,11,-15,-5
-40.725,11,-15,-5
-46.155,13,-9,-8
-40.725,11,-15,-5
-36.2,9,-20,-4
-39.82,9,-16,-3
-39.82,9,-16,-3
-39.82,9,-16,-3
-36.2,9,-20,-4
-39.82,9,-16,-3
-36.2,9,-20,-4
-39.82,9,-16,-3
-39.82,9,-16,-3
-39.82,9,-16,-3
-39.82,10,-16,-5
-38.01,10,-18,-5
-39.82,10,-16,-5
-38.01,10,-18,-5
-38.01,10,-18,-5
-39.82,10,-16,-5
-39.82,10,-16,-5
-38.01,10,-18,-5
-39.82,10,-16,-5
-39.82,10,-16,-5
-45.25,10,-10,-6
-45.25,10,-10,-6
-43.44,10,-12,-5
-45.25,10,-10,-6
-45.25,10,-10,-6
-45.25,10,-10,-6
-45.25,10,-10,-6
-45.25,10,-10,-6
-45.25,10,-10,-6
-45.25,10,-10,-6
-43.44,9,-12,-4
-43.44,9,-12,-4
-43.44,9,-12,-4
-43.44,9,-12,-4
-43.44,9,-12,-4
-43.44,9,-12,-4
-43.44,9,-12,-4
-43.44,9,-12,-4
-43.44,9,-12,-4
-43.44,9,-12,-4
-38.915,11,-17,-5
-38.01,11,-18,-6
-38.915,11,-17,-6
-38.915,10,-17,-6
-38.01,10,-18,-5
-41.63,11,-14,-6
-38.01,9,-18,-4
-33.485,8,-23,-3
-38.915,10,-17,-6
-38.915,10,-17,-6
-32.58,7,-24,-1
-31.675,7,-25,-3
-32.58,7,-24,-2
-32.58,7,-24,-1
-31.675,7,-25,-3
-32.58,7,-24,-2
-32.58,7,-24,-2
-32.58,7,-24,-1
-32.58,7,-24,-1
-32.58,7,-24,-1
-41.63,10,-14,-4
-41.63,10,-14,-4
-41.63,10,-14,-4
-41.63,10,-14,-4
-41.63,10,-14,-4
-41.63,10,-14,-4
-41.63,10,-14,-4
-41.63,10,-14,-4
-41.63,10,-14,-4
-41.63,10,-14,-4
-37.105,8,-19,-3
-37.105,8,-19,-3
-33.485,7,-23,-2
-37.105,8,-19,-3
-37.105,8,-19,-4
-37.105,8,-19,-4
-37.105,8,-19,-3
-33.485,7,-23,-3
-37.105,8,-19,-3
-37.105,8,-19,-3
-39.82,8,-16,-4
-38.01,8,-18,-3
-37.105,8,-19,-3
-38.01,8,-18,-3
-31.675,8,-25,-4
-38.01,8,-18,-3
-37.105,8,-19,-3
-38.01,9,-18,-4
-37.105,10,-19,-5
-37.105,10,-19,-5
-41.63,10,-14,-6
-42.535,11,-13,-6
-41.63,10,-14,-6
-40.725,10,-15,-5
-40.725,10,-15,-5
-41.63,10,-14,-6
-41.63,10,-14,-6
-40.725,10,-15,-5
-40.725,10,-15,-5
-40.725,10,-15,-5
-37.105,8,-19,-5
-37.105,8,-19,-5
-37.105,8,-19,-5
-37.105,8,-19,-3
-37.105,8,-19,-5
-37.105,8,-19,-5
-35.295,7,-21,-2
-37.105,8,-19,-3
-37.105,8,-19,-5
-28.96,7,-28,-3
-38.01,8,-18,-1
-38.01,8,-18,-1
-38.01,8,-18,-1
-38.01,8,-18,-1
-38.01,8,-18,-1
-38.01,8,-18,-1
-38.01,8,-18,-1
-38.01,8,-18,-1
-38.01,8,-18,-1
-38.01,8,-18,-1
-39.82,9,-16,-4
-39.82,9,-16,-4
-39.82,9,-16,-4
-39.82,9,-16,-4
-39.82,9,-16,-4
-39.82,9,-16,-4
-35.295,9,-21,-3
-39.82,9,-16,-4
-36.2,10,-20,-6
-36.2,10,-20,-5
-31.675,7,-25,-2
-32.58,8,-22,-3
-32.58,7,-24,-4
-32.58,7,-24,-4
-31.675,7,-25,-2
-31.675,7,-25,-2
-31.675,7,-25,-2
-34.39,7,-22,-1
-32.58,7,-24,-4
-32.58,7,-24,-4
-32.58,7,-24,-3
-32.58,7,-24,-3
-32.58,7,-24,-3
-32.58,7,-24,-4
-32.58,7,-24,-4
-32.58,7,-24,-3
-32.58,7,-24,-4
-32.58,7,-24,-4
-32.58,7,-24,-3
-32.58,7,-24,-4
-38.915,10,-17,-4
-38.915,10,-17,-6
-35.295,8,-21,-3
-38.915,10,-17,-4
-38.915,10,-17,-4
-39.82,10,-16,-6
-38.915,10,-17,-6
-38.915,10,-17,-6
-38.915,10,-17,-4
-39.82,10,-16,-6
-46.155,12,-9,-7
-46.155,12,-9,-7
-46.155,12,-9,-7
-46.155,12,-9,-7
-46.155,12,-9,-7
-46.155,12,-9,-7
-46.155,12,-9,-7
-46.155,12,-9,-7
-46.155,12,-9,-7
-46.155,12,-9,-7
-48.87,12,-6,-6
-48.87,12,-6,-6
-48.87,12,-6,-6
-48.87,12,-6,-6
-48.87,12,-6,-6
-48.87,12,-6,-6
-48.87,12,-6,-6
-48.87,12,-6,-6
-48.87,12,-6,-6
-48.87,12,-6,-6
