-43.44,10,-12,-4
-42.535,10,-13,-4
-43.44,10,-12,-4
-42.535,10,-13,-4
-43.44,10,-12,-3
-43.44,10,-12,-4
-40.725,11,-15,-4
-42.535,10,-13,-4
-42.535,10,-13,-4
-43.44,10,-12,-3
-48.87,11,-6,-4
-47.06,11,-8,-5
-45.25,12,-10,-4
-47.06,11,-8,-5
-47.06,11,-8,-5
-47.06,11,-8,-5
-47.06,11,-8,-5
-48.87,11,-6,-4
-47.06,11,-8,-5
-47.06,11,-8,-5
-39.82,9,-16,-3
-39.82,9,-16,-3
-39.82,9,-16,-3
-39.82,9,-16,-3
-38.01,9,-18,-2
-38.01,9,-18,-2
-39.82,9,-16,-3
-38.01,9,-18,-2
-39.82,9,-16,-3
-38.01,9,-18,-2
-53.395,12,-1,-5
-53.395,12,-1,-5
-48.87,11,-6,-4
-52.49,12,-2,-5
-52.49,12,-2,-5
-51.585,13,-3,-6
-53.395,12,-1,-5
-53.395,12,-1,-5
-50.68,12,-4,-4
-52.49,12,-2,-5
-46.155,10,-9,-4
-47.965,11,-7,-5
-46.155,10,-9,-4
-46.155,10,-9,-4
-47.965,11,-7,-5
-46.155,10,-9,-4
-47.965,11,-7,-5
-47.965,11,-7,-5
-46.155,10,-9,-4
-46.155,10,-9,-3
-38.01,8,-18,-2
-38.915,8,-17,-1
-39.82,8,-16,-1
-38.915,8,-17,-1
-38.915,8,-17,-1
-38.915,8,-17,-1
-38.01,8,-18,-2
-38.915,8,-17,-2
-38.915,8,-17,-1
-39.82,8,-16,-1
-41.63,10,-14,-4
-43.44,10,-12,-3
-37.105,9,-19,-2
-43.44,10,-12,-3
-37.105,9,-19,-2
-44.345,11,-11,-3
-44.345,11,-11,-3
-43.44,10,-12,-3
-43.44,10,-12,-3
-44.345,11,-11,-3
-42.535,9,-13,-2
-42.535,9,-13,-2
-42.535,9,-13,-2
-42.535,9,-13,-2
-42.535,9,-13,-2
-42.535,9,-13,-2
-44.345,10,-11,-2
-44.345,10,-11,-2
-42.535,9,-13,-2
-42.535,9,-13,-2
-41.63,9,-14,-2
-41.63,9,-14,-2
-41.63,9,-14,-2
-38.01,9,-18,-2
-41.63,9,-14,-2
-38.01,9,-18,-3
-41.63,9,-14,-2
-38.01,9,-18,-2
-41.63,9,-14,-2
-41.63,9,-14,-2
-48.87,12,-6,-4
-45.25,11,-10,-3
-48.87,12,-6,-4
-48.87,12,-6,-4
-48.87,12,-6,-4
-48.87,12,-6,-4
-48.87,12,-6,-4
-48.87,12,-6,-4
-48.87,12,-6,-4
-48.87,12,-6,-4
-52.49,12,-2,-5
-52.49,12,-2,-5
-52.49,12,-2,-5
-52.49,12,-2,-5
-52.49,12,-2,-5
-52.49,12,-2,-5
-52.49,12,-2,-5
-52.49,12,-2,-5
-52.49,12,-2,-5
-52.49,12,-2,-5
-40.725,9,-15,-2
-40.725,9,-15,-2
-37.105,8,-19,-3
-38.01,8,-18,-2
-40.725,9,-15,-2
-38.01,8,-18,-2
-38.01,8,-18,-2
-38.01,8,-18,-2
-38.01,8,-18,-2
-40.725,9,-15,-2
-41.63,9,-14,-2
-40.725,10,-15,-3
-40.725,9,-15,-1
-40.725,9,-15,-1
-40.725,9,-15,-1
-40.725,9,-15,-1
-41.63,9,-14,-2
-40.725,9,-15,-1
-40.725,9,-15,-1
-40.725,9,-15,-1
-42.535,10,-13,-4
-38.01,9,-18,-3
-42.535,10,-13,-4
-42.535,10,-13,-4
-38.915,9,-17,-3
-38.915,9,-17,-3
-37.105,9,-19,-3
-42.535,10,-13,-4
-42.535,10,-13,-4
-42.535,10,-13,-4
-48.87,12,-6,-5
-48.87,12,-6,-5
-48.87,12,-6,-5
-48.87,12,-6,-5
-48.87,12,-6,-5
-48.87,12,-6,-5
-48.87,12,-6,-5
-48.87,12,-6,-5
-48.87,12,-6,-5
-48.87,12,-6,-5
-45.25,12,-10,-6
-47.06,13,-8,-5
-47.06,13,-8,-5
-47.06,13,-8,-5
-45.25,12,-10,-6
-47.06,13,-8,-5
-48.87,13,-6,-6
-47.06,13,-8,-5
-48.87,13,-6,-6
-48.87,13,-6,-6
-42.535,10,-13,-2
-43.44,10,-12,-5
-43.44,10,-12,-5
-42.535,10,-13,-2
-43.44,10,-12,-5
-42.535,10,-13,-2
-43.44,10,-12,-5
-43.44,10,-12,-5
-43.44,10,-12,-5
-43.44,10,-12,-5
-44.345,10,-11,-2
-42.535,9,-13,-2
-44.345,10,-11,-2
-44.345,10,-11,-2
-44.345,10,-11,-2
-42.535,9,-13,-2
-42.535,9,-13,-2
-42.535,9,-13,-2
-44.345,10,-11,-2
-42.535,9,-13,-2
-47.06,12,-8,-5
-47.06,12,-8,-5
-47.06,12,-8,-5
-47.06,12,-8,-5
-47.06,12,-8,-5
-49.775,11,-5,-4
-47.06,12,-8,-5
-47.06,12,-8,-6
-47.06,12,-8,-5
-47.06,12,-8,-5
-44.345,10,-11,-2
-38.915,9,-17,-2
-38.915,9,-17,-2
-38.915,9,-17,-2
-38.915,9,-17,-2
-44.345,10,-11,-2
-44.345,10,-11,-2
-38.915,9,-17,-2
-38.915,9,-17,-2
-38.915,9,-17,-2
-47.965,11,-7,-4
-47.965,11,-7,-4
-47.965,11,-7,-4
-47.965,11,-7,-4
-47.965,11,-7,-4
-47.965,11,-7,-4
-47.965,11,-7,-4
-47.965,11,-7,-4
-47.965,11,-7,-4
-47.965,11,-7,-4
-45.25,10,-10,-3
-45.25,10,-10,-4
-45.25,10,-10,-3
-46.155,10,-9,-3
-45.25,10,-10,-3
-45.25,10,-10,-3
-45.25,10,-10,-4
-45.25,10,-10,-4
-45.25,10,-10,-3
-46.155,10,-9,-3
-44.345,10,-11,-4
-46.155,11,-9,-4
-47.965,12,-7,-7
-43.44,10,-12,-4
-47.965,12,-7,-7
-46.155,12,-9,-5
-46.155,12,-9,-5
-46.155,11,-9,-4
-43.44,11,-12,-5
-46.155,11,-9,-4
-42.535,9,-13,-2
-43.44,10,-12,-1
-43.44,10,-12,-1
-43.44,10,-12,-1
-39.82,8,-16,-3
-39.82,8,-16,-3
-43.44,10,-12,-1
-42.535,9,-13,-2
-43.44,10,-12,-1
-43.44,10,-12,-1
-46.155,11,-9,-4
-47.965,11,-7,-5
-47.965,11,-7,-5
-47.965,11,-7,-5
-47.965,11,-7,-5
-47.965,11,-7,-5
-47.965,11,-7,-5
-47.965,11,-7,-5
-47.965,11,-7,-5
-47.965,11,-7,-5
-52.49,13,-2,-6
-51.585,12,-3,-3
-47.965,11,-7,-3
-51.585,12,-3,-3
-47.965,11,-7,-4
-47.965,11,-7,-3
-53.395,13,-1,-5
-52.49,13,-2,-6
-47.965,11,-7,-4
-52.49,12,-2,-3
-41.63,9,-14,-2
-41.63,9,-14,-2
-41.63,9,-14,-2
-41.63,9,-14,-2
-41.63,9,-14,-2
-41.63,9,-14,-2
-41.63,9,-14,-2
-41.63,9,-14,-2
-41.63,9,-14,-2
-41.63,9,-14,-2
-52.49,13,-2,-3
-52.49,13,-2,-3
-52.49,13,-2,-4
-52.49,13,-2,-3
-52.49,13,-2,-3
-52.49,13,-2,-4
-52.49,13,-2,-3
-52.49,13,-2,-4
-52.49,13,-2,-3
-52.49,13,-2,-4
-52.49,14,-2,-4
-53.395,14,-1,-5
-48.87,13,-6,-5
-48.87,13,-6,-5
-48.87,13,-6,-5
-52.49,14,-2,-4
-48.87,13,-6,-4
-53.395,14,-1,-4
-53.395,14,-1,-4
-52.49,14,-2,-4
-42.535,11,-13,-6
-42.535,11,-13,-6
-41.63,10,-14,-4
-42.535,10,-13,-5
-42.535,10,-13,-6
-42.535,10,-13,-6
-42.535,11,-13,-6
-41.63,11,-14,-4
-42.535,10,-13,-6
-41.63,11,-14,-5
-49.775,11,-5,-4
-47.06,10,-8,-4
-49.775,12,-5,-5
-49.775,11,-5,-4
-49.775,12,-5,-5
-47.06,10,-8,-4
-49.775,11,-5,-4
-49.775,12,-5,-5
-49.775,12,-5,-5
-49.775,12,-5,-5
-43.44,10,-12,-3
-50.68,11,-4,-2
-50.68,11,-4,-2
-50.68,11,-4,-2
-50.68,11,-4,-2
-50.68,11,-4,-2
-43.44,10,-12,-3
-50.68,11,-4,-2
-50.68,11,-4,-2
-50.68,11,-4,-2
-49.775,11,-5,-3
-49.775,11,-5,-3
-49.775,11,-5,-3
-49.775,11,-5,-3
-49.775,11,-5,-3
-49.775,11,-5,-3
-49.775,11,-5,-3
-49.775,11,-5,-3
-49.775,11,-5,-3
-49.775,11,-5,-3
-45.25,11,-10,-4
-36.2,8,-20,-4
-45.25,11,-10,-4
-45.25,11,-10,-4
-45.25,11,-10,-4
-39.82,9,-16,-4
-45.25,11,-10,-4
-39.82,9,-16,-4
-45.25,11,-10,-4
-45.25,11,-10,-4
-48.87,11,-6,-3
-48.87,12,-6,-3
-48.87,11,-6,-3
-48.87,12,-6,-3
-48.87,12,-6,-3
-48.87,12,-6,-3
-48.87,11,-6,-3
-48.87,12,-6,-2
-48.87,11,-6,-3
-48.87,11,-6,-3
-45.25,11,-10,-5
-44.345,11,-11,-4
-44.345,11,-11,-4
-45.25,11,-10,-5
-44.345,11,-11,-4
-44.345,11,-11,-4
-44.345,11,-11,-4
-44.345,11,-11,-4
-44.345,11,-11,-4
-45.25,11,-10,-5
-47.965,11,-7,-4
-44.345,10,-11,-2
-47.965,11,-7,-4
-47.965,11,-7,-4
-47.965,11,-7,-4
-47.965,11,-7,-4
-47.965,11,-7,-4
-48.87,11,-6,-4
-47.965,11,-7,-4
-48.87,11,-6,-4
-43.44,10,-12,-3
-42.535,10,-13,-3
-42.535,10,-13,-3
-41.63,9,-14,-4
-41.63,9,-14,-4
-41.63,9,-14,-3
-41.63,9,-14,-3
-40.725,10,-15,-4
-41.63,9,-14,-4
-42.535,10,-13,-3
-47.965,12,-7,-4
-47.965,12,-7,-4
-44.345,10,-11,-3
-49.775,13,-5,-6
-44.345,10,-11,-3
-49.775,13,-5,-6
-44.345,10,-11,-3
-47.965,12,-7,-4
-49.775,13,-5,-6
-49.775,13,-5,-6
-42.535,9,-13,-2
-39.82,8,-16,-2
-42.535,9,-13,-2
-42.535,9,-13,-2
-39.82,8,-16,-2
-39.82,8,-16,-2
-39.82,8,-16,-2
-42.535,9,-13,-2
-43.44,10,-12,-3
-42.535,9,-13,-2
-50.68,11,-4,-5
-49.775,11,-5,-5
-49.775,11,-5,-5
-49.775,11,-5,-5
-49.775,11,-5,-5
-49.775,11,-5,-5
-48.87,12,-6,-5
-50.68,11,-4,-5
-49.775,11,-5,-5
-49.775,11,-5,-5
-47.965,13,-7,-5
-47.965,13,-7,-5
-46.155,13,-9,-6
-47.965,13,-7,-5
-47.965,13,-7,-5
-46.155,13,-9,-6
-47.965,13,-7,-5
-47.965,13,-7,-5
-47.965,13,-7,-5
-47.965,13,-7,-5
-45.25,11,-10,-4
-45.25,11,-10,-4
-45.25,11,-10,-4
-44.345,11,-11,-4
-45.25,11,-10,-4
-45.25,11,-10,-4
-45.25,11,-10,-4
-45.25,11,-10,-4
-45.25,11,-10,-3
-45.25,11,-10,-4
-51.585,13,-3,-4
-51.585,13,-3,-4
-51.585,13,-3,-4
-51.585,13,-3,-4
-51.585,13,-3,-4
-51.585,13,-3,-4
-51.585,13,-3,-4
-51.585,13,-3,-4
-51.585,13,-3,-4
-51.585,13,-3,-4
-44.345,9,-11,-3
-44.345,9,-11,-3
-44.345,9,-11,-3
-44.345,9,-11,-3
-44.345,9,-11,-3
-44.345,9,-11,-3
-44.345,9,-11,-3
-44.345,9,-11,-3
-44.345,9,-11,-3
-44.345,9,-11,-3
-38.915,9,-17,-2
-38.915,8,-17,-1
-40.725,9,-15,-2
-40.725,8,-15,-2
-40.725,9,-15,-2
-38.915,8,-17,-1
-42.535,9,-13,-2
-38.915,8,-17,-1
-40.725,9,-15,-2
-40.725,9,-15,-2
-44.345,10,-11,-3
-44.345,10,-11,-3
-46.155,9,-9,-2
-44.345,10,-11,-3
-46.155,9,-9,-2
-46.155,9,-9,-2
-46.155,9,-9,-2
-40.725,10,-15,-2
-44.345,10,-11,-3
-46.155,9,-9,-2
-42.535,10,-13,-3
-41.63,9,-14,-4
-42.535,10,-13,-3
-41.63,9,-14,-1
-42.535,10,-13,-2
-42.535,10,-13,-5
-41.63,9,-14,-4
-41.63,9,-14,-4
-41.63,9,-14,-4
-41.63,9,-14,-4
-43.44,10,-12,-3
-43.44,10,-12,-3
-45.25,11,-10,-5
-43.44,10,-12,-3
-43.44,10,-12,-3
-45.25,11,-10,-5
-43.44,10,-12,-3
-43.44,10,-12,-3
-45.25,11,-10,-5
-43.44,10,-12,-3
-43.44,10,-12,-4
-43.44,10,-12,-4
-43.44,10,-12,-4
-43.44,10,-12,-4
-42.535,10,-13,-3
-38.915,10,-17,-4
-39.82,10,-16,-4
-43.44,10,-12,-4
-43.44,10,-12,-4
-43.44,10,-12,-4
-41.63,8,-14,-3
-41.63,8,-14,-3
-44.345,9,-11,-1
-46.155,10,-9,-3
-43.44,9,-12,-2
-41.63,8,-14,-3
-44.345,9,-11,-1
-44.345,9,-11,-1
-44.345,9,-11,-1
-46.155,10,-9,-4
-47.965,11,-7,-4
-47.965,11,-7,-4
-44.345,11,-11,-3
-47.965,11,-7,-4
-47.965,11,-7,-4
-47.965,11,-7,-4
-47.965,11,-7,-4
-47.965,11,-7,-4
-47.965,11,-7,-4
-47.965,11,-7,-4
-43.44,10,-12,-5
-43.44,10,-12,-5
-43.44,10,-12,-5
-43.44,10,-12,-5
-43.44,10,-12,-5
-43.44,10,-12,-5
-43.44,10,-12,-5
-43.44,10,-12,-5
-43.44,10,-12,-5
-43.44,10,-12,-5
-48.87,11,-6,-4
-48.87,11,-6,-4
-48.87,11,-6,-4
-46.155,10,-9,-2
-48.87,11,-6,-4
-46.155,10,-9,-2
-44.345,9,-11,-1
-48.87,11,-6,-4
-48.87,11,-6,-4
-48.87,11,-6,-4
-37.105,7,-19,-1
-39.82,9,-16,-1
-42.535,9,-13,-3
-42.535,9,-13,-3
-40.725,8,-15,-1
-42.535,9,-13,-3
-42.535,9,-13,-3
-42.535,9,-13,-3
-40.725,8,-15,-1
-37.105,7,-19,-1
-46.155,10,-9,-2
-45.25,11,-10,-3
-46.155,11,-9,-4
-45.25,11,-10,-3
-46.155,10,-9,-2
-46.155,10,-9,-2
-46.155,10,-9,-2
-45.25,11,-10,-3
-46.155,10,-9,-2
-45.25,11,-10,-3
-47.965,11,-7,-8
-42.535,10,-13,-3
-47.965,11,-7,-6
-47.965,11,-7,-8
-41.63,10,-14,-5
-47.965,11,-7,-6
-47.965,11,-7,-6
-42.535,10,-13,-3
-42.535,10,-13,-3
-47.965,11,-7,-6
-51.585,12,-3,-5
-48.87,12,-6,-5
-48.87,12,-6,-5
-50.68,13,-4,-5
-49.775,12,-5,-5
-49.775,12,-5,-5
-48.87,12,-6,-5
-48.87,12,-6,-5
-49.775,12,-5,-5
-48.87,12,-6,-5
-44.345,10,-11,-3
-44.345,10,-11,-3
-44.345,10,-11,-3
-44.345,10,-11,-3
-44.345,10,-11,-3
-44.345,10,-11,-2
-44.345,10,-11,-3
-44.345,10,-11,-3
-44.345,10,-11,-3
-44.345,10,-11,-3
-43.44,10,-12,-4
-43.44,10,-12,-4
-46.155,11,-9,-5
-43.44,10,-12,-4
-43.44,10,-12,-4
-44.345,12,-11,-5
-46.155,11,-9,-5
-45.25,11,-10,-5
-47.06,11,-8,-5
-43.44,10,-12,-4
-48.87,11,-6,-3
-48.87,11,-6,-3
-48.87,11,-6,-3
-48.87,11,-6,-3
-48.87,11,-6,-3
-48.87,11,-6,-3
-48.87,11,-6,-3
-48.87,11,-6,-3
-48.87,11,-6,-3
-48.87,11,-6,-3
-47.06,10,-8,-5
-47.06,10,-8,-5
-42.535,10,-13,-4
-47.06,10,-8,-5
-47.06,10,-8,-5
-47.06,10,-8,-5
-47.06,10,-8,-5
-47.06,10,-8,-5
-47.06,10,-8,-5
-47.06,10,-8,-5
-45.25,10,-10,-2
-45.25,10,-10,-2
-45.25,10,-10,-2
-45.25,10,-10,-2
-38.01,8,-18,-1
-45.25,10,-10,-2
-43.44,10,-12,-4
-45.25,10,-10,-2
-41.63,9,-14,-1
-38.01,8,-18,-1
-45.25,11,-10,-4
-41.63,9,-14,-3
-45.25,11,-10,-4
-45.25,11,-10,-4
-41.63,9,-14,-3
-37.105,8,-19,-2
-45.25,11,-10,-4
-45.25,11,-10,-4
-41.63,9,-14,-3
-45.25,11,-10,-4
-52.49,12,-2,-3
-53.395,12,-1,-4
-52.49,12,-2,-3
-53.395,12,-1,-4
-52.49,12,-2,-3
-52.49,12,-2,-3
-53.395,12,-1,-4
-48.87,11,-6,-3
-53.395,12,-1,-4
-52.49,12,-2,-3
-46.155,11,-9,-3
-46.155,11,-9,-3
-46.155,11,-9,-3
-46.155,11,-9,-3
-43.44,10,-12,-2
-46.155,11,-9,-3
-46.155,11,-9,-3
-46.155,11,-9,-3
-43.44,10,-12,-2
-46.155,11,-9,-3
-46.155,9,-9,-1
-46.155,9,-9,-1
-46.155,9,-9,0
-46.155,9,-9,0
-46.155,9,-9,-1
-46.155,9,-9,-1
-46.155,9,-9,-1
-46.155,9,-9,-1
-46.155,9,-9,-2
-46.155,9,-9,-1
-45.25,11,-10,-4
-47.06,11,-8,-5
-47.06,11,-8,-5
-45.25,11,-10,-4
-47.06,11,-8,-5
-47.06,11,-8,-5
-45.25,11,-10,-4
-45.25,11,-10,-4
-47.06,11,-8,-4
-43.44,11,-12,-3
-51.585,12,-3,-4
-51.585,12,-3,-4
-50.68,12,-4,-4
-51.585,12,-3,-4
-51.585,12,-3,-4
-50.68,12,-4,-4
-50.68,12,-4,-4
-51.585,12,-3,-4
-50.68,12,-4,-4
-51.585,12,-3,-4
-43.44,9,-12,-2
-44.345,11,-11,-4
-40.725,9,-15,-1
-43.44,9,-12,-2
-43.44,9,-12,-2
-39.82,8,-16,-2
-44.345,11,-11,-4
-44.345,11,-11,-4
-40.725,9,-15,-1
-39.82,9,-16,-3
-37.105,8,-19,-2
-37.105,8,-19,-3
-37.105,8,-19,-2
-37.105,8,-19,-2
-37.105,8,-19,-2
-37.105,8,-19,-2
-37.105,8,-19,-3
-37.105,8,-19,-2
-38.915,9,-17,-4
-37.105,8,-19,-3
-45.25,11,-10,-6
-45.25,11,-10,-6
-46.155,12,-9,-6
-46.155,12,-9,-5
-46.155,12,-9,-5
-47.06,13,-8,-7
-46.155,12,-9,-5
-45.25,11,-10,-6
-45.25,11,-10,-3
-45.25,11,-10,-6
-48.87,11,-6,-2
-46.155,10,-9,-5
-44.345,10,-11,-3
-49.775,12,-5,-6
-46.155,10,-9,-5
-46.155,10,-9,-4
-44.345,10,-11,-3
-46.155,10,-9,-4
-49.775,12,-5,-6
-49.775,12,-5,-6
-46.155,9,-9,0
-46.155,9,-9,0
-46.155,9,-9,0
-46.155,9,-9,0
-46.155,9,-9,0
-46.155,9,-9,0
-46.155,9,-9,0
-46.155,9,-9,0
-46.155,9,-9,0
-46.155,9,-9,0
-48.87,12,-6,-8
-48.87,12,-6,-8
-48.87,12,-6,-8
-46.155,10,-9,-3
-48.87,12,-6,-8
-48.87,12,-6,-8
-48.87,12,-6,-8
-48.87,12,-6,-8
-48.87,12,-6,-8
-48.87,12,-6,-8
-46.155,11,-9,-4
-46.155,11,-9,-4
-42.535,9,-13,-4
-46.155,11,-9,-4
-42.535,9,-13,-4
-42.535,9,-13,-4
-42.535,9,-13,-4
-46.155,11,-9,-4
-46.155,11,-9,-4
-42.535,9,-13,-4
-44.345,9,-11,-3
-44.345,9,-11,-3
-42.535,9,-13,-3
-42.535,9,-13,-3
-42.535,9,-13,-3
-42.535,9,-13,-3
-42.535,9,-13,-3
-44.345,9,-11,-3
-42.535,9,-13,-3
-42.535,9,-13,-3
-40.725,10,-15,-5
-37.105,9,-19,-4
-35.295,9,-21,-2
-40.725,10,-15,-5
-40.725,10,-15,-5
-37.105,8,-19,-3
-37.105,9,-19,-4
-37.105,9,-19,-4
-35.295,9,-21,-4
-35.295,8,-21,-2
-39.82,8,-16,-4
-43.44,9,-12,-3
-43.44,9,-12,-3
-43.44,9,-12,-4
-43.44,9,-12,-4
-43.44,9,-12,-4
-43.44,9,-12,-4
-43.44,9,-12,-4
-43.44,9,-12,-3
-43.44,9,-12,-4
-42.535,10,-13,-5
-42.535,10,-13,-5
-41.63,10,-14,-4
-41.63,9,-14,-1
-37.105,10,-19,-6
-41.63,9,-14,-1
-41.63,9,-14,-1
-41.63,9,-14,-1
-41.63,9,-14,-1
-39.82,9,-16,-2
-43.44,10,-12,-2
-40.725,9,-15,-2
-43.44,10,-12,-3
-40.725,9,-15,-2
-43.44,10,-12,-3
-43.44,10,-12,-2
-43.44,10,-12,-2
-40.725,9,-15,-2
-43.44,10,-12,-2
-43.44,10,-12,-2
-43.44,9,-12,-2
-43.44,9,-12,-2
-43.44,9,-12,-2
-44.345,10,-11,-1
-42.535,9,-13,-3
-43.44,9,-12,-2
-44.345,10,-11,-1
-44.345,10,-11,-1
-43.44,9,-12,-2
-44.345,10,-11,-1
-47.06,10,-8,-4
-38.01,8,-18,-2
-47.06,10,-8,-4
-38.01,8,-18,-2
-47.06,10,-8,-4
-47.06,10,-8,-4
-47.06,10,-8,-4
-47.06,10,-8,-4
-47.06,10,-8,-4
-38.01,8,-18,-2
-47.965,12,-7,-3
-48.87,11,-6,-4
-48.87,11,-6,-4
-48.87,11,-6,-4
-48.87,11,-6,-4
-48.87,11,-6,-4
-48.87,11,-6,-4
-48.87,11,-6,-4
-47.965,12,-7,-3
-47.965,12,-7,-3
-46.155,9,-9,-2
-46.155,9,-9,-2
-46.155,9,-9,-2
-44.345,10,-11,-4
-46.155,9,-9,-2
-46.155,9,-9,-2
-44.345,10,-11,-4
-44.345,10,-11,-4
-38.915,8,-17,-2
-44.345,10,-11,-4
-45.25,11,-10,-3
-46.155,10,-9,-2
-46.155,11,-9,-3
-45.25,11,-10,-3
-47.965,11,-7,-3
-45.25,11,-10,-3
-45.25,11,-10,-3
-47.965,11,-7,-3
-46.155,10,-9,-2
-45.25,11,-10,-3
-35.295,8,-21,-1
-38.01,8,-18,-1
-35.295,8,-21,-1
-35.295,8,-21,-1
-38.01,8,-18,-1
-35.295,8,-21,-1
-35.295,8,-21,-1
-35.295,8,-21,-1
-35.295,8,-21,-1
-35.295,8,-21,-1
-45.25,11,-10,-4
-45.25,11,-10,-4
-42.535,9,-13,-2
-45.25,11,-10,-4
-45.25,11,-10,-4
-45.25,11,-10,-4
-45.25,11,-10,-4
-45.25,11,-10,-4
-42.535,9,-13,-2
-42.535,9,-13,-2
-43.44,10,-12,-3
-43.44,10,-12,-3
-38.01,9,-18,-2
-43.44,10,-12,-3
-44.345,10,-11,-1
-43.44,10,-12,-3
-44.345,10,-11,-1
-43.44,10,-12,-3
-43.44,10,-12,-3
-43.44,10,-12,-3
-42.535,11,-13,-3
-42.535,10,-13,-3
-42.535,11,-13,-3
-42.535,11,-13,-3
-42.535,11,-13,-3
-42.535,10,-13,-3
-43.44,10,-12,-2
-42.535,10,-13,-3
-42.535,11,-13,-3
-42.535,11,-13,-3
-47.06,12,-8,-4
-43.44,11,-12,-4
-47.06,12,-8,-4
-43.44,11,-12,-4
-43.44,11,-12,-4
-43.44,11,-12,-4
-43.44,11,-12,-4
-43.44,11,-12,-4
-43.44,11,-12,-4
-43.44,11,-12,-4
-50.68,12,-4,-4
-50.68,12,-4,-4
-51.585,12,-3,-5
-50.68,12,-4,-4
-47.06,12,-8,-4
-50.68,12,-4,-4
-51.585,12,-3,-5
-47.06,12,-8,-3
-50.68,12,-4,-4
-50.68,12,-4,-4
-43.44,10,-12,-4
-43.44,10,-12,-4
-39.82,9,-16,-4
-41.63,9,-14,-3
-43.44,10,-12,-4
-43.44,10,-12,-4
-43.44,10,-12,-4
-40.725,9,-15,-4
-43.44,10,-12,-4
-43.44,10,-12,-4
-51.585,13,-3,-6
-51.585,13,-3,-6
-51.585,13,-3,-5
-52.49,12,-2,-5
-52.49,12,-2,-5
-51.585,13,-3,-6
-51.585,13,-3,-6
-51.585,13,-3,-5
-52.49,12,-2,-5
-51.585,13,-3,-6
-47.06,10,-8,-4
-52.49,12,-2,-5
-47.06,10,-8,-4
-47.06,10,-8,-4
-47.06,10,-8,-4
-52.49,12,-2,-5
-47.06,10,-8,-4
-52.49,12,-2,-5
-47.06,10,-8,-4
-47.06,10,-8,-4
-42.535,9,-13,-4
-43.44,9,-12,-2
-43.44,9,-12,-1
-43.44,10,-12,-2
-43.44,9,-12,-1
-43.44,9,-12,-2
-43.44,9,-12,-2
-43.44,9,-12,-2
-43.44,9,-12,-2
-43.44,9,-12,-1
-49.775,12,-5,-6
-49.775,12,-5,-6
-49.775,12,-5,-6
-52.49,12,-2,-5
-52.49,12,-2,-5
-49.775,12,-5,-6
-49.775,12,-5,-6
-49.775,12,-5,-6
-50.68,12,-4,-6
-49.775,12,-5,-6
-47.965,11,-7,-3
-45.25,10,-10,-2
-49.775,12,-5,-3
-47.965,11,-7,-3
-46.155,12,-9,-3
-47.06,12,-8,-5
-45.25,11,-10,-4
-45.25,11,-10,-4
-49.775,12,-5,-3
-44.345,11,-11,-3
-43.44,10,-12,-5
-45.25,11,-10,-5
-45.25,11,-10,-5
-45.25,11,-10,-5
-43.44,10,-12,-5
-43.44,10,-12,-5
-43.44,10,-12,-5
-43.44,9,-12,-3
-43.44,10,-12,-5
-43.44,10,-12,-5
-41.63,9,-14,-3
-39.82,9,-16,-2
-41.63,9,-14,-2
-41.63,9,-14,-3
-45.25,10,-10,-3
-45.25,10,-10,-2
-45.25,10,-10,-3
-39.82,9,-16,-2
-45.25,10,-10,-2
-39.82,9,-16,-1
