6,57

2,9,5
2,8,4
2,10,4
2,9,3
2,8,2
2,9,1
2,11,1
2,12,0
2,10,0
2,9,-1
2,11,-1
2,7,1
2,8,0
2,5,1
2,6,0
1,2,4
1,4,4
1,1,3
1,3,3
1,0,2
1,2,2
1,4,2
1,-1,1
1,1,1
1,3,1
1,0,0
1,2,0
1,4,0
1,1,-1
1,3,-1
1,5,-1
1,2,-2
1,4,-2
1,3,-3
0,0,6
0,2,6
0,-1,5
0,1,5
0,3,5
0,-2,4
0,0,4
0,-3,3
0,-1,3
0,-4,2
0,-2,2
0,-5,1
0,-3,1
0,-4,0
0,-2,0
0,-3,-1
0,-1,-1
0,-2,-2
0,0,-2
0,-1,-3
0,1,-3
0,0,-4
0,2,-4

3
1,1,0,0,0,0
0,0,0,0,0,0
0,0
1,1
2,0

4
1,1,1,1,1,1
1,1,1,1,1,1
0,0
2,0
4,0
3,-1

5
1,1,1,1,1,1
0,0,0,0,0,0
1,1
3,1
0,0
2,0
4,0

6
1,1,1,1,1,1
0,0,0,0,0,0
1,1
5,1
0,0
2,0
4,0
6,0

7
1,0,0,0,0,0
0,0,0,0,0,0
0,0
2,0
-2,0
-1,1
1,1
-1,-1
1,-1

8
1,1,1,1,1,1
1,1,1,1,1,1
4,4
3,3
5,3
4,2
3,1
0,0
2,0
4,0

