-53.395,12,-1,-3
-53.395,12,-1,-3
-53.395,12,-1,-3
-53.395,12,-1,-3
-53.395,12,-1,-3
-53.395,12,-1,-3
-53.395,12,-1,-3
-53.395,12,-1,-3
-53.395,12,-1,-3
-53.395,12,-1,-3
-50.68,12,-4,-3
-50.68,12,-4,-3
-50.68,12,-4,-3
-50.68,12,-4,-3
-50.68,12,-4,-3
-53.395,12,-1,-3
-53.395,12,-1,-3
-50.68,12,-4,-3
-50.68,12,-4,-3
-50.68,12,-4,-3
-52.49,12,-2,-4
-52.49,12,-2,-4
-52.49,12,-2,-2
-52.49,12,-2,-2
-52.49,12,-2,-2
-52.49,12,-2,-2
-52.49,12,-2,-2
-52.49,12,-2,-2
-52.49,12,-2,-2
-52.49,12,-2,-2
-53.395,12,-1,-4
-53.395,12,-1,-4
-45.25,10,-10,-4
-53.395,12,-1,-4
-53.395,12,-1,-4
-53.395,12,-1,-4
-53.395,12,-1,-4
-53.395,12,-1,-4
-45.25,10,-10,-4
-53.395,12,-1,-4
-52.49,12,-2,-2
-52.49,12,-2,-2
-52.49,12,-2,-3
-52.49,12,-2,-3
-52.49,12,-2,-2
-52.49,12,-2,-2
-52.49,12,-2,-2
-52.49,12,-2,-3
-52.49,12,-2,-2
-52.49,12,-2,-2
-47.965,11,-7,-2
-47.965,11,-7,-2
-47.965,11,-7,-2
-47.965,11,-7,-2
-47.965,11,-7,-2
-47.965,11,-7,-2
-47.06,11,-8,-2
-47.965,11,-7,-2
-47.965,11,-7,-2
-47.965,11,-7,-2
-51.585,12,-3,-3
-51.585,12,-3,-3
-51.585,12,-3,-3
-51.585,12,-3,-3
-51.585,12,-3,-3
-51.585,12,-3,-3
-51.585,12,-3,-3
-51.585,12,-3,-3
-51.585,12,-3,-3
-51.585,12,-3,-3
-50.68,12,-4,-4
-50.68,12,-4,-4
-50.68,12,-4,-4
-51.585,13,-3,-5
-52.49,13,-2,-6
-50.68,12,-4,-4
-51.585,13,-3,-5
-50.68,12,-4,-4
-52.49,13,-2,-5
-51.585,13,-3,-5
-51.585,11,-3,-3
-51.585,11,-3,-3
-50.68,12,-4,-2
-51.585,11,-3,-3
-51.585,11,-3,-3
-51.585,11,-3,-3
-51.585,11,-3,-3
-51.585,11,-3,-3
-51.585,11,-3,-3
-51.585,11,-3,-3
-51.585,11,-3,-4
-51.585,11,-3,-3
-52.49,12,-2,-3
-51.585,11,-3,-3
-48.87,11,-6,-4
-52.49,12,-2,-3
-51.585,11,-3,-3
-51.585,11,-3,-3
-53.395,12,-1,-4
-51.585,11,-3,-3
-48.87,10,-6,-2
-48.87,11,-6,0
-48.87,11,-6,-1
-50.68,12,-4,-2
-48.87,10,-6,-2
-50.68,12,-4,-1
-50.68,12,-4,-2
-50.68,12,-4,-1
-48.87,11,-6,0
-48.87,10,-6,-2
-51.585,11,-3,-1
-52.49,11,-2,-1
-52.49,11,-2,-1
-52.49,11,-2,-1
-52.49,11,-2,-1
-52.49,11,-2,-1
-51.585,11,-3,-1
-52.49,11,-2,-1
-52.49,11,-2,-1
-52.49,11,-2,-1
-48.87,12,-6,-3
-49.775,11,-5,-3
-47.965,10,-7,-1
-49.775,11,-5,-3
-47.965,10,-7,-1
-48.87,11,-6,-3
-49.775,11,-5,-3
-49.775,11,-5,-3
-48.87,11,-6,-3
-47.965,10,-7,-1
-46.155,10,-9,-1
-46.155,10,-9,-1
-46.155,10,-9,-1
-47.965,10,-7,-2
-46.155,10,-9,-1
-46.155,10,-9,-1
-47.965,10,-7,-1
-46.155,10,-9,-1
-46.155,10,-9,-1
-47.965,10,-7,-2
-41.63,10,-14,-1
-41.63,10,-14,-1
-43.44,10,-12,-1
-41.63,10,-14,-1
-43.44,10,-12,-1
-41.63,10,-14,-1
-41.63,10,-14,-1
-41.63,10,-14,-1
-43.44,10,-12,-1
-43.44,10,-12,-1
-47.06,10,-8,-3
-48.87,10,-6,-2
-52.49,11,-2,-4
-48.87,10,-6,-2
-48.87,10,-6,-2
-48.87,10,-6,-2
-50.68,11,-4,-4
-50.68,11,-4,-3
-48.87,10,-6,-2
-48.87,10,-6,-2
-46.155,11,-9,-2
-46.155,11,-9,-2
-49.775,11,-5,-2
-50.68,11,-4,-2
-48.87,12,-6,-4
-49.775,11,-5,-2
-49.775,11,-5,-2
-49.775,11,-5,-2
-50.68,11,-4,-2
-50.68,11,-4,-2
-48.87,12,-6,-5
-48.87,12,-6,-4
-48.87,12,-6,-5
-52.49,12,-2,-3
-52.49,12,-2,-3
-52.49,12,-2,-3
-48.87,12,-6,-5
-52.49,12,-2,-3
-48.87,12,-6,-4
-45.25,11,-10,-5
-50.68,12,-4,-5
-50.68,12,-4,-5
-51.585,12,-3,-5
-45.25,10,-10,-1
-51.585,12,-3,-5
-43.44,10,-12,-1
-51.585,12,-3,-5
-50.68,12,-4,-5
-45.25,10,-10,0
-45.25,10,-10,0
-51.585,13,-3,-5
-50.68,13,-4,-4
-50.68,13,-4,-4
-50.68,13,-4,-4
-52.49,12,-2,-2
-50.68,13,-4,-4
-52.49,12,-2,-2
-52.49,12,-2,-2
-51.585,13,-3,-5
-50.68,13,-4,-4
-46.155,12,-9,-4
-46.155,12,-9,-4
-46.155,12,-9,-4
-46.155,12,-9,-4
-46.155,12,-9,-4
-46.155,12,-9,-4
-46.155,12,-9,-4
-46.155,12,-9,-4
-46.155,12,-9,-4
-46.155,12,-9,-4
-46.155,11,-9,-2
-50.68,11,-4,-2
-50.68,11,-4,-2
-49.775,11,-5,-3
-46.155,11,-9,-2
-50.68,11,-4,-2
-51.585,11,-3,-3
-50.68,11,-4,-2
-50.68,11,-4,-2
-50.68,11,-4,-2
-41.63,9,-14,0
-46.155,10,-9,-1
-46.155,10,-9,-1
-46.155,10,-9,-1
-46.155,10,-9,-1
-46.155,10,-9,-1
-46.155,10,-9,-1
-46.155,10,-9,-1
-46.155,10,-9,-1
-46.155,10,-9,-1
-47.965,12,-7,-4
-50.68,12,-4,-3
-50.68,12,-4,-3
-50.68,12,-4,-3
-47.965,12,-7,-4
-50.68,12,-4,-3
-47.965,12,-7,-2
-50.68,12,-4,-3
-47.965,12,-7,-4
-50.68,12,-4,-3
-53.395,13,-1,-4
-53.395,13,-1,-4
-47.965,12,-7,-4
-53.395,13,-1,-5
-53.395,13,-1,-4
-53.395,13,-1,-4
-53.395,13,-1,-4
-53.395,13,-1,-4
-53.395,13,-1,-4
-53.395,13,-1,-5
-47.965,10,-7,-1
-51.585,11,-3,-2
-51.585,12,-3,-3
-51.585,11,-3,-2
-47.965,10,-7,-1
-47.965,10,-7,-1
-47.06,10,-8,-2
-47.965,10,-7,-1
-47.965,10,-7,-1
-47.06,10,-8,-2
-46.155,10,-9,0
-49.775,12,-5,-1
-49.775,12,-5,-2
-49.775,12,-5,-2
-49.775,12,-5,-2
-49.775,12,-5,-1
-49.775,12,-5,-1
-49.775,12,-5,-2
-49.775,12,-5,-1
-49.775,12,-5,-1
-48.87,11,-6,-4
-48.87,11,-6,-4
-48.87,11,-6,-3
-48.87,11,-6,-4
-48.87,11,-6,-4
-48.87,11,-6,-3
-48.87,11,-6,-4
-42.535,10,-13,-2
-42.535,11,-13,-3
-48.87,11,-6,-4
-45.25,12,-10,-4
-48.87,13,-6,-6
-48.87,13,-6,-6
-49.775,13,-5,-5
-48.87,13,-6,-3
-48.87,13,-6,-3
-45.25,12,-10,-4
-47.965,13,-7,-4
-49.775,13,-5,-5
-48.87,13,-6,-5
-50.68,13,-4,-4
-52.49,12,-2,-2
-51.585,13,-3,-4
-51.585,12,-3,-2
-51.585,12,-3,-2
-47.965,11,-7,-4
-51.585,12,-3,-2
-51.585,12,-3,-2
-51.585,12,-3,-2
-51.585,12,-3,-2
-46.155,11,-9,-4
-48.87,11,-6,-4
-47.965,11,-7,-4
-51.585,12,-3,-5
-47.965,11,-7,-4
-48.87,11,-6,-4
-51.585,12,-3,-5
-47.965,11,-7,-4
-47.06,11,-8,-4
-48.87,11,-6,-4
-45.25,11,-10,-3
-49.775,12,-5,-5
-45.25,11,-10,-3
-49.775,12,-5,-5
-45.25,11,-10,-3
-45.25,11,-10,-3
-41.63,10,-14,-2
-45.25,12,-10,-4
-45.25,11,-10,-3
-49.775,12,-5,-5
-45.25,11,-10,-2
-41.63,10,-14,-2
-45.25,11,-10,-2
-41.63,10,-14,-2
-44.345,10,-11,-2
-48.87,11,-6,-4
-45.25,11,-10,-2
-45.25,11,-10,-2
-45.25,11,-10,-2
-45.25,11,-10,-2
-49.775,10,-5,-2
-49.775,10,-5,-2
-49.775,10,-5,-2
-49.775,10,-5,-2
-49.775,10,-5,-2
-49.775,10,-5,-2
-49.775,11,-5,-2
-49.775,10,-5,-2
-49.775,11,-5,-2
-49.775,10,-5,-2
-45.25,11,-10,-3
-45.25,11,-10,-3
-45.25,11,-10,-3
-44.345,11,-11,-4
-45.25,11,-10,-3
-45.25,11,-10,-3
-45.25,11,-10,-3
-45.25,11,-10,-3
-45.25,11,-10,-3
-45.25,11,-10,-3
-50.68,12,-4,-6
-50.68,12,-4,-6
-50.68,12,-4,-3
-43.44,10,-12,-3
-50.68,12,-4,-6
-52.49,12,-2,-6
-48.87,12,-6,-3
-52.49,12,-2,-6
-50.68,12,-4,-3
-48.87,12,-6,-7
-50.68,11,-4,-4
-50.68,11,-4,-4
-48.87,12,-6,-4
-48.87,12,-6,-4
-50.68,11,-4,-4
-48.87,12,-6,-4
-50.68,11,-4,-4
-48.87,12,-6,-4
-50.68,11,-4,-4
-48.87,12,-6,-4
-43.44,10,-12,-2
-43.44,11,-12,-1
-43.44,10,-12,-2
-43.44,10,-12,-2
-43.44,10,-12,-2
-43.44,10,-12,-2
-43.44,10,-12,-2
-43.44,10,-12,-2
-43.44,10,-12,-2
-43.44,10,-12,-2
-46.155,11,-9,-2
-46.155,11,-9,-2
-46.155,11,-9,-2
-46.155,11,-9,-2
-46.155,11,-9,-2
-46.155,11,-9,-2
-46.155,11,-9,-2
-46.155,11,-9,-2
-46.155,11,-9,-2
-46.155,11,-9,-2
-54.3,12,0,-2
-54.3,12,0,-2
-54.3,12,0,-2
-53.395,12,-1,-2
-54.3,12,0,-2
-53.395,12,-1,-2
-54.3,12,0,-2
-54.3,12,0,-2
-54.3,12,0,-2
-54.3,12,0,-2
-45.25,10,-10,-3
-45.25,10,-10,-3
-45.25,10,-10,-2
-45.25,10,-10,-2
-45.25,10,-10,-2
-45.25,10,-10,-3
-45.25,10,-10,-2
-45.25,10,-10,-2
-45.25,10,-10,-2
-45.25,10,-10,-2
-45.25,10,-10,-4
-45.25,10,-10,-4
-45.25,10,-10,-3
-46.155,11,-9,-5
-46.155,11,-9,-5
-45.25,10,-10,-4
-46.155,11,-9,-5
-46.155,11,-9,-5
-44.345,12,-11,-4
-46.155,11,-9,-5
-44.345,10,-11,-2
-44.345,10,-11,-2
-44.345,10,-11,-2
-44.345,10,-11,-2
-44.345,10,-11,-2
-48.87,11,-6,-2
-44.345,10,-11,-2
-44.345,10,-11,-2
-48.87,11,-6,-2
-44.345,10,-11,-2
-47.965,11,-7,-4
-47.06,11,-8,-3
-47.965,11,-7,-3
-47.965,11,-7,-4
-47.965,11,-7,-3
-50.68,13,-4,-6
-47.965,11,-7,-3
-47.965,11,-7,-3
-47.965,11,-7,-3
-47.965,11,-7,-4
-48.87,11,-6,-2
-49.775,11,-5,-2
-49.775,11,-5,-2
-49.775,11,-5,-2
-49.775,11,-5,-2
-49.775,11,-5,-2
-49.775,11,-5,-2
-48.87,11,-6,-3
-49.775,11,-5,-2
-49.775,11,-5,-2
-49.775,11,-5,-3
-49.775,11,-5,-3
-48.87,11,-6,-3
-49.775,11,-5,-3
-49.775,11,-5,-3
-49.775,11,-5,-3
-49.775,11,-5,-3
-49.775,11,-5,-3
-49.775,11,-5,-3
-49.775,11,-5,-3
-48.87,12,-6,-2
-51.585,12,-3,-2
-51.585,12,-3,-2
-51.585,12,-3,-2
-51.585,12,-3,-2
-51.585,12,-3,-2
-51.585,12,-3,-2
-51.585,12,-3,-2
-51.585,12,-3,-2
-46.155,11,-9,-3
-47.965,12,-7,-4
-49.775,13,-5,-3
-47.06,13,-8,-5
-49.775,13,-5,-3
-46.155,12,-9,-4
-47.965,12,-7,-4
-49.775,13,-5,-3
-49.775,13,-5,-3
-49.775,13,-5,-3
-47.965,12,-7,-3
-46.155,10,-9,-1
-46.155,10,-9,-2
-49.775,11,-5,-3
-49.775,11,-5,-3
-46.155,10,-9,-1
-49.775,11,-5,-3
-46.155,10,-9,-1
-49.775,11,-5,-3
-46.155,10,-9,-1
-46.155,10,-9,-1
-50.68,12,-4,-4
-50.68,12,-4,-4
-50.68,12,-4,-4
-48.87,12,-6,-4
-50.68,12,-4,-4
-48.87,12,-6,-4
-48.87,12,-6,-3
-48.87,12,-6,-4
-53.395,13,-1,-4
-48.87,12,-6,-4
-50.68,12,-4,-4
-48.87,11,-6,-3
-52.49,11,-2,-2
-52.49,11,-2,-2
-48.87,11,-6,-3
-48.87,11,-6,-2
-48.87,11,-6,-2
-48.87,11,-6,-2
-52.49,11,-2,-2
-48.87,11,-6,-2
-41.63,9,-14,-2
-47.06,10,-8,-2
-47.06,10,-8,-2
-41.63,9,-14,-2
-41.63,9,-14,-2
-47.06,10,-8,-2
-41.63,9,-14,-2
-47.06,10,-8,-2
-41.63,9,-14,-2
-41.63,9,-14,-2
-47.06,11,-8,-2
-47.06,11,-8,-2
-47.06,11,-8,-2
-43.44,10,-12,0
-47.06,11,-8,-2
-47.06,11,-8,-2
-43.44,9,-12,-1
-47.06,11,-8,-2
-47.06,10,-8,-3
-46.155,12,-9,-5
-46.155,10,-9,-1
-46.155,10,-9,-1
-53.395,12,-1,-1
-53.395,12,-1,-2
-49.775,11,-5,-1
-46.155,10,-9,-1
-46.155,10,-9,-1
-49.775,11,-5,-1
-46.155,10,-9,-1
-46.155,10,-9,-1
-45.25,10,-10,-2
-45.25,10,-10,-2
-45.25,10,-10,-2
-47.06,11,-8,-5
-45.25,10,-10,-2
-47.965,11,-7,-2
-47.965,11,-7,-2
-47.965,11,-7,-2
-45.25,10,-10,-2
-45.25,10,-10,-2
-49.775,11,-5,-4
-49.775,11,-5,-3
-49.775,11,-5,-4
-49.775,11,-5,-4
-46.155,11,-9,-3
-49.775,11,-5,-3
-49.775,11,-5,-4
-49.775,11,-5,-4
-46.155,11,-9,-3
-49.775,11,-5,-4
-53.395,11,-1,-2
-53.395,11,-1,-2
-53.395,11,-1,-2
-53.395,11,-1,-2
-53.395,11,-1,-2
-53.395,11,-1,-2
-53.395,11,-1,-2
-53.395,11,-1,-2
-53.395,11,-1,-2
-53.395,11,-1,-2
-53.395,11,-1,-1
-53.395,12,-1,-4
-53.395,11,-1,-1
-53.395,11,-1,-1
-53.395,11,-1,-1
-51.585,12,-3,-2
-53.395,11,-1,-1
-53.395,11,-1,-1
-53.395,11,-1,-1
-53.395,11,-1,-1
-43.44,11,-12,-3
-43.44,11,-12,-3
-43.44,11,-12,-3
-43.44,11,-12,-3
-41.63,11,-14,-3
-43.44,11,-12,-3
-43.44,11,-12,-3
-43.44,11,-12,-4
-43.44,11,-12,-3
-43.44,11,-12,-3
-50.68,12,-4,-2
-47.06,12,-8,-2
-50.68,12,-4,-2
-47.06,12,-8,-2
-47.06,12,-8,-2
-50.68,12,-4,-2
-43.44,10,-12,-3
-50.68,12,-4,-2
-50.68,12,-4,-2
-47.06,12,-8,-2
-54.3,12,0,-4
-48.87,11,-6,-3
-54.3,12,0,-4
-54.3,12,0,-4
-54.3,12,0,-4
-54.3,12,0,-4
-54.3,12,0,-4
-48.87,11,-6,-3
-54.3,12,0,-4
-54.3,12,0,-4
-48.87,10,-6,-2
-48.87,10,-6,-2
-48.87,10,-6,-2
-48.87,10,-6,-2
-48.87,10,-6,-2
-48.87,10,-6,-2
-48.87,10,-6,-2
-48.87,10,-6,-2
-48.87,10,-6,-2
-48.87,10,-6,-2
-46.155,10,-9,-1
-48.87,11,-6,-2
-46.155,10,-9,-1
-46.155,10,-9,-1
-46.155,10,-9,-1
-46.155,10,-9,-1
-46.155,10,-9,-1
-46.155,10,-9,-2
-46.155,10,-9,-2
-46.155,10,-9,-1
-49.775,12,-5,-3
-49.775,12,-5,-4
-49.775,12,-5,-3
-46.155,9,-9,-3
-49.775,12,-5,-4
-49.775,12,-5,-3
-46.155,9,-9,-3
-49.775,12,-5,-3
-46.155,9,-9,-3
-46.155,9,-9,-3
-48.87,11,-6,-3
-48.87,11,-6,-3
-41.63,9,-14,-1
-48.87,11,-6,-3
-47.965,11,-7,-3
-47.965,11,-7,-4
-41.63,9,-14,-1
-45.25,9,-10,-1
-41.63,9,-14,-1
-41.63,9,-14,-1
-54.3,12,0,-2
-52.49,12,-2,-2
-47.965,11,-7,-4
-47.965,11,-7,-3
-48.87,12,-6,-3
-52.49,12,-2,-1
-48.87,12,-6,-4
-48.87,12,-6,-4
-47.965,11,-7,-4
-52.49,12,-2,-2
-48.87,11,-6,-1
-52.49,13,-2,-3
-54.3,12,0,-2
-54.3,12,0,-2
-50.68,12,-4,-4
-54.3,12,0,-3
-53.395,13,-1,-4
-50.68,13,-4,-5
-54.3,12,0,-3
-54.3,12,0,-2
-49.775,11,-5,-1
-49.775,11,-5,-1
-49.775,11,-5,-1
-49.775,11,-5,-1
-49.775,11,-5,-1
-49.775,11,-5,-1
-49.775,11,-5,-1
-46.155,10,-9,-2
-49.775,11,-5,-1
-49.775,11,-5,-1
-49.775,10,-5,-1
-49.775,10,-5,-1
-47.06,10,-8,-2
-47.06,10,-8,-2
-49.775,11,-5,-3
-47.06,10,-8,-2
-47.06,10,-8,-2
-49.775,10,-5,-1
-49.775,10,-5,-1
-49.775,10,-5,-1
-45.25,10,-10,-4
-48.87,11,-6,-3
-49.775,11,-5,-3
-48.87,11,-6,-3
-49.775,11,-5,-3
-48.87,11,-6,-3
-51.585,12,-3,-4
-48.87,11,-6,-3
-48.87,11,-6,-3
-48.87,11,-6,-3
-48.87,11,-6,-4
-48.87,11,-6,-4
-48.87,11,-6,-4
-46.155,10,-9,-3
-52.49,12,-2,-5
-48.87,11,-6,-4
-48.87,11,-6,-4
-48.87,11,-6,-4
-48.87,11,-6,-4
-48.87,11,-6,-4
-36.2,9,-20,-2
-42.535,11,-13,-3
-38.915,11,-17,-6
-36.2,9,-20,-2
-41.63,10,-14,-5
-42.535,11,-13,-3
-41.63,10,-14,-3
-42.535,11,-13,-3
-42.535,11,-13,-3
-38.01,11,-18,-5
-38.915,9,-17,-2
-38.915,9,-17,-2
-38.915,9,-17,-2
-38.915,9,-17,-2
-38.915,9,-17,-2
-38.915,9,-17,-2
-34.39,9,-22,-1
-38.915,9,-17,-2
-38.915,9,-17,-2
-38.915,9,-17,-2
-47.06,9,-8,-1
-47.06,9,-8,-1
-47.06,9,-8,-1
-46.155,9,-9,-2
-46.155,9,-9,-2
-46.155,9,-9,-2
-47.06,9,-8,-1
-40.725,10,-15,-2
-46.155,9,-9,-2
-47.06,9,-8,-1
-51.585,12,-3,-4
-51.585,12,-3,-4
-50.68,12,-4,-3
-51.585,12,-3,-4
-51.585,12,-3,-4
-51.585,12,-3,-4
-50.68,12,-4,-3
-51.585,12,-3,-4
-47.06,12,-8,-2
-51.585,12,-3,-4
-45.25,10,-10,-1
-45.25,10,-10,-3
-47.06,11,-8,0
-43.44,9,-12,-4
-48.87,11,-6,-3
-46.155,10,-9,-2
-47.965,11,-7,-2
-46.155,10,-9,-2
-43.44,9,-12,-4
-38.915,8,-17,-3
-49.775,11,-5,-3
-47.965,11,-7,-3
-49.775,10,-5,-1
-49.775,10,-5,-1
-49.775,10,-5,-1
-49.775,10,-5,-1
-49.775,11,-5,-3
-49.775,10,-5,-1
-49.775,10,-5,-1
-49.775,10,-5,-1
-50.68,12,-4,-2
-43.44,11,-12,-1
-47.06,11,-8,-1
-46.155,10,-9,-2
-49.775,12,-5,-3
-49.775,12,-5,-3
-43.44,11,-12,-1
-43.44,11,-12,-1
-49.775,12,-5,-3
-48.87,12,-6,-4
-45.25,9,-10,-2
-45.25,9,-10,-2
-41.63,9,-14,-2
-43.44,10,-12,-2
-45.25,9,-10,-2
-43.44,10,-12,-2
-43.44,10,-12,-2
-41.63,9,-14,-1
-45.25,9,-10,-2
-45.25,9,-10,-2
-50.68,12,-4,-4
-52.49,12,-2,-3
-52.49,12,-2,-3
-52.49,12,-2,-3
-52.49,12,-2,-3
-52.49,12,-2,-3
-52.49,12,-2,-3
-52.49,12,-2,-3
-52.49,12,-2,-3
-52.49,12,-2,-3
-53.395,12,-1,-3
-53.395,12,-1,-3
-53.395,12,-1,-3
-53.395,12,-1,-3
-53.395,12,-1,-3
-53.395,12,-1,-3
-53.395,12,-1,-3
-53.395,12,-1,-3
-53.395,12,-1,-3
-53.395,12,-1,-3
-40.725,10,-15,-3
-45.25,11,-10,-3
-42.535,10,-13,-2
-40.725,10,-15,-3
-42.535,10,-13,-2
-40.725,10,-15,-3
-40.725,10,-15,-3
-40.725,10,-15,-3
-42.535,10,-13,-2
-42.535,10,-13,-2
-49.775,11,-5,-3
-49.775,11,-5,-3
-49.775,11,-5,-3
-48.87,11,-6,-3
-48.87,11,-6,-2
-49.775,11,-5,-3
-48.87,11,-6,-2
-48.87,11,-6,-3
-49.775,11,-5,-3
-48.87,11,-6,-1
-48.87,10,-6,-3
-53.395,12,-1,-4
-53.395,12,-1,-4
-48.87,10,-6,-3
-48.87,10,-6,-3
-51.585,12,-3,-4
-48.87,10,-6,-3
-48.87,10,-6,-3
-48.87,10,-6,-3
-48.87,10,-6,-3
-52.49,11,-2,-3
-51.585,12,-3,-5
-52.49,11,-2,-3
-49.775,11,-5,-4
-52.49,11,-2,-3
-51.585,12,-3,-5
-51.585,12,-3,-5
-52.49,11,-2,-3
-49.775,11,-5,-4
-49.775,11,-5,-3
-43.44,11,-12,-2
-43.44,11,-12,-2
-43.44,11,-12,-2
-43.44,11,-12,-3
-43.44,11,-12,-2
-43.44,11,-12,-2
-43.44,11,-12,-2
-43.44,11,-12,-3
-43.44,11,-12,-2
-43.44,11,-12,-2
-45.25,10,-10,-2
-41.63,8,-14,-3
-41.63,8,-14,-3
-41.63,8,-14,-3
-45.25,10,-10,-2
-41.63,8,-14,-3
-45.25,10,-10,-2
-41.63,8,-14,-3
-45.25,10,-10,-2
-41.63,8,-14,-3
-48.87,12,-6,-2
-47.06,11,-8,-2
-47.965,12,-7,-3
-49.775,11,-5,-3
-47.06,12,-8,-3
-48.87,12,-6,-2
-47.06,12,-8,-3
-47.965,12,-7,-3
-47.06,12,-8,-3
-47.06,12,-8,-3
-44.345,9,-11,-2
-41.63,10,-14,0
-41.63,9,-14,-2
-44.345,9,-11,-2
-41.63,10,-14,0
-46.155,10,-9,-4
-46.155,10,-9,-4
-46.155,10,-9,-4
-44.345,9,-11,-2
-46.155,10,-9,-4
-52.49,12,-2,-1
-52.49,12,-2,-1
-52.49,12,-2,-1
-52.49,12,-2,-1
-51.585,12,-3,-3
-51.585,12,-3,-3
-50.68,12,-4,-4
-45.25,11,-10,-1
-51.585,12,-3,-3
-52.49,12,-2,-1
-50.68,11,-4,-3
-50.68,11,-4,-3
-50.68,11,-4,-3
-50.68,11,-4,-3
-49.775,11,-5,-3
-49.775,11,-5,-3
-46.155,10,-9,-1
-51.585,11,-3,-3
-46.155,10,-9,-1
-49.775,11,-5,-1
-49.775,12,-5,-2
-49.775,12,-5,-2
-45.25,11,-10,-4
-47.06,11,-8,-2
-49.775,12,-5,-2
-49.775,12,-5,-2
-49.775,12,-5,-2
-49.775,12,-5,-4
-49.775,12,-5,-4
-49.775,12,-5,-2
-50.68,12,-4,-4
-49.775,12,-5,-4
-49.775,12,-5,-4
-50.68,12,-4,-4
-50.68,12,-4,-4
-50.68,12,-4,-4
-49.775,12,-5,-4
-47.06,10,-8,-3
-50.68,12,-4,-4
-50.68,12,-4,-4
-52.49,11,-2,-5
-52.49,11,-2,-5
-52.49,11,-2,-5
-52.49,11,-2,-5
-52.49,11,-2,-5
-49.775,12,-5,-3
-52.49,11,-2,-5
-52.49,11,-2,-5
-49.775,12,-5,-3
-52.49,11,-2,-5
-43.44,11,-12,-4
-43.44,11,-12,-4
-43.44,11,-12,-5
-43.44,11,-12,-3
-45.25,11,-10,-3
-46.155,12,-9,-4
-45.25,11,-10,-3
-45.25,11,-10,-3
-45.25,11,-10,-3
-45.25,11,-10,-3
-53.395,12,-1,-4
-53.395,12,-1,-5
-52.49,12,-2,-5
-53.395,12,-1,-5
-52.49,12,-2,-5
-52.49,12,-2,-5
-53.395,12,-1,-5
-52.49,12,-2,-5
-53.395,12,-1,-5
-53.395,12,-1,-4
-44.345,9,-11,-1
-48.87,11,-6,-2
-46.155,10,-9,-2
-46.155,10,-9,-2
-46.155,10,-9,-2
-46.155,10,-9,-2
-47.06,11,-8,-3
-44.345,9,-11,-1
-46.155,10,-9,-2
-46.155,10,-9,-2
-51.585,12,-3,-4
-51.585,12,-3,-4
-47.965,10,-7,-2
-51.585,12,-3,-4
-47.965,10,-7,-2
-51.585,12,-3,-4
-47.965,10,-7,-2
-47.965,10,-7,-2
-47.965,10,-7,-2
-51.585,12,-3,-4
-46.155,9,-9,-2
-46.155,9,-9,-2
-46.155,9,-9,-2
-46.155,9,-9,-2
-46.155,9,-9,-2
-45.25,10,-10,-1
-47.06,10,-8,-2
-46.155,9,-9,-2
-46.155,9,-9,-2
-46.155,9,-9,-2
-47.965,11,-7,-4
-50.68,12,-4,-3
-50.68,12,-4,-3
-45.25,10,-10,-2
-50.68,12,-4,-3
-47.965,11,-7,-2
-47.965,11,-7,-4
-45.25,10,-10,-2
-47.965,11,-7,-2
-47.965,11,-7,-2
