-35.955,9,-9,-4
-34.545,9,-11,-4
-35.955,9,-9,-4
-35.955,9,-9,-4
-35.955,9,-9,-4
-35.955,9,-9,-4
-35.955,9,-9,-4
-35.955,9,-9,-4
-33.84,10,-12,-3
-35.955,9,-9,-4
-35.955,10,-9,-4
-35.25,10,-10,-5
-35.25,9,-10,-4
-35.955,10,-9,-4
-35.955,10,-9,-4
-34.545,10,-11,-3
-35.955,10,-9,-4
-35.25,10,-10,-5
-35.955,10,-9,-4
-35.955,10,-9,-5
-37.365,11,-7,-6
-38.07,11,-6,-6
-38.775,11,-5,-7
-38.775,11,-5,-7
-37.365,11,-7,-6
-38.07,11,-6,-6
-38.775,10,-5,-5
-38.775,11,-5,-7
-38.07,11,-6,-6
-38.07,11,-6,-6
-38.07,9,-6,-5
-38.07,9,-6,-5
-36.66,9,-8,-3
-35.25,9,-10,-4
-40.89,10,-2,-5
-39.48,10,-4,-5
-38.07,9,-6,-5
-38.07,9,-6,-5
-38.07,9,-6,-5
-39.48,10,-4,-5
-36.66,9,-8,-4
-35.955,9,-9,-4
-35.955,9,-9,-4
-36.66,9,-8,-4
-34.545,9,-11,-3
-35.955,9,-9,-4
-36.66,9,-8,-4
-35.955,9,-9,-4
-33.84,8,-12,-4
-35.955,9,-9,-4
-35.25,9,-10,-4
-35.25,9,-10,-4
-35.25,9,-10,-4
-35.25,9,-10,-4
-35.25,9,-10,-4
-35.25,9,-10,-4
-35.25,9,-10,-4
-35.25,9,-10,-4
-35.25,9,-10,-4
-35.25,9,-10,-4
-36.66,10,-8,-6
-36.66,10,-8,-6
-36.66,10,-8,-6
-36.66,10,-8,-6
-36.66,10,-8,-6
-36.66,11,-8,-7
-36.66,10,-8,-6
-36.66,10,-8,-6
-36.66,10,-8,-6
-36.66,10,-8,-6
-40.185,11,-3,-5
-39.48,11,-4,-6
-39.48,11,-4,-6
-38.775,10,-5,-5
-39.48,11,-4,-6
-39.48,11,-4,-6
-39.48,11,-4,-6
-39.48,11,-4,-6
-39.48,11,-4,-6
-39.48,11,-4,-6
-42.3,11,0,-6
-42.3,11,0,-6
-41.595,11,-1,-5
-42.3,11,0,-6
-41.595,11,-1,-5
-40.89,11,-2,-6
-41.595,11,-1,-5
-42.3,11,0,-6
-42.3,11,0,-6
-41.595,11,-1,-5
-36.66,11,-8,-6
-35.25,10,-10,-5
-35.25,11,-10,-5
-36.66,11,-8,-5
-35.955,10,-9,-5
-36.66,11,-8,-5
-35.25,10,-10,-4
-35.25,11,-10,-5
-35.25,11,-10,-5
-35.955,10,-9,-4
-37.365,10,-7,-5
-38.07,10,-6,-4
-38.07,10,-6,-6
-39.48,10,-4,-4
-38.775,10,-5,-5
-38.775,10,-5,-5
-38.07,10,-6,-5
-38.775,10,-5,-5
-38.775,10,-5,-5
-38.07,9,-6,-4
-36.66,9,-8,-3
-36.66,9,-8,-4
-36.66,9,-8,-4
-35.25,9,-10,-4
-36.66,9,-8,-4
-35.25,9,-10,-4
-36.66,9,-8,-4
-35.25,9,-10,-4
-35.25,9,-10,-4
-36.66,9,-8,-3
-35.955,10,-9,-2
-36.66,11,-8,-4
-35.955,10,-9,-2
-35.955,10,-9,-2
-38.775,11,-5,-6
-35.955,10,-9,-2
-36.66,12,-8,-5
-35.955,10,-9,-2
-38.07,11,-6,-3
-38.07,11,-6,-3
-36.66,10,-8,-5
-33.84,9,-12,-3
-35.25,9,-10,-4
-35.25,10,-10,-5
-34.545,10,-11,-5
-36.66,10,-8,-4
-34.545,10,-11,-5
-35.25,9,-10,-3
-33.135,9,-13,-3
-37.365,10,-7,-4
-37.365,11,-7,-4
-36.66,10,-8,-4
-35.25,11,-10,-4
-35.955,10,-9,-3
-35.955,10,-9,-3
-36.66,10,-8,-4
-37.365,11,-7,-4
-35.955,10,-9,-3
-37.365,11,-7,-4
-35.955,10,-9,-3
-33.84,10,-12,-6
-36.66,11,-8,-8
-35.25,10,-10,-6
-33.84,10,-12,-6
-36.66,11,-8,-8
-35.25,10,-10,-6
-33.84,9,-12,-5
-35.25,10,-10,-6
-33.84,10,-12,-6
-33.84,8,-12,-5
-38.07,10,-6,-4
-37.365,10,-7,-3
-38.07,10,-6,-3
-34.545,10,-11,-4
-38.07,10,-6,-4
-33.135,9,-13,-4
-33.84,9,-12,-3
-38.07,10,-6,-4
-37.365,10,-7,-2
-34.545,10,-11,-5
-36.66,9,-8,-3
-37.365,9,-7,-2
-37.365,9,-7,-2
-37.365,9,-7,-2
-34.545,9,-11,-3
-37.365,9,-7,-3
-37.365,9,-7,-3
-37.365,9,-7,-2
-37.365,9,-7,-2
-37.365,9,-7,-2
-41.595,11,-1,-5
-41.595,11,-1,-5
-40.185,11,-3,-5
-41.595,11,-1,-5
-41.595,11,-1,-5
-41.595,11,-1,-5
-41.595,11,-1,-5
-41.595,11,-1,-5
-40.185,11,-3,-5
-41.595,11,-1,-5
-29.61,7,-18,-2
-29.61,7,-18,-2
-29.61,7,-18,-2
-29.61,7,-18,-2
-29.61,7,-18,-2
-29.61,7,-18,-2
-29.61,7,-18,-2
-29.61,7,-18,-2
-29.61,7,-18,-2
-29.61,7,-18,-2
-39.48,11,-4,-6
-39.48,11,-4,-6
-40.185,11,-3,-7
-39.48,11,-4,-7
-39.48,11,-4,-6
-40.89,11,-2,-7
-39.48,11,-4,-6
-39.48,11,-4,-7
-40.185,11,-3,-7
-39.48,11,-4,-6
-34.545,10,-11,-4
-34.545,10,-11,-4
-34.545,10,-11,-4
-34.545,10,-11,-4
-34.545,10,-11,-4
-34.545,10,-11,-4
-34.545,10,-11,-4
-34.545,10,-11,-4
-34.545,10,-11,-4
-34.545,10,-11,-4
-30.315,8,-17,-4
-31.02,8,-16,-4
-35.955,9,-9,-2
-32.43,8,-14,-4
-35.955,9,-9,-2
-35.955,9,-9,-2
-34.545,9,-11,-4
-34.545,9,-11,-4
-34.545,9,-11,-4
-31.02,8,-16,-3
-37.365,9,-7,-5
-35.955,9,-9,-6
-35.955,9,-9,-6
-37.365,9,-7,-5
-35.955,9,-9,-6
-35.955,9,-9,-6
-35.955,9,-9,-6
-37.365,9,-7,-5
-35.955,9,-9,-6
-37.365,9,-7,-5
-36.66,9,-8,-6
-36.66,9,-8,-6
-36.66,9,-8,-6
-36.66,9,-8,-6
-36.66,9,-8,-6
-36.66,9,-8,-6
-36.66,9,-8,-6
-36.66,9,-8,-6
-36.66,9,-8,-6
-36.66,9,-8,-6
-37.365,12,-7,-7
-36.66,12,-8,-8
-38.775,11,-5,-7
-37.365,11,-7,-7
-36.66,12,-8,-7
-37.365,10,-7,-5
-37.365,12,-7,-7
-33.135,10,-13,-6
-35.955,11,-9,-6
-37.365,11,-7,-7
-41.595,11,-1,-6
-41.595,11,-1,-6
-41.595,11,-1,-6
-40.89,12,-2,-7
-41.595,11,-1,-6
-41.595,11,-1,-6
-41.595,11,-1,-5
-40.89,12,-2,-8
-41.595,11,-1,-6
-41.595,11,-1,-6
-35.25,9,-10,-3
-38.07,9,-6,-3
-38.07,9,-6,-3
-38.07,9,-6,-3
-38.07,10,-6,-5
-38.07,9,-6,-3
-36.66,9,-8,-3
-36.66,9,-8,-3
-38.07,9,-6,-3
-38.07,9,-6,-3
-39.48,11,-4,-6
-38.775,10,-5,-6
-40.89,11,-2,-7
-41.595,11,-1,-6
-38.775,10,-5,-6
-37.365,10,-7,-7
-38.775,10,-5,-6
-38.775,10,-5,-6
-38.775,10,-5,-6
-38.775,10,-5,-6
-36.66,9,-8,-4
-36.66,9,-8,-4
-35.955,10,-9,-4
-36.66,9,-8,-4
-35.955,10,-9,-4
-36.66,9,-8,-3
-35.955,10,-9,-4
-36.66,9,-8,-4
-34.545,9,-11,-4
-36.66,9,-8,-4
-35.25,9,-10,-5
-35.25,9,-10,-5
-35.25,9,-10,-5
-34.545,9,-11,-4
-34.545,9,-11,-4
-35.25,9,-10,-4
-35.25,9,-10,-5
-36.66,10,-8,-3
-35.25,9,-10,-4
-35.25,9,-10,-5
-35.955,10,-9,-4
-35.955,10,-9,-4
-35.25,9,-10,-3
-35.955,10,-9,-4
-35.955,10,-9,-4
-35.955,10,-9,-4
-35.955,10,-9,-4
-35.955,10,-9,-4
-35.955,10,-9,-4
-35.955,10,-9,-4
-31.02,8,-16,-1
-31.02,8,-16,-1
-31.725,9,-15,-4
-31.02,8,-16,-1
-31.02,8,-16,-2
-30.315,8,-17,-3
-31.02,8,-16,-1
-31.02,8,-16,-1
-31.02,8,-16,-1
-31.02,8,-16,-1
-38.07,11,-6,-4
-33.135,9,-13,-4
-35.25,10,-10,-5
-33.135,9,-13,-4
-35.25,10,-10,-4
-35.25,10,-10,-4
-35.25,10,-10,-4
-35.25,10,-10,-4
-35.25,10,-10,-4
-33.84,9,-12,-3
-33.84,8,-12,-2
-34.545,9,-11,-2
-34.545,9,-11,-2
-34.545,9,-11,-3
-34.545,9,-11,-2
-34.545,9,-11,-2
-34.545,9,-11,-2
-34.545,9,-11,-2
-33.84,8,-12,-2
-34.545,9,-11,-2
-36.66,10,-8,-4
-36.66,10,-8,-4
-36.66,10,-8,-4
-38.07,11,-6,-6
-36.66,10,-8,-4
-36.66,10,-8,-4
-36.66,10,-8,-4
-36.66,10,-8,-4
-36.66,10,-8,-4
-36.66,10,-8,-4
-34.545,9,-11,-4
-40.185,10,-3,-5
-34.545,9,-11,-4
-40.185,10,-3,-5
-40.185,10,-3,-5
-40.185,10,-3,-5
-40.185,10,-3,-5
-40.185,10,-3,-5
-34.545,9,-11,-4
-40.185,10,-3,-5
-35.25,9,-10,-4
-35.25,9,-10,-4
-33.84,9,-12,-3
-38.775,10,-5,-4
-35.25,10,-10,-4
-35.955,10,-9,-4
-35.955,10,-9,-4
-37.365,10,-7,-3
-35.25,9,-10,-4
-35.25,10,-10,-4
-36.66,10,-8,-3
-37.365,9,-7,-2
-35.955,9,-9,-4
-42.3,11,0,-5
-36.66,10,-8,-3
-37.365,9,-7,-2
-36.66,10,-8,-3
-35.955,9,-9,-3
-36.66,9,-8,-3
-36.66,10,-8,-3
-38.07,10,-6,-3
-39.48,11,-4,-4
-36.66,9,-8,-2
-38.07,10,-6,-3
-38.07,10,-6,-3
-38.07,10,-6,-3
-38.07,10,-6,-3
-38.07,10,-6,-4
-38.07,10,-6,-3
-38.07,10,-6,-3
-36.66,10,-8,-5
-35.25,9,-10,-4
-36.66,9,-8,-5
-37.365,10,-7,-4
-36.66,9,-8,-5
-36.66,10,-8,-5
-36.66,9,-8,-5
-36.66,9,-8,-3
-36.66,9,-8,-5
-36.66,9,-8,-5
-38.775,10,-5,-5
-38.07,10,-6,-5
-38.07,10,-6,-5
-38.07,10,-6,-6
-38.07,9,-6,-4
-38.07,10,-6,-5
-38.07,10,-6,-6
-38.07,10,-6,-6
-38.07,10,-6,-6
-38.07,10,-6,-5
-31.725,9,-15,-3
-29.61,9,-18,-4
-29.61,9,-18,-4
-36.66,10,-8,-4
-35.25,10,-10,-3
-35.25,10,-10,-3
-31.725,9,-15,-3
-35.955,9,-9,-5
-31.725,9,-15,-5
-35.25,9,-10,-4
-39.48,10,-4,-2
-38.07,10,-6,-4
-38.07,10,-6,-4
-39.48,10,-4,-2
-35.25,9,-10,-2
-38.07,10,-6,-4
-38.07,10,-6,-4
-38.07,10,-6,-4
-38.07,10,-6,-4
-38.07,10,-6,-4
-35.25,10,-10,-5
-33.84,9,-12,-5
-33.135,9,-13,-4
-31.02,8,-16,-2
-36.66,9,-8,-5
-35.25,9,-10,-4
-33.135,9,-13,-4
-35.25,9,-10,-4
-38.07,10,-6,-5
-33.135,9,-13,-4
-39.48,10,-4,-6
-40.89,10,-2,-4
-40.185,10,-3,-5
-40.185,10,-3,-5
-38.775,10,-5,-4
-41.595,10,-1,-6
-40.185,10,-3,-5
-39.48,10,-4,-6
-41.595,10,-1,-6
-40.185,10,-3,-5
-36.66,9,-8,-3
-36.66,9,-8,-3
-36.66,9,-8,-3
-36.66,9,-8,-3
-36.66,9,-8,-3
-35.955,9,-9,-2
-36.66,9,-8,-3
-36.66,9,-8,-3
-36.66,9,-8,-3
-36.66,9,-8,-3
-35.25,11,-10,-5
-35.955,10,-9,-4
-31.02,8,-16,-3
-34.545,10,-11,-5
-33.84,9,-12,-4
-38.07,13,-6,-7
-38.07,12,-6,-5
-38.07,12,-6,-5
-34.545,10,-11,-5
-37.365,12,-7,-6
-38.07,11,-6,-4
-37.365,10,-7,-4
-36.66,11,-8,-5
-37.365,10,-7,-4
-37.365,10,-7,-4
-37.365,10,-7,-4
-37.365,10,-7,-4
-37.365,10,-7,-4
-37.365,11,-7,-5
-36.66,11,-8,-5
-35.25,9,-10,-5
-35.25,9,-10,-5
-36.66,9,-8,-4
-36.66,9,-8,-4
-36.66,9,-8,-4
-35.25,9,-10,-5
-35.25,9,-10,-5
-36.66,9,-8,-4
-36.66,9,-8,-4
-35.25,9,-10,-5
-35.25,12,-10,-6
-35.25,12,-10,-6
-34.545,11,-11,-5
-34.545,11,-11,-5
-35.25,12,-10,-6
-34.545,11,-11,-5
-34.545,11,-11,-5
-34.545,11,-11,-5
-34.545,11,-11,-5
-35.25,12,-10,-6
-38.07,11,-6,-3
-38.775,11,-5,-3
-38.07,11,-6,-3
-38.07,11,-6,-3
-38.07,11,-6,-3
-38.07,11,-6,-3
-34.545,10,-11,-5
-38.07,11,-6,-3
-38.07,11,-6,-3
-38.07,11,-6,-3
-39.48,12,-4,-6
-38.07,11,-6,-4
-39.48,12,-4,-6
-38.775,11,-5,-5
-39.48,12,-4,-6
-39.48,12,-4,-6
-39.48,12,-4,-7
-39.48,12,-4,-6
-39.48,12,-4,-6
-39.48,12,-4,-6
-35.955,10,-9,-5
-35.955,10,-9,-5
-37.365,11,-7,-6
-35.25,10,-10,-4
-35.25,10,-10,-4
-36.66,10,-8,-5
-36.66,10,-8,-5
-35.25,10,-10,-4
-35.25,10,-10,-4
-37.365,11,-7,-6
-36.66,10,-8,-4
-40.89,11,-2,-5
-40.89,11,-2,-5
-36.66,10,-8,-4
-37.365,10,-7,-5
-37.365,11,-7,-5
-38.07,11,-6,-5
-40.89,11,-2,-5
-40.89,11,-2,-5
-40.89,11,-2,-5
-40.89,11,-2,-5
-40.89,11,-2,-5
-40.89,11,-2,-5
-40.89,11,-2,-5
-40.89,11,-2,-5
-40.89,11,-2,-5
-40.89,11,-2,-5
-42.3,11,0,-4
-40.89,11,-2,-5
-40.89,11,-2,-5
-38.775,12,-5,-7
-35.25,10,-10,-5
-34.545,9,-11,-5
-35.25,10,-10,-5
-38.775,12,-5,-7
-38.775,12,-5,-7
-38.775,12,-5,-7
-34.545,9,-11,-4
-38.775,11,-5,-6
-34.545,9,-11,-5
-33.84,8,-12,-4
-33.84,8,-12,-4
-33.84,8,-12,-4
-33.84,8,-12,-3
-33.84,8,-12,-3
-33.84,8,-12,-3
-33.135,8,-13,-4
-33.84,8,-12,-3
-33.135,8,-13,-2
-33.84,8,-12,-4
-36.66,9,-8,-4
-39.48,10,-4,-4
-36.66,9,-8,-3
-39.48,10,-4,-4
-39.48,10,-4,-4
-39.48,10,-4,-4
-39.48,10,-4,-4
-39.48,10,-4,-4
-36.66,9,-8,-3
-39.48,10,-4,-4
-30.315,8,-17,-3
-30.315,8,-17,-1
-30.315,8,-17,-3
-33.135,8,-13,-2
-31.02,9,-16,-2
-35.25,9,-10,-3
-31.02,9,-16,-3
-30.315,8,-17,-3
-33.135,8,-13,-2
-30.315,8,-17,-3
-36.66,11,-8,-3
-36.66,11,-8,-3
-36.66,11,-8,-3
-36.66,11,-8,-3
-35.955,10,-9,-3
-36.66,11,-8,-3
-35.955,10,-9,-3
-36.66,11,-8,-3
-36.66,11,-8,-3
-36.66,11,-8,-3
-35.25,9,-10,-4
-35.955,9,-9,-5
-35.25,9,-10,-4
-33.84,10,-12,-5
-35.955,9,-9,-4
-35.955,9,-9,-5
-33.84,10,-12,-5
-35.25,9,-10,-4
-33.84,10,-12,-5
-34.545,10,-11,-5
-33.135,9,-13,-6
-33.135,9,-13,-6
-33.135,9,-13,-6
-33.135,9,-13,-6
-32.43,8,-14,-6
-31.02,9,-16,-5
-33.135,10,-13,-6
-32.43,8,-14,-6
-33.135,9,-13,-6
-33.135,9,-13,-6
-39.48,10,-4,-5
-39.48,10,-4,-5
-39.48,10,-4,-5
-39.48,10,-4,-5
-39.48,10,-4,-5
-39.48,10,-4,-5
-39.48,10,-4,-5
-39.48,10,-4,-5
-39.48,10,-4,-5
-39.48,10,-4,-5
-39.48,10,-4,-6
-39.48,10,-4,-5
-39.48,10,-4,-6
-40.185,10,-3,-5
-39.48,10,-4,-5
-37.365,11,-7,-5
-39.48,10,-4,-5
-39.48,10,-4,-6
-37.365,10,-7,-4
-39.48,10,-4,-5
-37.365,12,-7,-4
-37.365,12,-7,-5
-39.48,13,-4,-5
-37.365,12,-7,-4
-37.365,12,-7,-4
-38.775,12,-5,-5
-38.775,12,-5,-5
-37.365,12,-7,-5
-38.775,12,-5,-5
-37.365,12,-7,-5
-34.545,10,-11,-2
-36.66,10,-8,-4
-36.66,10,-8,-4
-36.66,10,-8,-4
-36.66,9,-8,-3
-36.66,10,-8,-4
-36.66,10,-8,-4
-36.66,10,-8,-4
-36.66,10,-8,-4
-36.66,10,-8,-5
-39.48,10,-4,-5
-37.365,10,-7,-5
-40.89,10,-2,-4
-39.48,10,-4,-5
-38.775,10,-5,-5
-39.48,10,-4,-5
-39.48,10,-4,-5
-39.48,10,-4,-5
-36.66,9,-8,-5
-39.48,10,-4,-6
-38.07,10,-6,-3
-35.25,9,-10,-2
-36.66,10,-8,-3
-36.66,10,-8,-3
-38.07,10,-6,-4
-36.66,10,-8,-3
-38.07,10,-6,-3
-35.25,9,-10,-2
-35.25,10,-10,-4
-36.66,10,-8,-3
-34.545,11,-11,-5
-38.775,12,-5,-6
-38.07,12,-6,-5
-38.775,12,-5,-7
-34.545,11,-11,-6
-34.545,11,-11,-6
-37.365,12,-7,-6
-38.775,12,-5,-6
-37.365,12,-7,-6
-37.365,12,-7,-6
-39.48,11,-4,-4
-38.07,11,-6,-3
-37.365,10,-7,-5
-39.48,11,-4,-4
-39.48,11,-4,-5
-39.48,11,-4,-4
-40.89,11,-2,-4
-39.48,11,-4,-4
-39.48,11,-4,-5
-39.48,11,-4,-4
-38.775,12,-5,-6
-38.775,12,-5,-6
-35.955,10,-9,-4
-38.775,12,-5,-6
-38.775,12,-5,-6
-38.775,12,-5,-6
-38.07,11,-6,-5
-38.775,12,-5,-6
-40.185,12,-3,-7
-38.775,12,-5,-6
-36.66,10,-8,-4
-36.66,10,-8,-4
-36.66,10,-8,-3
-38.07,9,-6,-4
-36.66,10,-8,-3
-36.66,10,-8,-3
-35.955,10,-9,-4
-35.25,9,-10,-4
-35.955,9,-9,-3
-36.66,10,-8,-3
-36.66,11,-8,-4
-36.66,11,-8,-4
-38.775,12,-5,-5
-38.775,12,-5,-5
-36.66,11,-8,-4
-38.07,11,-6,-4
-35.955,10,-9,-3
-38.07,12,-6,-4
-35.25,11,-10,-6
-36.66,11,-8,-4
-39.48,11,-4,-5
-37.365,10,-7,-4
-37.365,10,-7,-4
-36.66,10,-8,-6
-37.365,10,-7,-4
-38.07,11,-6,-6
-38.07,11,-6,-4
-39.48,11,-4,-6
-37.365,10,-7,-4
-35.955,10,-9,-4
-40.185,11,-3,-6
-39.48,11,-4,-6
-40.185,11,-3,-6
-40.185,11,-3,-6
-40.185,11,-3,-6
-40.185,11,-3,-6
-40.185,11,-3,-6
-40.185,11,-3,-6
-40.185,11,-3,-6
-41.595,11,-1,-6
-35.25,10,-10,-2
-35.25,10,-10,-2
-35.25,10,-10,-3
-33.84,10,-12,-3
-35.25,10,-10,-3
-34.545,9,-11,-2
-35.25,10,-10,-3
-35.25,10,-10,-3
-35.25,10,-10,-2
-35.25,10,-10,-2
-36.66,9,-8,-6
-37.365,10,-7,-5
-38.07,9,-6,-6
-35.25,9,-10,-5
-36.66,9,-8,-6
-36.66,9,-8,-6
-35.25,9,-10,-6
-38.07,9,-6,-6
-36.66,9,-8,-6
-38.07,9,-6,-6
-34.545,9,-11,-3
-34.545,9,-11,-3
-34.545,9,-11,-3
-34.545,9,-11,-3
-33.84,9,-12,-5
-34.545,9,-11,-3
-34.545,9,-11,-3
-34.545,9,-11,-3
-34.545,9,-11,-3
-34.545,9,-11,-3
-38.775,10,-5,-4
-37.365,10,-7,-5
-37.365,10,-7,-5
-38.775,10,-5,-4
-38.775,10,-5,-4
-36.66,10,-8,-3
-37.365,10,-7,-5
-37.365,10,-7,-4
-37.365,10,-7,-5
-37.365,10,-7,-5
-37.365,10,-7,-4
-35.25,10,-10,-3
-38.07,10,-6,-3
-35.955,10,-9,-2
-37.365,10,-7,-4
-36.66,10,-8,-2
-35.25,10,-10,-3
-36.66,10,-8,-2
-37.365,10,-7,-4
-37.365,10,-7,-4
-37.365,10,-7,-6
-36.66,9,-8,-5
-37.365,10,-7,-6
-37.365,10,-7,-5
-37.365,10,-7,-6
-37.365,10,-7,-5
-37.365,10,-7,-6
-37.365,10,-7,-5
-37.365,10,-7,-6
-37.365,10,-7,-6
-33.84,10,-12,-5
-35.25,10,-10,-3
-33.84,10,-12,-5
-33.84,10,-12,-5
-33.84,9,-12,-4
-33.84,10,-12,-5
-33.84,10,-12,-5
-35.25,10,-10,-3
-35.25,10,-10,-3
-33.84,9,-12,-4
-32.43,9,-14,-3
-32.43,9,-14,-3
-32.43,9,-14,-3
-33.135,10,-13,-3
-32.43,9,-14,-3
-32.43,9,-14,-3
-32.43,9,-14,-3
-33.135,10,-13,-3
-32.43,9,-14,-3
-32.43,9,-14,-3
-38.07,10,-6,-5
-35.955,10,-9,-4
-35.955,10,-9,-5
-35.955,10,-9,-5
-35.955,10,-9,-5
-38.07,10,-6,-5
-38.775,12,-5,-5
-38.775,11,-5,-4
-36.66,10,-8,-3
-35.955,10,-9,-5
-35.25,9,-10,-5
-35.955,10,-9,-3
-33.135,9,-13,-3
-35.25,9,-10,-5
-35.955,10,-9,-3
-35.955,10,-9,-3
-35.25,9,-10,-5
-35.25,9,-10,-5
-35.955,10,-9,-3
-35.25,9,-10,-5
-36.66,10,-8,-4
-36.66,10,-8,-4
-35.955,9,-9,-4
-35.955,9,-9,-4
-35.955,9,-9,-3
-35.955,9,-9,-4
-36.66,10,-8,-4
-35.955,9,-9,-4
-35.955,9,-9,-3
-35.955,9,-9,-4
-38.07,10,-6,-6
-38.07,10,-6,-6
-38.07,10,-6,-6
-34.545,9,-11,-5
-38.07,10,-6,-6
-38.07,10,-6,-6
-38.07,10,-6,-6
-38.07,10,-6,-6
-38.07,10,-6,-6
-35.25,9,-10,-4
-35.955,9,-9,-3
-36.66,9,-8,-2
-36.66,9,-8,-2
-36.66,9,-8,-2
-35.955,9,-9,-3
-34.545,9,-11,-4
-36.66,9,-8,-2
-36.66,9,-8,-2
-36.66,9,-8,-2
-36.66,9,-8,-2
-40.185,10,-3,-3
-40.185,10,-3,-3
-40.185,10,-3,-3
-40.185,10,-3,-3
-40.185,10,-3,-3
-38.07,9,-6,-4
-40.185,10,-3,-3
-39.48,10,-4,-4
-40.185,10,-3,-3
-38.775,10,-5,-4
-41.595,11,-1,-6
-40.89,11,-2,-8
-40.89,11,-2,-5
-40.89,11,-2,-8
-40.89,11,-2,-5
-40.89,11,-2,-5
-40.89,11,-2,-5
-40.89,11,-2,-8
-40.89,11,-2,-5
-40.89,11,-2,-5
-40.89,12,-2,-6
-38.07,11,-6,-4
-40.89,12,-2,-5
-40.89,12,-2,-6
-38.07,11,-6,-6
-38.07,11,-6,-6
-38.07,11,-6,-4
-40.89,12,-2,-6
-38.07,11,-6,-6
-40.89,12,-2,-6
-36.66,9,-8,-6
-38.07,10,-6,-7
-36.66,9,-8,-6
-36.66,9,-8,-6
-36.66,9,-8,-6
-36.66,9,-8,-6
-38.07,10,-6,-7
-36.66,9,-8,-6
-36.66,9,-8,-6
-36.66,9,-8,-6
-35.955,10,-9,-4
-34.545,9,-11,-4
-35.955,10,-9,-4
-35.955,10,-9,-4
-34.545,9,-11,-3
-35.955,10,-9,-4
-35.955,10,-9,-4
-34.545,9,-11,-3
-33.135,9,-13,-3
-34.545,9,-11,-3
-41.595,11,-1,-6
-41.595,11,-1,-6
-40.185,11,-3,-4
-41.595,11,-1,-6
-41.595,11,-1,-6
-36.66,10,-8,-4
-41.595,11,-1,-6
-38.07,10,-6,-3
-41.595,11,-1,-6
-36.66,10,-8,-5
-31.02,8,-16,-2
-30.315,8,-17,-4
-31.02,9,-16,-4
-31.02,9,-16,-5
-31.02,9,-16,-4
-31.02,9,-16,-4
-31.02,9,-16,-5
-30.315,8,-17,-3
-30.315,8,-17,-4
-31.725,9,-15,-4
-36.66,10,-8,-5
-38.07,10,-6,-6
-36.66,10,-8,-5
-35.955,9,-9,-4
-36.66,10,-8,-5
-36.66,10,-8,-5
-36.66,10,-8,-4
-36.66,10,-8,-4
-35.955,9,-9,-4
-36.66,10,-8,-5
-37.365,10,-7,-4
-38.07,9,-6,-4
-38.775,10,-5,-4
-38.775,10,-5,-4
-37.365,10,-7,-4
-38.775,10,-5,-4
-38.775,10,-5,-4
-38.775,10,-5,-4
-38.775,10,-5,-4
-38.775,10,-5,-4
-35.955,9,-9,-2
-35.955,9,-9,-2
-35.955,9,-9,-2
-35.955,9,-9,-2
-35.955,9,-9,-2
-35.955,9,-9,-1
-35.955,10,-9,-2
-35.25,10,-10,-2
-35.955,9,-9,-2
-35.955,9,-9,-1
-34.545,9,-11,-3
-37.365,9,-7,-3
-37.365,9,-7,-3
-37.365,9,-7,-3
-37.365,9,-7,-3
-37.365,9,-7,-3
-35.955,9,-9,-3
-37.365,9,-7,-3
-35.25,9,-10,-3
-37.365,9,-7,-3
