-101.4,10,0,-5
-101.4,10,0,-6
-101.4,10,0,-6
-101.4,10,0,-7
-101.4,10,0,-6
-101.4,10,0,-4
-99.71,10,-1,-4
-101.4,10,0,-4
-101.4,10,0,-3
-98.02,10,-2,-4
-101.4,10,0,-9
-101.4,10,0,-9
-101.4,10,0,-9
-99.71,10,-1,-5
-101.4,10,0,-9
-98.02,10,-2,-6
-101.4,10,0,-9
-101.4,10,0,-9
-101.4,10,0,-9
-101.4,10,0,-9
-101.4,10,0,-7
-98.02,10,-2,-7
-101.4,10,0,-9
-101.4,10,0,-7
-101.4,10,0,-8
-101.4,10,0,-5
-101.4,10,0,-5
-99.71,10,-1,-5
-101.4,10,0,-7
-98.02,10,-2,-4
-101.4,10,0,-6
-99.71,10,-1,-4
-99.71,10,-1,-5
-99.71,11,-1,-6
-101.4,10,0,-6
-101.4,10,0,-4
-101.4,10,0,-4
-99.71,10,-1,-4
-101.4,10,0,-5
-101.4,10,0,-5
-101.4,10,0,-8
-99.71,10,-1,-4
-98.02,10,-2,-6
-101.4,10,0,-7
-98.02,10,-2,-5
-98.02,10,-2,-6
-98.02,10,-2,-7
-98.02,10,-2,-6
-98.02,10,-2,-5
-101.4,10,0,-6
-101.4,10,0,-4
-98.02,10,-2,-6
-98.02,11,-2,-4
-98.02,12,-2,-6
-101.4,10,0,-4
-99.71,10,-1,-1
-101.4,10,0,-3
-101.4,11,0,-6
-99.71,10,-1,-2
-98.02,10,-2,-5
-99.71,10,-1,-7
-99.71,10,-1,-7
-96.33,10,-3,-3
-101.4,10,0,-4
-98.02,10,-2,-6
-101.4,10,0,-4
-99.71,10,-1,-7
-99.71,10,-1,-7
-99.71,10,-1,-7
-101.4,10,0,-7
-101.4,10,0,-6
-98.02,10,-2,-5
-98.02,10,-2,-5
-101.4,10,0,-4
-98.02,10,-2,-3
-99.71,10,-1,-5
-99.71,10,-1,-2
-98.02,10,-2,-4
-101.4,10,0,-5
-99.71,10,-1,-4
-101.4,10,0,-8
-99.71,11,-1,-7
-101.4,10,0,-6
-99.71,11,-1,-7
-98.02,10,-2,-7
-99.71,11,-1,-7
-99.71,11,-1,-7
-98.02,10,-2,-6
-101.4,10,0,-8
-98.02,10,-2,-7
-98.02,10,-2,-6
-99.71,10,-1,-4
-101.4,10,0,-6
-101.4,10,0,-7
-101.4,10,0,-7
-101.4,10,0,-7
-101.4,10,0,-7
-101.4,10,0,-7
-101.4,10,0,-7
-101.4,10,0,-7
-101.4,10,0,-7
-101.4,10,0,-6
-99.71,10,-1,-6
-98.02,10,-2,-7
-99.71,11,-1,-5
-101.4,10,0,-8
-98.02,10,-2,-4
-99.71,10,-1,-6
-98.02,10,-2,-6
-99.71,10,-1,-6
-101.4,10,0,-7
-101.4,10,0,-5
-101.4,10,0,-4
-98.02,10,-2,-4
-99.71,10,-1,-6
-99.71,10,-1,-3
-101.4,11,0,-6
-99.71,10,-1,-4
-98.02,10,-2,-6
-101.4,10,0,-5
-101.4,10,0,-6
-101.4,10,0,-6
-101.4,10,0,-5
-99.71,10,-1,-4
-99.71,10,-1,-4
-101.4,10,0,-5
-99.71,10,-1,-4
-101.4,10,0,-6
-99.71,10,-1,-4
-101.4,10,0,-4
-99.71,10,-1,-4
-101.4,10,0,-6
-101.4,10,0,-7
-101.4,10,0,-6
-101.4,10,0,-6
-101.4,10,0,-4
-101.4,10,0,-7
-99.71,10,-1,-5
-101.4,10,0,-5
-101.4,10,0,-5
-98.02,10,-2,-5
-99.71,10,-1,-6
-101.4,10,0,-4
-99.71,10,-1,-5
-101.4,10,0,-6
-101.4,10,0,-5
-101.4,10,0,-6
-99.71,10,-1,-6
-101.4,10,0,-5
-99.71,10,-1,-4
-101.4,10,0,-7
-99.71,10,-1,-5
-101.4,10,0,-3
-101.4,10,0,-7
-101.4,10,0,-5
-101.4,10,0,-8
-101.4,10,0,-7
-101.4,10,0,-5
-101.4,10,0,-3
-101.4,10,0,-7
-101.4,10,0,-8
-101.4,10,0,-7
-101.4,10,0,-8
-101.4,10,0,-6
-98.02,10,-2,-6
-101.4,10,0,-8
-101.4,10,0,-9
-101.4,10,0,-8
-101.4,10,0,-5
-99.71,10,-1,-4
-101.4,10,0,-8
-101.4,10,0,-5
-99.71,10,-1,-3
-99.71,10,-1,-7
-101.4,10,0,-8
-101.4,10,0,-9
-99.71,10,-1,-6
-99.71,10,-1,-4
-99.71,10,-1,-5
-101.4,10,0,-7
-101.4,10,0,-5
-99.71,10,-1,-5
-101.4,10,0,-4
-101.4,10,0,-4
-98.02,10,-2,-5
-101.4,10,0,-3
-98.02,10,-2,-6
-99.71,10,-1,-4
-98.02,11,-2,-5
-101.4,10,0,-5
-99.71,10,-1,-6
-101.4,10,0,-4
-101.4,10,0,-7
-101.4,10,0,-9
-99.71,10,-1,-4
-101.4,10,0,-7
-99.71,10,-1,-5
-99.71,10,-1,-3
-101.4,10,0,-9
-101.4,10,0,-7
-101.4,10,0,-6
-101.4,10,0,-5
-101.4,10,0,-7
-101.4,10,0,-6
-101.4,10,0,-7
-101.4,10,0,-6
-101.4,10,0,-7
-101.4,10,0,-7
-101.4,10,0,-5
-101.4,10,0,-4
-99.71,10,-1,-3
-101.4,10,0,-5
-98.02,10,-2,-5
-101.4,10,0,-4
-99.71,10,-1,-3
-101.4,10,0,-5
-99.71,11,-1,-5
-101.4,10,0,-5
-99.71,10,-1,-5
-94.64,10,-4,-4
-101.4,10,0,-7
-99.71,10,-1,-6
-101.4,10,0,-6
-99.71,10,-1,-4
-101.4,10,0,-5
-101.4,10,0,-4
-99.71,10,-1,-4
-101.4,10,0,-6
-101.4,10,0,-5
-101.4,10,0,-2
-101.4,10,0,-6
-101.4,10,0,-4
-101.4,10,0,-5
-98.02,10,-2,-5
-99.71,10,-1,-4
-101.4,10,0,-8
-101.4,10,0,-8
-98.02,10,-2,-7
-101.4,10,0,-5
-98.02,10,-2,-5
-101.4,10,0,-9
-101.4,10,0,-8
-101.4,10,0,-9
-99.71,10,-1,-4
-101.4,10,0,-7
-101.4,10,0,-9
-101.4,10,0,-7
-101.4,10,0,-9
-101.4,10,0,-6
-98.02,10,-2,-5
-99.71,10,-1,-4
-101.4,10,0,-4
-101.4,10,0,-6
-101.4,10,0,-6
-101.4,10,0,-7
-101.4,10,0,-4
-101.4,10,0,-5
-101.4,10,0,-7
-101.4,10,0,-4
-98.02,10,-2,-4
-101.4,10,0,-7
-101.4,10,0,-5
-101.4,10,0,-6
-101.4,10,0,-7
-101.4,10,0,-6
-101.4,10,0,-7
-101.4,10,0,-7
-101.4,10,0,-8
-101.4,10,0,-6
-101.4,10,0,-9
-101.4,10,0,-9
-101.4,10,0,-8
-101.4,10,0,-8
-101.4,10,0,-8
-101.4,10,0,-9
-101.4,10,0,-8
-99.71,10,-1,-6
-99.71,10,-1,-6
-101.4,10,0,-6
-101.4,10,0,-8
-101.4,11,0,-6
-98.02,10,-2,-6
-101.4,10,0,-4
-101.4,10,0,-5
-99.71,10,-1,-3
-101.4,10,0,-4
-96.33,10,-3,-5
-98.02,10,-2,-5
-98.02,10,-2,-7
-99.71,11,-1,-5
-98.02,10,-2,-7
-101.4,10,0,-9
-101.4,10,0,-4
-101.4,10,0,-5
-101.4,10,0,-6
-101.4,10,0,-8
-101.4,10,0,-7
-101.4,10,0,-8
-98.02,10,-2,-7
-101.4,10,0,-6
-101.4,10,0,-9
-98.02,10,-2,-7
-101.4,10,0,-8
-101.4,10,0,-9
-101.4,10,0,-8
-101.4,10,0,-8
-98.02,10,-2,-4
-101.4,10,0,-8
-101.4,10,0,-9
-101.4,10,0,-9
-101.4,10,0,-6
-101.4,10,0,-8
-101.4,10,0,-6
-101.4,10,0,-7
-101.4,10,0,-9
-99.71,10,-1,-6
-101.4,10,0,-6
-101.4,10,0,-9
-96.33,10,-3,-5
-101.4,10,0,-6
-99.71,11,-1,-7
-101.4,10,0,-4
-101.4,10,0,-5
-98.02,10,-2,-5
-98.02,10,-2,-6
-98.02,10,-2,-5
-101.4,10,0,-5
-98.02,10,-2,-4
-99.71,11,-1,-5
-101.4,10,0,-3
-101.4,10,0,-7
-101.4,10,0,-8
-101.4,10,0,-5
-101.4,10,0,-7
-101.4,10,0,-5
-101.4,10,0,-7
-101.4,10,0,-4
-101.4,10,0,-6
-101.4,10,0,-7
-99.71,10,-1,-4
-98.02,10,-2,-6
-101.4,10,0,-6
-101.4,10,0,-6
-101.4,10,0,-8
-101.4,10,0,-6
-101.4,10,0,-8
-101.4,10,0,-9
-98.02,10,-2,-5
-101.4,10,0,-4
-101.4,10,0,-9
-101.4,10,0,-8
-99.71,10,-1,-8
-101.4,10,0,-6
-99.71,11,-1,-7
-101.4,10,0,-7
-98.02,10,-2,-6
-101.4,10,0,-7
-101.4,10,0,-7
-101.4,10,0,-7
-101.4,10,0,-6
-99.71,10,-1,-4
-98.02,10,-2,-5
-99.71,10,-1,-5
-101.4,10,0,-3
-99.71,10,-1,-4
-101.4,10,0,-6
-101.4,10,0,-6
-101.4,10,0,-8
-98.02,10,-2,-5
-101.4,10,0,-5
-101.4,10,0,-9
-99.71,10,-1,-6
-101.4,10,0,-5
-101.4,10,0,-9
-101.4,10,0,-9
-101.4,10,0,-8
-101.4,10,0,-7
-101.4,10,0,-8
-99.71,10,-1,-6
-101.4,10,0,-8
-99.71,11,-1,-2
-98.02,10,-2,-3
-98.02,11,-2,-1
-96.33,10,-3,-3
-98.02,10,-2,-4
-98.02,10,-2,-4
-96.33,10,-3,-4
-98.02,10,-2,-4
-96.33,10,-3,-4
-99.71,11,-1,-3
-99.71,10,-1,-5
-101.4,10,0,-7
-101.4,10,0,-7
-101.4,10,0,-7
-101.4,10,0,-9
-101.4,10,0,-5
-101.4,10,0,-6
-101.4,10,0,-7
-101.4,10,0,-4
-101.4,10,0,-7
-101.4,10,0,-9
-101.4,10,0,-9
-101.4,10,0,-9
-101.4,10,0,-9
-98.02,10,-2,-7
-101.4,10,0,-6
-101.4,10,0,-8
-101.4,10,0,-7
-101.4,10,0,-8
-101.4,10,0,-9
-98.02,10,-2,-5
-101.4,10,0,-8
-101.4,10,0,-8
-101.4,10,0,-8
-101.4,10,0,-8
-101.4,10,0,-9
-101.4,10,0,-5
-101.4,10,0,-7
-101.4,10,0,-7
-101.4,10,0,-8
-98.02,10,-2,-5
-101.4,10,0,-4
-101.4,10,0,-5
-99.71,10,-1,-5
-98.02,10,-2,-5
-98.02,10,-2,-5
-101.4,10,0,-4
-101.4,10,0,-3
-98.02,10,-2,-4
-101.4,10,0,-7
-99.71,10,-1,-7
-101.4,10,0,-9
-99.71,10,-1,-7
-99.71,10,-1,-5
-99.71,10,-1,-7
-99.71,10,-1,-7
-101.4,10,0,-9
-99.71,10,-1,-7
-101.4,10,0,-9
-101.4,10,0,-7
-101.4,10,0,-7
-98.02,10,-2,-4
-101.4,10,0,-7
-101.4,10,0,-4
-101.4,10,0,-7
-101.4,10,0,-6
-98.02,10,-2,-5
-101.4,10,0,-7
-101.4,10,0,-7
-101.4,10,0,-4
-101.4,10,0,-7
-98.02,10,-2,-4
-98.02,10,-2,-5
-99.71,10,-1,-5
-101.4,10,0,-4
-98.02,10,-2,-6
-98.02,10,-2,-7
-101.4,10,0,-6
-101.4,10,0,-7
-101.4,10,0,-7
-99.71,10,-1,-5
-99.71,10,-1,-5
-99.71,10,-1,-6
-99.71,10,-1,-5
-98.02,10,-2,-6
-101.4,10,0,-8
-99.71,10,-1,-5
-99.71,10,-1,-4
-98.02,10,-2,-5
-99.71,10,-1,-6
-101.4,10,0,-7
-98.02,10,-2,-3
-99.71,10,-1,-4
-99.71,10,-1,-3
-99.71,10,-1,-5
-99.71,10,-1,-3
-101.4,10,0,-6
-101.4,10,0,-4
-101.4,10,0,-6
-99.71,10,-1,-3
-101.4,10,0,-7
-98.02,10,-2,-4
-101.4,10,0,-9
-101.4,10,0,-8
-98.02,10,-2,-3
-101.4,10,0,-9
-101.4,10,0,-7
-98.02,10,-2,-6
-101.4,10,0,-8
-101.4,10,0,-9
-98.02,10,-2,-5
-98.02,10,-2,-6
-101.4,10,0,-6
-99.71,10,-1,-3
-101.4,10,0,-4
-94.64,10,-4,-2
-101.4,10,0,-6
-98.02,10,-2,-5
-98.02,10,-2,-6
-101.4,10,0,-4
-98.02,10,-2,-3
-101.4,10,0,-5
-101.4,10,0,-7
-101.4,10,0,-4
-101.4,10,0,-4
-101.4,10,0,-6
-101.4,10,0,-6
-101.4,10,0,-5
-98.02,10,-2,-5
-98.02,10,-2,-4
-101.4,10,0,-3
-101.4,10,0,-4
-99.71,10,-1,-5
-101.4,10,0,-5
-98.02,10,-2,-8
-101.4,10,0,-6
-99.71,11,-1,-4
-99.71,10,-1,-6
-98.02,10,-2,-4
-101.4,10,0,-8
-101.4,10,0,-6
-99.71,10,-1,-6
-101.4,10,0,-6
-99.71,10,-1,-6
-98.02,10,-2,-6
-101.4,10,0,-4
-101.4,10,0,-7
-99.71,10,-1,-4
-99.71,10,-1,-5
-99.71,10,-1,-6
-99.71,11,-1,-4
-101.4,10,0,-7
-101.4,10,0,-6
-101.4,10,0,-8
-101.4,10,0,-6
-98.02,10,-2,-5
-101.4,10,0,-7
-101.4,10,0,-7
-101.4,10,0,-7
-101.4,10,0,-4
-101.4,10,0,-6
-98.02,10,-2,-5
-99.71,10,-1,-5
-101.4,10,0,-7
-101.4,10,0,-4
-99.71,10,-1,-4
-101.4,10,0,-7
-99.71,10,-1,-5
-101.4,10,0,-7
-101.4,10,0,-3
-101.4,10,0,-7
-101.4,10,0,-6
-101.4,10,0,-6
-101.4,10,0,-6
-101.4,10,0,-5
-101.4,10,0,-5
-101.4,10,0,-7
-98.02,10,-2,-7
-98.02,10,-2,-6
-98.02,10,-2,-4
-99.71,10,-1,-5
-101.4,10,0,-7
-99.71,10,-1,-5
-99.71,10,-1,-5
-101.4,10,0,-8
-99.71,10,-1,-4
-101.4,10,0,-3
-99.71,10,-1,-4
-99.71,10,-1,-5
-101.4,10,0,-7
-101.4,10,0,-8
-101.4,10,0,-8
-98.02,10,-2,-6
-99.71,10,-1,-6
-101.4,10,0,-8
-101.4,10,0,-7
-101.4,10,0,-6
-101.4,10,0,-7
-99.71,10,-1,-6
-101.4,10,0,-8
-101.4,10,0,-5
-99.71,10,-1,-6
-101.4,10,0,-6
-101.4,10,0,-6
-101.4,10,0,-7
-101.4,11,0,-5
-98.02,11,-2,-4
-101.4,10,0,-8
-98.02,11,-2,-4
-98.02,10,-2,-4
-101.4,10,0,-6
-98.02,10,-2,-6
-96.33,10,-3,-5
-99.71,11,-1,-6
-99.71,10,-1,-7
-98.02,10,-2,-4
-101.4,10,0,-8
-99.71,11,-1,-4
-98.02,10,-2,-8
-99.71,10,-1,-6
-99.71,10,-1,-5
-99.71,10,-1,-6
-101.4,10,0,-7
-99.71,10,-1,-4
-101.4,10,0,-7
-101.4,10,0,-7
-101.4,10,0,-4
-99.71,10,-1,-4
-101.4,10,0,-7
-101.4,10,0,-5
-99.71,10,-1,-3
-99.71,10,-1,-3
-99.71,10,-1,-5
-99.71,10,-1,-4
-98.02,10,-2,-6
-99.71,10,-1,-4
-99.71,10,-1,-4
-101.4,10,0,-7
-99.71,10,-1,-2
-101.4,10,0,-7
-101.4,10,0,-8
-99.71,10,-1,-7
-101.4,10,0,-6
-101.4,10,0,-7
-101.4,10,0,-7
-101.4,10,0,-9
-101.4,10,0,-9
-96.33,10,-3,-6
-99.71,10,-1,-6
-101.4,10,0,-5
-99.71,10,-1,-6
-101.4,10,0,-7
-98.02,10,-2,-6
-98.02,10,-2,-5
-99.71,11,-1,-5
-98.02,10,-2,-5
-99.71,11,-1,-5
-99.71,10,-1,-4
-99.71,10,-1,-6
-101.4,10,0,-6
-98.02,10,-2,-6
-101.4,10,0,-8
-99.71,11,-1,-6
-101.4,10,0,-4
-101.4,10,0,-7
-101.4,10,0,-7
-98.02,11,-2,-7
-98.02,10,-2,-6
-99.71,10,-1,-5
-101.4,10,0,-6
-101.4,10,0,-7
-99.71,10,-1,-5
-96.33,11,-3,-5
-101.4,10,0,-6
-98.02,10,-2,-6
-99.71,10,-1,-5
-98.02,10,-2,-5
-101.4,10,0,-6
-99.71,10,-1,-4
-99.71,10,-1,-5
-101.4,10,0,-9
-98.02,10,-2,-5
-98.02,10,-2,-5
-101.4,10,0,-9
-101.4,10,0,-9
-101.4,10,0,-9
-99.71,11,-1,-6
-101.4,10,0,-9
-101.4,10,0,-9
-101.4,10,0,-9
-99.71,11,-1,-6
-99.71,11,-1,-3
-98.02,10,-2,-6
-98.02,10,-2,-5
-98.02,10,-2,-6
-98.02,10,-2,-5
-101.4,10,0,-8
-101.4,10,0,-5
-98.02,10,-2,-5
-98.02,10,-2,-4
-98.02,10,-2,-7
-101.4,10,0,-7
-98.02,10,-2,-5
-99.71,11,-1,-6
-98.02,10,-2,-6
-98.02,10,-2,-5
-101.4,10,0,-7
-101.4,10,0,-5
-98.02,10,-2,-5
-101.4,10,0,-6
-99.71,10,-1,-4
-98.02,10,-2,-4
-101.4,10,0,-6
-101.4,10,0,-5
-101.4,10,0,-5
-99.71,10,-1,-5
-101.4,10,0,-4
-101.4,10,0,-6
-101.4,10,0,-4
-101.4,10,0,-6
-99.71,10,-1,-5
-101.4,10,0,-4
-101.4,10,0,-4
-99.71,11,-1,-4
-98.02,10,-2,-5
-101.4,10,0,-4
-99.71,11,-1,-5
-99.71,10,-1,-5
-98.02,10,-2,-5
-99.71,11,-1,-5
-101.4,10,0,-7
-101.4,10,0,-7
-101.4,10,0,-8
-98.02,11,-2,-6
-101.4,10,0,-8
-101.4,10,0,-4
-99.71,10,-1,-5
-99.71,10,-1,-6
-101.4,10,0,-6
-99.71,10,-1,-5
-101.4,10,0,-6
-101.4,10,0,-7
-101.4,10,0,-6
-101.4,10,0,-6
-99.71,10,-1,-5
-101.4,10,0,-7
-101.4,10,0,-6
-99.71,11,-1,-5
-101.4,10,0,-7
-101.4,10,0,-4
-99.71,10,-1,-6
-101.4,10,0,-6
-101.4,10,0,-3
-99.71,10,-1,-3
-101.4,10,0,-6
-101.4,10,0,-8
-99.71,10,-1,-6
-101.4,10,0,-6
-99.71,10,-1,-5
-101.4,10,0,-9
-101.4,10,0,-6
-101.4,10,0,-6
-101.4,10,0,-5
-101.4,10,0,-5
-101.4,10,0,-5
-98.02,11,-2,-4
-98.02,10,-2,-4
-101.4,10,0,-6
-101.4,10,0,-5
-101.4,10,0,-7
-99.71,10,-1,-4
-101.4,10,0,-6
-98.02,10,-2,-4
-98.02,10,-2,-3
-101.4,10,0,-7
-98.02,10,-2,-5
-99.71,10,-1,-6
-101.4,10,0,-5
-98.02,11,-2,-4
-99.71,10,-1,-6
-101.4,10,0,-6
-101.4,10,0,-8
-101.4,10,0,-5
-101.4,10,0,-4
-99.71,10,-1,-3
-98.02,10,-2,-4
-99.71,10,-1,-5
-101.4,10,0,-5
-101.4,10,0,-3
-101.4,10,0,-6
-101.4,10,0,-4
-101.4,10,0,-9
-101.4,10,0,-7
-99.71,10,-1,-6
-98.02,10,-2,-7
-101.4,10,0,-5
-101.4,10,0,-7
-98.02,10,-2,-6
-101.4,10,0,-9
-101.4,10,0,-9
-101.4,10,0,-9
-101.4,10,0,-6
-101.4,10,0,-7
-101.4,10,0,-4
-101.4,10,0,-6
-101.4,10,0,-8
-99.71,10,-1,-6
-101.4,10,0,-3
-101.4,10,0,-7
-101.4,10,0,-7
-101.4,10,0,-5
-101.4,10,0,-4
-101.4,10,0,-4
-101.4,10,0,-3
-98.02,10,-2,-3
-99.71,10,-1,-4
-101.4,10,0,-4
-101.4,10,0,-5
-101.4,10,0,-6
-101.4,10,0,-7
-101.4,10,0,-5
-101.4,10,0,-5
-101.4,10,0,-9
-101.4,10,0,-7
-101.4,10,0,-7
-101.4,10,0,-6
-101.4,10,0,-7
-99.71,10,-1,-5
-101.4,10,0,-9
-101.4,10,0,-9
-101.4,10,0,-8
-101.4,10,0,-7
-101.4,10,0,-8
-98.02,10,-2,-6
-101.4,10,0,-6
-98.02,10,-2,-4
-101.4,10,0,-6
-101.4,10,0,-8
-101.4,10,0,-8
-101.4,10,0,-7
-99.71,10,-1,-7
-101.4,10,0,-6
-101.4,10,0,-3
-99.71,10,-1,-6
-99.71,10,-1,-4
-99.71,11,-1,-6
-99.71,10,-1,-4
-99.71,10,-1,-7
-99.71,10,-1,-4
-101.4,10,0,-6
-98.02,10,-2,-5
-98.02,10,-2,-6
-98.02,10,-2,-4
-99.71,11,-1,-5
-101.4,11,0,-4
-101.4,10,0,-7
-101.4,10,0,-4
-101.4,10,0,-5
-99.71,11,-1,-3
-101.4,10,0,-7
-101.4,10,0,-5
-101.4,10,0,-3
-101.4,10,0,-2
-98.02,10,-2,-5
-98.02,10,-2,-3
-101.4,10,0,-3
-101.4,10,0,-3
-101.4,10,0,-4
-98.02,10,-2,-3
-98.02,10,-2,-4
-99.71,10,-1,-6
-101.4,10,0,-7
-101.4,10,0,-7
-98.02,10,-2,-4
-99.71,10,-1,-6
-99.71,10,-1,-4
-99.71,10,-1,-4
-99.71,10,-1,-3
-98.02,10,-2,-4
-101.4,10,0,-5
-101.4,10,0,-4
-101.4,10,0,-8
-101.4,10,0,-8
-101.4,10,0,-8
-101.4,10,0,-7
-101.4,10,0,-8
-101.4,10,0,-9
-101.4,10,0,-5
-101.4,10,0,-6
-101.4,10,0,-7
-99.71,11,-1,-5
-99.71,10,-1,-6
-99.71,10,-1,-5
-99.71,10,-1,-6
-101.4,10,0,-8
-101.4,10,0,-9
-99.71,10,-1,-6
-99.71,11,-1,-4
-101.4,10,0,-8
-99.71,10,-1,-6
-101.4,10,0,-7
-101.4,10,0,-7
-99.71,10,-1,-6
-98.02,10,-2,-6
-101.4,10,0,-2
-101.4,10,0,-3
-98.02,10,-2,-4
-101.4,10,0,-5
-101.4,10,0,-7
-98.02,10,-2,-6
-101.4,10,0,-6
-101.4,10,0,-7
-98.02,10,-2,-4
-101.4,10,0,-5
-101.4,10,0,-6
-101.4,10,0,-6
-101.4,10,0,-6
-101.4,10,0,-7
-99.71,10,-1,-4
-101.4,10,0,-7
-99.71,10,-1,-4
-96.33,10,-3,-3
-99.71,10,-1,-4
-99.71,10,-1,-5
-99.71,10,-1,-5
-98.02,10,-2,-7
-101.4,10,0,-7
-98.02,10,-2,-3
-99.71,10,-1,-6
-99.71,10,-1,-6
-101.4,10,0,-4
-99.71,10,-1,-6
-99.71,10,-1,-6
-101.4,10,0,-4
-99.71,11,-1,-5
-101.4,10,0,-6
-101.4,10,0,-7
-101.4,10,0,-7
-99.71,10,-1,-5
-101.4,10,0,-5
-101.4,10,0,-6
-101.4,10,0,-5
-98.02,10,-2,-6
-101.4,10,0,-6
-99.71,10,-1,-5
-99.71,10,-1,-4
-99.71,10,-1,-3
-101.4,10,0,-6
-101.4,10,0,-5
-99.71,10,-1,-5
-101.4,10,0,-7
-101.4,10,0,-6
-99.71,10,-1,-3
-101.4,10,0,-7
-101.4,10,0,-7
-101.4,10,0,-6
-99.71,10,-1,-5
-101.4,10,0,-7
-99.71,10,-1,-6
-101.4,10,0,-7
-101.4,10,0,-7
-101.4,10,0,-7
-99.71,10,-1,-5
-101.4,10,0,-4
-101.4,10,0,-6
-101.4,10,0,-9
-98.02,10,-2,-7
-101.4,10,0,-6
-99.71,11,-1,-5
-101.4,10,0,-6
-101.4,10,0,-6
-99.71,10,-1,-7
-99.71,10,-1,-4
-99.71,10,-1,-5
-98.02,10,-2,-6
-99.71,10,-1,-5
-101.4,10,0,-8
-101.4,10,0,-6
-101.4,10,0,-5
-101.4,10,0,-9
-99.71,10,-1,-6
-99.71,10,-1,-4
-99.71,10,-1,-5
-101.4,10,0,-6
-101.4,10,0,-7
-99.71,10,-1,-4
-99.71,10,-1,-4
-101.4,10,0,-5
-99.71,10,-1,-5
-101.4,10,0,-5
-101.4,10,0,-5
-101.4,10,0,-6
-101.4,10,0,-4
-99.71,10,-1,-3
-98.02,10,-2,-6
-99.71,10,-1,-5
-101.4,11,0,-7
-101.4,10,0,-8
-99.71,10,-1,-6
-98.02,10,-2,-4
-98.02,10,-2,-5
-98.02,10,-2,-5
-98.02,10,-2,-7
-99.71,10,-1,-4
-101.4,10,0,-3
-101.4,10,0,-6
-101.4,10,0,-4
-101.4,10,0,-6
-101.4,10,0,-8
-101.4,10,0,-5
-101.4,10,0,-6
-101.4,10,0,-6
-99.71,11,-1,-4
-101.4,10,0,-8
-101.4,10,0,-3
-101.4,10,0,-8
-99.71,10,-1,-5
-101.4,10,0,-6
-101.4,10,0,-8
-101.4,10,0,-6
