-23.53,6,-34,-4
-19.91,5,-38,-3
-23.53,6,-34,-4
-23.53,6,-34,-4
-19.91,5,-38,-3
-23.53,6,-34,-4
-23.53,6,-34,-4
-23.53,6,-34,-4
-19.91,5,-38,-3
-19.91,5,-38,-3
-23.53,5,-34,-3
-23.53,5,-34,-3
-23.53,5,-34,-3
-23.53,5,-34,-3
-23.53,5,-34,-3
-23.53,5,-34,-3
-23.53,5,-34,-3
-23.53,5,-34,-3
-23.53,5,-34,-3
-23.53,5,-34,-3
-23.53,7,-34,-5
-23.53,7,-34,-5
-23.53,7,-34,-5
-23.53,7,-34,-5
-23.53,7,-34,-5
-23.53,7,-34,-5
-23.53,7,-34,-5
-23.53,7,-34,-5
-23.53,7,-34,-5
-23.53,7,-34,-5
-23.53,5,-34,-3
-25.34,5,-32,-3
-25.34,5,-32,-3
-25.34,5,-32,-3
-25.34,5,-32,-3
-25.34,5,-32,-3
-23.53,5,-34,-3
-25.34,5,-32,-3
-25.34,5,-32,-3
-25.34,5,-32,-3
-18.1,4,-40,-3
-18.1,4,-40,-3
-18.1,4,-40,-3
-18.1,4,-40,-3
-18.1,4,-40,-3
-18.1,4,-40,-3
-18.1,4,-40,-3
-18.1,4,-40,-3
-18.1,4,-40,-3
-18.1,4,-40,-3
-28.96,6,-28,-4
-28.96,6,-28,-4
-28.96,6,-28,-4
-27.15,6,-30,-4
-28.96,6,-28,-4
-28.96,7,-28,-5
-28.96,6,-28,-4
-28.96,6,-28,-4
-28.96,7,-28,-5
-28.96,7,-28,-5
-37.105,13,-19,-11
-41.63,14,-14,-12
-41.63,14,-14,-12
-41.63,14,-14,-12
-41.63,14,-14,-12
-37.105,13,-19,-11
-41.63,14,-14,-12
-41.63,14,-14,-12
-41.63,14,-14,-12
-41.63,14,-14,-12
-19.91,5,-38,-3
-19.91,5,-38,-3
-19.91,4,-38,-2
-21.72,5,-36,-3
-21.72,5,-36,-3
-19.91,5,-38,-3
-19.91,4,-38,-2
-19.91,5,-38,-3
-21.72,5,-36,-3
-19.91,4,-38,-2
-10.86,2,-48,-1
-10.86,2,-48,-1
-10.86,2,-48,-1
-10.86,2,-48,-1
-10.86,2,-48,-1
-10.86,2,-48,-1
-10.86,2,-48,-1
-10.86,2,-48,-1
-10.86,2,-48,-1
-10.86,2,-48,-1
-27.15,7,-30,-5
-27.15,7,-30,-5
-27.15,7,-30,-5
-27.15,7,-30,-5
-27.15,7,-30,-5
-27.15,7,-30,-5
-27.15,7,-30,-5
-27.15,7,-30,-5
-24.435,5,-33,-3
-27.15,7,-30,-5
-25.34,6,-32,-4
-25.34,6,-32,-4
-25.34,6,-32,-4
-25.34,6,-32,-4
-25.34,6,-32,-4
-25.34,6,-32,-4
-25.34,6,-32,-4
-25.34,6,-32,-4
-25.34,6,-32,-4
-25.34,6,-32,-4
-25.34,5,-32,-3
-25.34,5,-32,-3
-25.34,5,-32,-3
-25.34,5,-32,-3
-25.34,5,-32,-3
-25.34,5,-32,-3
-25.34,5,-32,-3
-25.34,5,-32,-3
-25.34,5,-32,-3
-25.34,5,-32,-3
-23.53,5,-34,-3
-23.53,5,-34,-3
-23.53,5,-34,-3
-23.53,5,-34,-3
-23.53,5,-34,-3
-23.53,5,-34,-3
-23.53,5,-34,-3
-23.53,5,-34,-3
-23.53,5,-34,-3
-23.53,5,-34,-3
-31.675,7,-25,-5
-31.675,7,-25,-5
-31.675,7,-25,-5
-31.675,7,-25,-5
-31.675,7,-25,-5
-31.675,7,-25,-5
-31.675,7,-25,-5
-31.675,7,-25,-5
-31.675,7,-25,-5
-31.675,7,-25,-5
-26.245,5,-31,-3
-26.245,5,-31,-3
-26.245,5,-31,-3
-26.245,5,-31,-3
-26.245,5,-31,-3
-26.245,5,-31,-3
-26.245,5,-31,-3
-26.245,5,-31,-3
-26.245,5,-31,-3
-26.245,5,-31,-3
-34.39,10,-22,-8
-34.39,10,-22,-8
-34.39,10,-22,-8
-34.39,10,-22,-8
-34.39,10,-22,-8
-34.39,10,-22,-8
-34.39,10,-22,-8
-34.39,10,-22,-8
-34.39,10,-22,-8
-34.39,10,-22,-8
-19.91,4,-38,-2
-19.91,4,-38,-2
-19.91,4,-38,-2
-19.91,4,-38,-2
-19.91,4,-38,-2
-19.91,4,-38,-2
-19.91,4,-38,-2
-19.91,4,-38,-2
-19.91,4,-38,-2
-19.91,4,-38,-2
-30.77,7,-26,-5
-32.58,8,-22,-6
-30.77,7,-26,-5
-29.865,7,-27,-5
-32.58,8,-22,-6
-32.58,8,-22,-6
-30.77,7,-26,-5
-32.58,8,-22,-6
-32.58,8,-22,-6
-29.865,7,-27,-5
-11.765,3,-47,-1
-13.575,3,-45,-1
-9.955,3,-49,-2
-10.86,2,-48,-1
-11.765,3,-47,-1
-10.86,2,-48,-1
-13.575,3,-45,-1
-13.575,3,-45,-1
-11.765,3,-47,-1
-12.67,3,-46,-1
-25.34,6,-32,-4
-21.72,5,-36,-3
-25.34,6,-32,-4
-34.39,9,-22,-7
-25.34,6,-32,-4
-34.39,9,-22,-7
-25.34,6,-32,-4
-34.39,9,-22,-7
-21.72,5,-36,-3
-34.39,9,-22,-7
-18.1,4,-40,-2
-18.1,4,-40,-2
-18.1,4,-40,-2
-16.29,3,-42,-1
-18.1,4,-40,-2
-18.1,4,-40,-2
-19.91,4,-38,-2
-18.1,4,-40,-2
-18.1,4,-40,-2
-19.91,4,-38,-2
-23.53,5,-34,-3
-23.53,5,-34,-3
-23.53,5,-34,-3
-23.53,5,-34,-3
-23.53,5,-34,-3
-23.53,5,-34,-3
-23.53,5,-34,-3
-19.91,5,-38,-3
-23.53,5,-34,-3
-23.53,5,-34,-3
-19.005,5,-39,-4
-19.005,5,-39,-4
-19.005,5,-39,-4
-19.005,5,-39,-4
-19.005,5,-39,-4
-19.005,5,-39,-4
-19.005,5,-39,-4
-19.005,5,-39,-4
-19.005,5,-39,-4
-19.005,5,-39,-4
-19.005,5,-39,-3
-19.005,5,-39,-3
-19.005,5,-39,-3
-19.005,5,-39,-3
-19.005,5,-39,-3
-19.005,5,-39,-3
-19.005,5,-39,-3
-19.005,5,-39,-3
-19.005,5,-39,-3
-19.005,5,-39,-3
-33.485,9,-23,-7
-33.485,9,-23,-7
-28.055,8,-29,-6
-32.58,9,-24,-7
-36.2,10,-20,-8
-33.485,9,-23,-7
-32.58,9,-24,-7
-33.485,9,-23,-7
-32.58,8,-24,-6
-28.055,8,-29,-6
-32.58,8,-24,-6
-32.58,8,-24,-6
-32.58,8,-24,-6
-32.58,8,-24,-6
-32.58,8,-24,-6
-32.58,8,-24,-6
-32.58,8,-24,-6
-32.58,8,-24,-6
-32.58,8,-24,-6
-32.58,8,-24,-6
-22.625,5,-35,-3
-22.625,5,-35,-3
-22.625,5,-35,-3
-22.625,5,-35,-3
-22.625,5,-35,-3
-22.625,5,-35,-3
-22.625,5,-35,-3
-22.625,5,-35,-3
-22.625,5,-35,-3
-22.625,5,-35,-3
-27.15,7,-30,-5
-27.15,7,-30,-5
-27.15,7,-30,-5
-27.15,7,-30,-5
-27.15,7,-30,-5
-27.15,7,-30,-5
-27.15,7,-30,-5
-27.15,7,-30,-5
-27.15,7,-30,-5
-27.15,7,-30,-5
-29.865,7,-27,-5
-29.865,7,-27,-5
-29.865,7,-27,-5
-29.865,7,-27,-5
-29.865,7,-27,-5
-29.865,7,-27,-5
-29.865,7,-27,-5
-29.865,7,-27,-5
-29.865,7,-27,-5
-29.865,7,-27,-5
-19.91,5,-38,-3
-19.91,4,-38,-3
-19.91,4,-38,-3
-21.72,5,-36,-3
-21.72,5,-36,-3
-19.91,4,-38,-3
-21.72,5,-36,-3
-21.72,5,-36,-3
-19.91,4,-38,-3
-21.72,5,-36,-3
-25.34,6,-32,-4
-25.34,6,-32,-4
-25.34,6,-32,-4
-25.34,6,-32,-4
-25.34,6,-32,-4
-25.34,6,-32,-4
-25.34,6,-32,-4
-25.34,6,-32,-4
-25.34,6,-32,-4
-25.34,6,-32,-4
-23.53,5,-34,-3
-23.53,5,-34,-3
-23.53,5,-34,-3
-21.72,5,-36,-3
-23.53,5,-34,-3
-21.72,5,-36,-3
-21.72,5,-36,-3
-23.53,5,-34,-3
-21.72,4,-36,-2
-21.72,4,-36,-2
-27.15,5,-30,-3
-27.15,5,-30,-3
-28.96,6,-28,-4
-28.96,6,-28,-4
-28.96,6,-28,-4
-27.15,5,-30,-3
-27.15,5,-30,-3
-28.96,6,-28,-4
-27.15,5,-30,-3
-28.96,6,-28,-4
-21.72,5,-36,-4
-19.91,4,-38,-3
-21.72,5,-36,-4
-21.72,5,-36,-4
-21.72,5,-36,-4
-19.91,4,-38,-3
-19.91,4,-38,-3
-21.72,5,-36,-4
-21.72,5,-36,-4
-19.91,4,-38,-3
-32.58,7,-24,-5
-32.58,7,-24,-5
-32.58,7,-24,-5
-32.58,7,-24,-5
-30.77,7,-26,-5
-32.58,7,-24,-5
-32.58,7,-24,-5
-32.58,7,-24,-5
-27.15,6,-30,-4
-32.58,7,-24,-5
-21.72,5,-36,-3
-19.91,4,-38,-2
-19.91,4,-38,-3
-19.91,4,-38,-2
-16.29,3,-42,-1
-19.91,4,-38,-2
-21.72,5,-36,-3
-23.53,5,-34,-3
-16.29,3,-42,-1
-19.91,4,-38,-3
-41.63,13,-14,-11
-41.63,13,-14,-11
-41.63,13,-14,-11
-41.63,13,-14,-11
-41.63,13,-14,-11
-41.63,13,-14,-11
-41.63,13,-14,-11
-41.63,13,-14,-11
-41.63,13,-14,-11
-41.63,13,-14,-11
-26.245,7,-31,-5
-26.245,7,-31,-5
-26.245,7,-31,-5
-26.245,7,-31,-5
-26.245,7,-31,-5
-26.245,7,-31,-5
-26.245,7,-31,-5
-26.245,7,-31,-5
-26.245,7,-31,-5
-26.245,7,-31,-5
-14.48,3,-44,-1
-16.29,3,-42,-1
-16.29,3,-42,-1
-16.29,3,-42,-1
-14.48,3,-44,-1
-16.29,3,-42,-1
-16.29,3,-42,-1
-16.29,3,-42,-1
-16.29,3,-42,-1
-16.29,3,-42,-1
-26.245,7,-31,-5
-25.34,6,-32,-5
-28.055,7,-29,-6
-26.245,7,-31,-5
-24.435,6,-33,-4
-26.245,7,-31,-5
-26.245,7,-31,-5
-24.435,6,-33,-4
-26.245,7,-31,-5
-26.245,7,-31,-5
-21.72,5,-36,-3
-21.72,5,-36,-3
-21.72,5,-36,-3
-19.91,4,-38,-2
-21.72,5,-36,-3
-23.53,6,-34,-4
-21.72,5,-36,-3
-21.72,5,-36,-3
-23.53,6,-34,-4
-21.72,5,-36,-3
-23.53,5,-34,-3
-23.53,5,-34,-3
-23.53,5,-34,-3
-23.53,5,-34,-3
-23.53,5,-34,-3
-23.53,5,-34,-3
-23.53,5,-34,-3
-16.29,3,-42,-1
-23.53,5,-34,-3
-23.53,5,-34,-3
-25.34,5,-32,-3
-25.34,5,-32,-3
-25.34,6,-32,-4
-25.34,5,-32,-3
-25.34,5,-32,-3
-25.34,5,-32,-3
-25.34,6,-32,-4
-25.34,5,-32,-3
-25.34,5,-32,-3
-25.34,5,-32,-3
-25.34,6,-32,-4
-25.34,6,-32,-4
-23.53,5,-34,-3
-25.34,5,-32,-3
-25.34,6,-32,-4
-25.34,5,-32,-3
-25.34,5,-32,-3
-23.53,5,-34,-3
-25.34,5,-32,-3
-23.53,5,-34,-3
-28.96,6,-28,-4
-32.58,7,-24,-5
-25.34,5,-32,-4
-30.77,7,-26,-5
-30.77,7,-26,-5
-28.96,6,-28,-4
-32.58,7,-24,-5
-28.96,6,-28,-4
-30.77,8,-26,-6
-27.15,6,-30,-4
-16.29,3,-42,-1
-16.29,3,-42,-1
-16.29,3,-42,-1
-16.29,3,-42,-1
-16.29,3,-42,-1
-19.91,4,-38,-2
-19.91,4,-38,-2
-16.29,3,-42,-1
-19.91,4,-38,-2
-14.48,3,-44,-1
-21.72,4,-36,-2
-23.53,5,-34,-3
-23.53,5,-34,-3
-23.53,5,-34,-3
-23.53,5,-34,-3
-23.53,5,-34,-3
-23.53,5,-34,-3
-19.91,4,-38,-3
-23.53,5,-34,-3
-23.53,5,-34,-3
-17.195,4,-41,-2
-18.1,4,-40,-2
-17.195,4,-41,-2
-17.195,4,-41,-2
-17.195,4,-41,-2
-15.385,3,-43,-1
-18.1,4,-40,-2
-17.195,4,-41,-2
-17.195,4,-41,-2
-18.1,4,-40,-2
-18.1,4,-40,-2
-18.1,4,-40,-2
-18.1,4,-40,-2
-18.1,4,-40,-2
-18.1,4,-40,-2
-18.1,4,-40,-2
-18.1,4,-40,-2
-18.1,4,-40,-2
-18.1,4,-40,-2
-18.1,4,-40,-2
-9.955,3,-49,-2
-9.955,3,-49,-2
-8.145,2,-51,0
-8.145,2,-51,0
-8.145,2,-51,0
-9.955,3,-49,-2
-9.955,3,-49,-2
-9.955,3,-49,-2
-9.955,3,-49,-2
-8.145,2,-51,0
-23.53,5,-34,-4
-21.72,5,-36,-3
-21.72,5,-36,-3
-23.53,5,-34,-4
-23.53,5,-34,-4
-23.53,5,-34,-4
-23.53,5,-34,-4
-23.53,5,-34,-4
-23.53,5,-34,-4
-23.53,5,-34,-4
-21.72,4,-36,-2
-21.72,4,-36,-2
-21.72,4,-36,-2
-21.72,4,-36,-2
-21.72,4,-36,-2
-21.72,4,-36,-2
-19.91,4,-38,-2
-21.72,4,-36,-2
-21.72,4,-36,-2
-18.1,4,-40,-2
-31.675,8,-25,-6
-30.77,8,-26,-6
-30.77,8,-26,-6
-30.77,8,-26,-6
-30.77,8,-26,-6
-30.77,8,-26,-6
-30.77,8,-26,-6
-30.77,8,-26,-6
-26.245,7,-31,-5
-30.77,8,-26,-6
-32.58,8,-24,-6
-37.105,9,-19,-7
-36.2,8,-20,-6
-37.105,9,-19,-7
-36.2,8,-20,-6
-32.58,8,-24,-6
-37.105,9,-19,-7
-31.675,8,-25,-6
-37.105,9,-19,-7
-36.2,8,-20,-6
-9.955,3,-49,-2
-9.955,3,-49,-2
-8.145,2,-51,0
-8.145,2,-51,0
-8.145,2,-51,0
-9.955,3,-49,-2
-9.955,3,-49,-2
-9.955,3,-49,-2
-9.955,3,-49,-2
-8.145,2,-51,0
-36.2,9,-20,-7
-36.2,9,-20,-7
-36.2,9,-20,-7
-36.2,9,-20,-7
-36.2,9,-20,-7
-36.2,9,-20,-7
-36.2,9,-20,-7
-36.2,9,-20,-7
-36.2,9,-20,-7
-36.2,9,-20,-7
-21.72,4,-36,-2
-23.53,5,-34,-3
-23.53,5,-34,-3
-23.53,5,-34,-3
-21.72,4,-36,-2
-23.53,5,-34,-3
-23.53,5,-34,-3
-23.53,5,-34,-3
-23.53,5,-34,-3
-23.53,5,-34,-3
-38.01,11,-18,-9
-38.01,11,-18,-9
-38.01,11,-18,-9
-38.01,11,-18,-9
-38.01,11,-18,-9
-36.2,10,-20,-8
-38.01,11,-18,-9
-38.01,11,-18,-9
-38.01,11,-18,-9
-38.01,11,-18,-9
-21.72,4,-36,-2
-21.72,4,-36,-2
-21.72,4,-36,-2
-21.72,4,-36,-2
-21.72,4,-36,-3
-21.72,4,-36,-2
-21.72,4,-36,-3
-21.72,4,-36,-3
-21.72,4,-36,-2
-21.72,4,-36,-2
-23.53,5,-34,-3
-23.53,5,-34,-3
-23.53,5,-34,-3
-23.53,5,-34,-3
-23.53,5,-34,-3
-23.53,5,-34,-3
-23.53,5,-34,-3
-23.53,5,-34,-3
-23.53,5,-34,-3
-23.53,5,-34,-3
-18.1,4,-40,-2
-18.1,4,-40,-2
-18.1,4,-40,-2
-18.1,4,-40,-2
-18.1,4,-40,-2
-18.1,4,-40,-2
-18.1,4,-40,-3
-18.1,4,-40,-2
-18.1,4,-40,-2
-18.1,4,-40,-3
-38.01,8,-18,-6
-38.01,8,-18,-6
-38.01,8,-18,-6
-38.01,8,-18,-6
-38.01,8,-18,-6
-34.39,8,-22,-6
-38.01,8,-18,-6
-34.39,8,-22,-6
-38.01,8,-18,-6
-38.01,8,-18,-6
-38.01,12,-18,-10
-38.01,12,-18,-10
-38.01,12,-18,-10
-38.01,12,-18,-10
-38.01,12,-18,-10
-38.01,12,-18,-10
-38.01,12,-18,-10
-38.01,12,-18,-10
-38.01,12,-18,-10
-35.295,11,-21,-9
-16.29,3,-42,-2
-16.29,3,-42,-2
-16.29,3,-42,-1
-16.29,3,-42,-2
-18.1,4,-40,-2
-18.1,4,-40,-2
-16.29,3,-42,-1
-16.29,3,-42,-1
-16.29,3,-42,-1
-16.29,3,-42,-1
-43.44,14,-12,-12
-43.44,14,-12,-12
-43.44,14,-12,-12
-45.25,15,-10,-13
-45.25,15,-10,-13
-43.44,14,-12,-12
-43.44,14,-12,-12
-43.44,14,-12,-12
-43.44,14,-12,-12
-45.25,15,-10,-13
-23.53,5,-34,-3
-25.34,6,-32,-4
-23.53,5,-34,-3
-23.53,5,-34,-3
-23.53,5,-34,-3
-23.53,5,-34,-3
-25.34,6,-32,-4
-21.72,5,-36,-3
-21.72,5,-36,-3
-25.34,6,-32,-4
-32.58,8,-24,-6
-32.58,8,-24,-6
-32.58,8,-24,-6
-32.58,8,-24,-6
-30.77,9,-26,-7
-32.58,8,-24,-6
-32.58,8,-24,-6
-32.58,8,-24,-6
-32.58,8,-24,-6
-32.58,8,-24,-6
-25.34,5,-32,-3
-25.34,5,-32,-3
-25.34,5,-32,-3
-25.34,5,-32,-3
-25.34,5,-32,-3
-25.34,5,-32,-3
-25.34,5,-32,-3
-25.34,5,-32,-3
-25.34,5,-32,-3
-25.34,5,-32,-3
-19.91,5,-38,-4
-18.1,4,-40,-3
-19.91,5,-38,-4
-16.29,4,-42,-2
-19.91,5,-38,-4
-19.91,5,-38,-4
-19.91,5,-38,-4
-18.1,4,-40,-2
-19.91,5,-38,-4
-18.1,4,-40,-2
-30.77,9,-26,-7
-30.77,9,-26,-7
-30.77,9,-26,-7
-30.77,9,-26,-7
-30.77,9,-26,-7
-30.77,9,-26,-7
-30.77,9,-26,-7
-30.77,9,-26,-7
-30.77,9,-26,-7
-30.77,9,-26,-7
-26.245,6,-31,-4
-26.245,6,-31,-4
-26.245,6,-31,-4
-26.245,6,-31,-4
-21.72,5,-36,-3
-26.245,6,-31,-4
-26.245,6,-31,-4
-27.15,7,-30,-5
-27.15,7,-30,-5
-26.245,6,-31,-4
-25.34,6,-32,-4
-18.1,4,-40,-2
-25.34,6,-32,-4
-25.34,6,-32,-4
-25.34,6,-32,-4
-25.34,6,-32,-4
-25.34,6,-32,-4
-25.34,6,-32,-4
-25.34,6,-32,-4
-25.34,6,-32,-4
-26.245,6,-31,-4
-26.245,6,-31,-4
-26.245,6,-31,-4
-26.245,6,-31,-4
-26.245,6,-31,-4
-26.245,6,-31,-4
-26.245,6,-31,-4
-26.245,6,-31,-4
-26.245,6,-31,-4
-26.245,6,-31,-4
-21.72,5,-36,-3
-23.53,5,-34,-3
-23.53,5,-34,-3
-23.53,5,-34,-3
-18.1,4,-40,-2
-21.72,4,-36,-2
-19.91,4,-38,-2
-23.53,5,-34,-3
-21.72,5,-36,-3
-21.72,5,-36,-3
-28.96,7,-28,-5
-28.96,7,-28,-5
-28.96,7,-28,-5
-28.96,7,-28,-5
-28.96,7,-28,-5
-28.96,7,-28,-5
-28.96,7,-28,-5
-28.96,7,-28,-5
-28.96,7,-28,-5
-28.96,7,-28,-5
-15.385,4,-43,-2
-15.385,3,-43,-1
-15.385,3,-43,-1
-15.385,3,-43,-1
-16.29,4,-42,-2
-15.385,3,-43,-1
-15.385,3,-43,-1
-15.385,4,-43,-2
-15.385,4,-43,-2
-15.385,3,-43,-1
-38.915,13,-17,-11
-38.915,13,-17,-11
-38.915,13,-17,-11
-38.915,13,-17,-11
-38.915,13,-17,-11
-38.915,13,-17,-11
-38.915,13,-17,-11
-38.915,13,-17,-11
-38.915,13,-17,-11
-38.915,13,-17,-11
-32.58,9,-24,-7
-32.58,9,-24,-7
-32.58,9,-24,-7
-32.58,9,-24,-7
-32.58,9,-24,-7
-32.58,9,-24,-7
-32.58,9,-24,-7
-32.58,9,-24,-7
-32.58,9,-24,-7
-32.58,9,-24,-7
-27.15,5,-30,-3
-27.15,5,-30,-3
-27.15,5,-30,-3
-27.15,5,-30,-3
-27.15,5,-30,-3
-27.15,5,-30,-3
-27.15,5,-30,-3
-27.15,5,-30,-3
-27.15,5,-30,-3
-27.15,5,-30,-3
-45.25,12,-10,-10
-45.25,12,-10,-10
-45.25,12,-10,-10
-45.25,12,-10,-10
-42.535,11,-13,-9
-42.535,11,-13,-9
-42.535,11,-13,-9
-42.535,11,-13,-9
-45.25,12,-10,-10
-45.25,12,-10,-10
-16.29,4,-42,-2
-16.29,4,-42,-2
-16.29,4,-42,-2
-16.29,4,-42,-2
-16.29,4,-42,-2
-16.29,4,-42,-2
-14.48,3,-44,-1
-16.29,4,-42,-2
-16.29,4,-42,-2
-16.29,4,-42,-2
-26.245,6,-31,-4
-21.72,5,-36,-3
-27.15,6,-30,-4
-21.72,6,-36,-4
-26.245,6,-31,-4
-26.245,6,-31,-4
-27.15,6,-30,-4
-26.245,6,-31,-4
-26.245,6,-31,-4
-21.72,5,-36,-3
-34.39,9,-22,-7
-34.39,9,-22,-7
-30.77,8,-26,-6
-30.77,8,-26,-6
-34.39,9,-22,-7
-30.77,8,-26,-6
-34.39,9,-22,-7
-34.39,9,-22,-7
-34.39,9,-22,-7
-34.39,9,-22,-7
-30.77,7,-26,-5
-30.77,7,-26,-5
-30.77,7,-26,-5
-30.77,7,-26,-5
-30.77,7,-26,-5
-29.865,7,-27,-5
-30.77,7,-26,-5
-30.77,7,-26,-5
-30.77,7,-26,-5
-28.96,7,-28,-5
-23.53,5,-34,-3
-23.53,5,-34,-3
-21.72,5,-36,-3
-23.53,5,-34,-3
-23.53,5,-34,-3
-19.91,4,-38,-2
-21.72,5,-36,-3
-23.53,5,-34,-3
-23.53,5,-34,-3
-23.53,5,-34,-3
-19.91,4,-38,-2
-18.1,4,-40,-2
-19.91,4,-38,-2
-18.1,4,-40,-2
-19.91,4,-38,-2
-18.1,4,-40,-2
-19.91,4,-38,-2
-18.1,4,-40,-2
-19.91,4,-38,-2
-19.91,4,-38,-2
-31.675,7,-25,-5
-26.245,7,-31,-5
-31.675,7,-25,-5
-31.675,7,-25,-5
-31.675,7,-25,-5
-31.675,7,-25,-5
-31.675,7,-25,-5
-31.675,7,-25,-5
-31.675,7,-25,-5
-31.675,7,-25,-5
-23.53,5,-34,-3
-23.53,5,-34,-3
-23.53,5,-34,-3
-21.72,5,-36,-3
-21.72,5,-36,-3
-23.53,5,-34,-3
-23.53,5,-34,-3
-23.53,5,-34,-3
-23.53,5,-34,-3
-23.53,5,-34,-3
-18.1,4,-40,-2
-18.1,4,-40,-2
-18.1,4,-40,-2
-18.1,4,-40,-2
-18.1,4,-40,-2
-18.1,4,-40,-2
-18.1,4,-40,-2
-18.1,4,-40,-2
-18.1,4,-40,-2
-18.1,4,-40,-2
-19.91,4,-38,-2
-19.005,4,-39,-2
-19.005,4,-39,-2
-19.91,4,-38,-2
-19.91,4,-38,-2
-19.005,4,-39,-2
-19.005,4,-39,-2
-19.005,4,-39,-2
-19.91,4,-38,-2
-19.005,4,-39,-2
-18.1,4,-40,-2
-18.1,4,-40,-3
-19.91,4,-38,-2
-19.91,5,-38,-3
-18.1,4,-40,-2
-18.1,4,-40,-2
-18.1,4,-40,-2
-19.91,4,-38,-2
-19.91,4,-38,-2
-18.1,4,-40,-3
-21.72,4,-36,-2
-21.72,4,-36,-2
-21.72,4,-36,-2
-16.29,3,-42,-1
-21.72,4,-36,-2
-21.72,4,-36,-2
-21.72,4,-36,-2
-21.72,4,-36,-2
-21.72,4,-36,-2
-21.72,4,-36,-2
-31.675,8,-25,-6
-31.675,8,-25,-6
-31.675,8,-25,-6
-31.675,8,-25,-6
-31.675,8,-25,-6
-31.675,8,-25,-6
-31.675,8,-25,-6
-31.675,8,-25,-6
-33.485,8,-23,-6
-31.675,8,-25,-6
-28.96,6,-28,-4
-28.96,6,-28,-4
-28.96,6,-28,-4
-28.96,6,-28,-4
-28.96,6,-28,-4
-28.96,6,-28,-4
-27.15,6,-30,-4
-28.96,6,-28,-4
-28.96,6,-28,-4
-28.96,6,-28,-4
-32.58,8,-24,-6
-34.39,8,-22,-6
-34.39,8,-22,-6
-32.58,8,-24,-6
-34.39,8,-22,-6
-34.39,8,-22,-6
-34.39,8,-22,-6
-34.39,8,-22,-6
-34.39,8,-22,-6
-34.39,8,-22,-6
-23.53,5,-34,-3
-23.53,5,-34,-3
-23.53,5,-34,-3
-23.53,5,-34,-3
-23.53,5,-34,-3
-23.53,5,-34,-3
-23.53,5,-34,-3
-23.53,5,-34,-3
-23.53,5,-34,-3
-19.91,4,-38,-2
-34.39,12,-22,-10
-34.39,12,-22,-10
-34.39,12,-22,-10
-34.39,12,-22,-10
-34.39,12,-22,-10
-34.39,12,-22,-10
-34.39,12,-22,-10
-32.58,12,-24,-10
-34.39,12,-22,-10
-34.39,12,-22,-10
-29.865,7,-27,-5
-29.865,7,-27,-5
-29.865,7,-27,-5
-29.865,7,-27,-5
-29.865,7,-27,-5
-32.58,7,-24,-5
-29.865,7,-27,-5
-29.865,7,-27,-5
-29.865,7,-27,-5
-29.865,7,-27,-5
-23.53,5,-34,-3
-23.53,5,-34,-3
-23.53,5,-34,-3
-18.1,4,-40,-2
-19.91,4,-38,-2
-21.72,4,-36,-2
-23.53,5,-34,-3
-23.53,5,-34,-3
-23.53,5,-34,-3
-23.53,5,-34,-3
-25.34,6,-32,-5
-25.34,6,-32,-5
-25.34,6,-32,-5
-25.34,6,-32,-5
-25.34,6,-32,-5
-25.34,6,-32,-5
-25.34,6,-32,-5
-25.34,6,-32,-5
-25.34,6,-32,-5
-25.34,6,-32,-5
