-28.905,8,-19,-6
-32.43,10,-14,-8
-28.2,7,-20,-5
-28.905,8,-19,-6
-29.61,9,-18,-7
-28.905,8,-19,-6
-28.905,8,-19,-6
-28.905,8,-19,-6
-28.905,8,-19,-6
-28.905,8,-19,-6
-29.61,10,-18,-8
-31.02,11,-16,-9
-29.61,10,-18,-8
-29.61,10,-18,-8
-29.61,10,-18,-8
-29.61,10,-18,-8
-29.61,10,-18,-8
-31.02,11,-16,-9
-31.02,11,-16,-9
-31.02,11,-16,-9
-28.2,7,-20,-5
-28.2,7,-20,-5
-26.085,8,-23,-6
-28.905,8,-19,-6
-26.085,7,-23,-5
-25.38,7,-24,-5
-28.2,7,-20,-5
-28.905,8,-19,-6
-28.2,7,-20,-5
-28.905,8,-19,-6
-33.84,10,-12,-8
-33.84,10,-12,-8
-32.43,11,-14,-9
-33.84,10,-12,-8
-30.315,9,-17,-8
-31.725,10,-15,-8
-33.84,10,-12,-8
-33.135,11,-13,-9
-33.84,10,-12,-8
-31.02,9,-16,-7
-27.495,7,-21,-5
-25.38,7,-24,-6
-22.56,6,-28,-5
-23.97,7,-26,-5
-28.905,7,-19,-5
-24.675,7,-25,-5
-26.085,7,-23,-5
-24.675,7,-25,-5
-24.675,7,-25,-5
-25.38,6,-24,-5
-25.38,8,-24,-6
-26.79,8,-22,-6
-28.2,9,-20,-7
-32.43,10,-14,-8
-28.2,9,-20,-7
-28.2,9,-20,-7
-28.2,9,-20,-7
-28.2,9,-20,-7
-28.2,9,-20,-7
-28.2,9,-20,-7
-25.38,7,-24,-5
-28.2,7,-20,-5
-26.79,7,-22,-5
-25.38,6,-24,-4
-28.2,7,-20,-5
-25.38,7,-24,-5
-28.2,7,-20,-5
-26.79,7,-22,-5
-26.79,7,-22,-5
-26.79,7,-22,-5
-27.495,8,-21,-6
-25.38,7,-24,-6
-25.38,7,-24,-6
-27.495,8,-21,-6
-25.38,7,-24,-6
-27.495,8,-21,-6
-25.38,7,-24,-6
-25.38,7,-24,-6
-25.38,7,-24,-6
-27.495,8,-21,-6
-33.84,8,-12,-6
-33.84,8,-12,-6
-32.43,8,-14,-6
-33.84,8,-12,-6
-33.84,8,-12,-6
-33.84,8,-12,-6
-33.84,8,-12,-6
-33.84,8,-12,-6
-33.84,8,-12,-6
-33.84,8,-12,-6
-25.38,7,-24,-5
-23.97,6,-26,-4
-26.79,7,-22,-5
-25.38,7,-24,-5
-25.38,7,-24,-5
-25.38,7,-24,-5
-26.79,7,-22,-5
-25.38,6,-24,-4
-25.38,7,-24,-5
-25.38,7,-24,-5
-23.97,6,-26,-4
-23.97,6,-26,-4
-23.97,6,-26,-4
-23.97,6,-26,-4
-23.97,6,-26,-4
-25.38,7,-24,-5
-22.56,6,-28,-4
-23.97,6,-26,-4
-25.38,7,-24,-5
-23.97,6,-26,-4
-21.15,5,-30,-4
-21.15,6,-30,-4
-21.15,6,-30,-4
-21.15,5,-30,-3
-21.15,6,-30,-4
-25.38,6,-24,-4
-21.15,5,-30,-4
-21.15,6,-30,-4
-21.15,5,-30,-4
-25.38,6,-24,-4
-31.725,11,-15,-9
-31.02,10,-16,-8
-34.545,11,-11,-9
-32.43,10,-14,-8
-31.725,11,-15,-9
-31.02,10,-16,-8
-31.02,10,-16,-8
-33.84,10,-12,-8
-29.61,10,-18,-8
-30.315,11,-17,-9
-34.545,11,-11,-9
-35.955,11,-9,-9
-34.545,11,-11,-9
-35.25,10,-10,-8
-35.25,10,-10,-8
-35.25,10,-10,-8
-33.84,10,-12,-8
-35.25,10,-10,-8
-35.25,10,-10,-8
-34.545,11,-11,-9
-25.38,7,-24,-5
-25.38,8,-24,-6
-31.02,10,-16,-8
-28.2,9,-20,-7
-25.38,7,-24,-5
-26.79,8,-22,-6
-25.38,7,-24,-5
-25.38,7,-24,-5
-28.2,9,-20,-7
-31.02,10,-16,-8
-35.25,12,-10,-10
-33.135,10,-13,-8
-34.545,11,-11,-9
-34.545,11,-11,-9
-34.545,11,-11,-9
-34.545,11,-11,-9
-35.25,12,-10,-10
-35.955,12,-9,-10
-34.545,11,-11,-9
-34.545,11,-11,-9
-23.97,7,-26,-5
-23.97,7,-26,-5
-23.97,7,-26,-5
-23.97,7,-26,-5
-26.79,7,-22,-5
-23.97,7,-26,-5
-23.97,7,-26,-5
-23.97,7,-26,-5
-23.97,7,-26,-5
-23.97,7,-26,-5
-30.315,8,-17,-6
-30.315,9,-17,-7
-27.495,8,-21,-6
-31.725,10,-15,-8
-31.02,10,-16,-8
-30.315,8,-17,-6
-27.495,9,-21,-7
-31.725,10,-15,-8
-31.725,11,-15,-9
-32.43,10,-14,-8
-23.97,6,-26,-4
-27.495,9,-21,-7
-27.495,8,-21,-6
-26.79,8,-22,-6
-31.02,9,-16,-7
-26.085,8,-23,-6
-26.79,8,-22,-6
-26.79,8,-22,-6
-30.315,8,-17,-6
-28.2,9,-20,-7
-26.79,7,-22,-5
-29.61,8,-18,-6
-29.61,7,-18,-5
-29.61,7,-18,-5
-29.61,7,-18,-5
-26.79,7,-22,-6
-29.61,7,-18,-5
-26.79,7,-22,-5
-29.61,7,-18,-5
-26.79,7,-22,-5
-22.56,6,-28,-4
-25.38,7,-24,-5
-22.56,6,-28,-4
-25.38,7,-24,-5
-22.56,6,-28,-4
-23.97,7,-26,-5
-23.97,6,-26,-4
-22.56,6,-28,-4
-25.38,7,-24,-5
-25.38,7,-24,-5
-31.02,9,-16,-7
-32.43,8,-14,-6
-31.02,8,-16,-6
-31.02,8,-16,-6
-31.02,9,-16,-7
-32.43,8,-14,-6
-31.02,8,-16,-6
-32.43,8,-14,-6
-31.02,9,-16,-7
-32.43,8,-14,-6
-31.02,8,-16,-6
-31.02,8,-16,-6
-31.02,8,-16,-6
-28.2,8,-20,-6
-31.02,8,-16,-6
-31.02,8,-16,-6
-31.02,8,-16,-6
-31.02,8,-16,-6
-28.2,8,-20,-6
-28.2,8,-20,-6
-25.38,6,-24,-4
-26.79,7,-22,-5
-25.38,6,-24,-4
-28.2,7,-20,-5
-25.38,6,-24,-4
-25.38,6,-24,-4
-25.38,6,-24,-4
-25.38,6,-24,-4
-26.79,7,-22,-5
-29.61,8,-18,-6
-25.38,7,-24,-5
-24.675,7,-25,-5
-26.79,8,-22,-6
-25.38,7,-24,-5
-24.675,7,-25,-5
-24.675,7,-25,-5
-26.085,8,-23,-6
-24.675,6,-25,-4
-24.675,7,-25,-5
-26.085,8,-23,-6
-25.38,6,-24,-4
-28.2,8,-20,-6
-25.38,7,-24,-5
-25.38,7,-24,-5
-28.2,8,-20,-6
-28.2,7,-20,-5
-25.38,7,-24,-5
-25.38,7,-24,-5
-25.38,7,-24,-5
-26.79,7,-22,-5
-28.2,8,-20,-6
-26.79,8,-22,-6
-26.79,8,-22,-6
-28.2,8,-20,-6
-28.2,8,-20,-6
-26.79,8,-22,-6
-26.79,8,-22,-6
-26.79,7,-22,-5
-26.085,7,-23,-5
-26.79,7,-22,-5
-22.56,7,-28,-5
-24.675,7,-25,-5
-22.56,6,-28,-5
-25.38,8,-24,-6
-26.79,8,-22,-6
-26.79,8,-22,-6
-24.675,7,-25,-5
-21.15,6,-30,-4
-24.675,7,-25,-5
-26.79,7,-22,-5
-29.61,7,-18,-5
-29.61,7,-18,-5
-29.61,7,-18,-5
-29.61,7,-18,-5
-29.61,7,-18,-5
-29.61,7,-18,-5
-29.61,7,-18,-5
-29.61,7,-18,-5
-29.61,7,-18,-5
-29.61,7,-18,-5
-28.2,7,-20,-5
-26.79,7,-22,-5
-28.2,7,-20,-5
-26.79,7,-22,-5
-28.2,7,-20,-5
-26.79,7,-22,-5
-28.2,7,-20,-5
-26.79,7,-22,-5
-28.2,7,-20,-5
-28.2,7,-20,-5
-21.15,5,-30,-3
-22.56,6,-28,-4
-21.15,6,-30,-5
-21.15,5,-30,-3
-21.15,5,-30,-3
-22.56,6,-28,-4
-21.15,5,-30,-3
-22.56,6,-28,-4
-21.15,5,-30,-3
-21.15,5,-30,-3
-28.2,7,-20,-6
-28.2,7,-20,-6
-28.2,7,-20,-6
-26.085,7,-23,-5
-29.61,7,-18,-6
-29.61,7,-18,-6
-29.61,7,-18,-6
-27.495,7,-21,-5
-25.38,6,-24,-5
-28.2,7,-20,-6
-28.2,7,-20,-5
-28.2,7,-20,-5
-28.2,8,-20,-6
-28.2,8,-20,-6
-28.2,7,-20,-5
-28.2,7,-20,-5
-26.79,7,-22,-5
-26.79,7,-22,-5
-28.2,8,-20,-6
-26.79,7,-22,-5
-25.38,6,-24,-4
-26.79,7,-22,-5
-26.79,7,-22,-6
-29.61,8,-18,-6
-23.97,6,-26,-4
-28.2,7,-20,-5
-25.38,6,-24,-4
-25.38,6,-24,-4
-25.38,6,-24,-4
-26.79,7,-22,-5
-33.84,10,-12,-8
-33.84,10,-12,-8
-33.84,10,-12,-8
-33.84,10,-12,-8
-33.84,10,-12,-8
-33.84,10,-12,-8
-33.84,10,-12,-8
-33.84,10,-12,-8
-33.84,10,-12,-8
-33.84,10,-12,-8
-31.02,8,-16,-6
-31.02,8,-16,-6
-28.2,7,-20,-5
-31.02,8,-16,-6
-31.02,8,-16,-6
-29.61,8,-18,-6
-29.61,8,-18,-6
-29.61,8,-18,-6
-29.61,7,-18,-5
-31.02,8,-16,-6
-29.61,8,-18,-6
-29.61,8,-18,-6
-29.61,8,-18,-6
-29.61,8,-18,-6
-29.61,8,-18,-6
-29.61,8,-18,-6
-29.61,8,-18,-6
-29.61,8,-18,-6
-29.61,8,-18,-6
-29.61,8,-18,-6
-29.61,8,-18,-6
-29.61,8,-18,-6
-26.79,7,-22,-5
-29.61,8,-18,-6
-29.61,8,-18,-6
-29.61,8,-18,-6
-29.61,8,-18,-6
-29.61,8,-18,-6
-29.61,8,-18,-6
-29.61,8,-18,-6
-32.43,8,-14,-6
-31.02,8,-16,-6
-31.02,8,-16,-6
-32.43,8,-14,-6
-31.02,8,-16,-6
-32.43,8,-14,-6
-31.02,8,-16,-6
-29.61,7,-18,-5
-32.43,8,-14,-6
-32.43,8,-14,-6
-31.02,8,-16,-6
-31.02,8,-16,-6
-31.02,8,-16,-6
-31.02,8,-16,-6
-31.02,8,-16,-6
-31.02,8,-16,-6
-31.02,8,-16,-6
-31.02,8,-16,-6
-31.02,8,-16,-6
-31.02,8,-16,-6
-25.38,6,-24,-4
-25.38,6,-24,-4
-25.38,6,-24,-4
-25.38,6,-24,-4
-25.38,6,-24,-4
-25.38,6,-24,-4
-25.38,6,-24,-4
-25.38,6,-24,-4
-25.38,6,-24,-4
-25.38,6,-24,-4
-28.905,8,-19,-6
-28.905,8,-19,-6
-29.61,8,-18,-6
-28.905,8,-19,-6
-28.905,8,-19,-6
-28.905,8,-19,-6
-28.905,8,-19,-6
-31.02,8,-16,-6
-26.79,7,-22,-6
-29.61,8,-18,-6
-25.38,7,-24,-5
-26.79,7,-22,-6
-26.79,7,-22,-5
-26.79,7,-22,-6
-23.97,6,-26,-4
-23.97,6,-26,-4
-25.38,7,-24,-5
-25.38,7,-24,-5
-25.38,7,-24,-5
-23.97,6,-26,-5
-25.38,6,-24,-4
-26.79,7,-22,-5
-26.79,7,-22,-5
-26.79,7,-22,-5
-25.38,6,-24,-4
-25.38,7,-24,-5
-28.2,7,-20,-5
-25.38,7,-24,-5
-26.79,7,-22,-5
-28.2,7,-20,-5
-26.79,7,-22,-5
-26.79,7,-22,-5
-26.79,7,-22,-5
-26.79,7,-22,-5
-28.2,7,-20,-5
-26.79,7,-22,-5
-26.79,7,-22,-5
-26.79,7,-22,-5
-26.79,7,-22,-5
-26.79,7,-22,-5
-25.38,8,-24,-6
-25.38,8,-24,-6
-25.38,8,-24,-6
-23.97,8,-26,-6
-23.97,8,-26,-6
-23.97,7,-26,-5
-24.675,8,-25,-6
-23.97,8,-26,-6
-25.38,8,-24,-6
-23.97,8,-26,-6
-29.61,10,-18,-8
-28.905,9,-19,-7
-28.905,9,-19,-7
-28.905,9,-19,-7
-28.905,9,-19,-7
-28.905,9,-19,-7
-28.905,9,-19,-7
-29.61,10,-18,-8
-29.61,10,-18,-8
-29.61,10,-18,-8
-31.02,8,-16,-6
-32.43,8,-14,-6
-31.02,8,-16,-6
-32.43,8,-14,-6
-32.43,8,-14,-6
-32.43,8,-14,-6
-32.43,8,-14,-6
-32.43,8,-14,-6
-32.43,8,-14,-6
-32.43,8,-14,-6
-35.955,12,-9,-10
-33.84,9,-12,-7
-35.955,12,-9,-10
-35.955,12,-9,-10
-32.43,9,-14,-7
-36.66,11,-8,-9
-33.84,9,-12,-7
-33.135,10,-13,-8
-33.84,9,-12,-7
-35.25,11,-10,-9
-31.02,10,-16,-8
-33.84,10,-12,-8
-29.61,9,-18,-7
-31.02,9,-16,-7
-31.02,9,-16,-7
-33.84,10,-12,-8
-31.02,9,-16,-7
-31.02,9,-16,-7
-31.02,9,-16,-7
-31.02,10,-16,-8
-28.2,7,-20,-5
-26.79,7,-22,-5
-26.79,7,-22,-5
-25.38,7,-24,-5
-28.2,7,-20,-5
-28.2,7,-20,-5
-23.97,6,-26,-4
-26.79,7,-22,-5
-28.2,7,-20,-5
-28.2,7,-20,-5
-26.79,7,-22,-5
-26.79,7,-22,-5
-26.79,7,-22,-5
-25.38,6,-24,-4
-25.38,6,-24,-4
-26.79,7,-22,-5
-26.79,7,-22,-5
-28.2,7,-20,-5
-25.38,6,-24,-4
-26.79,7,-22,-5
-23.97,6,-26,-4
-23.97,6,-26,-4
-23.97,6,-26,-4
-23.97,6,-26,-4
-23.97,6,-26,-4
-23.97,6,-26,-4
-23.97,6,-26,-4
-23.97,6,-26,-4
-23.97,6,-26,-4
-23.97,6,-26,-4
-29.61,11,-18,-9
-29.61,11,-18,-9
-31.725,11,-15,-9
-29.61,11,-18,-9
-29.61,11,-18,-9
-29.61,11,-18,-9
-29.61,11,-18,-9
-29.61,10,-18,-8
-28.2,10,-20,-8
-27.495,9,-21,-7
-29.61,7,-18,-5
-28.2,7,-20,-5
-29.61,7,-18,-5
-28.2,7,-20,-5
-28.2,7,-20,-5
-29.61,7,-18,-5
-29.61,7,-18,-5
-28.2,7,-20,-5
-29.61,7,-18,-5
-28.2,7,-20,-5
-29.61,9,-18,-7
-31.02,9,-16,-7
-29.61,9,-18,-7
-29.61,9,-18,-7
-29.61,9,-18,-7
-29.61,9,-18,-7
-29.61,9,-18,-7
-32.43,10,-14,-8
-31.02,9,-16,-7
-32.43,10,-14,-8
-23.97,6,-26,-4
-23.97,6,-26,-4
-23.97,6,-26,-4
-23.97,6,-26,-4
-22.56,6,-28,-4
-23.97,6,-26,-4
-23.97,6,-26,-4
-23.97,6,-26,-4
-23.97,6,-26,-4
-23.97,6,-26,-4
-32.43,11,-14,-9
-31.02,10,-16,-9
-31.02,10,-16,-9
-33.135,12,-13,-10
-31.725,10,-15,-8
-30.315,10,-17,-8
-32.43,11,-14,-9
-33.84,12,-12,-10
-31.02,10,-16,-9
-31.725,10,-15,-8
-31.02,8,-16,-7
-31.02,8,-16,-7
-31.02,8,-16,-6
-31.02,8,-16,-7
-32.43,8,-14,-7
-31.02,8,-16,-7
-31.02,8,-16,-7
-31.02,8,-16,-6
-31.02,8,-16,-7
-31.02,8,-16,-6
-36.66,11,-8,-9
-36.66,11,-8,-9
-36.66,11,-8,-9
-35.25,10,-10,-8
-36.66,11,-8,-9
-35.955,10,-9,-8
-35.25,10,-10,-8
-37.365,11,-7,-9
-36.66,11,-8,-9
-36.66,11,-8,-9
-35.25,9,-10,-7
-35.25,9,-10,-7
-35.25,9,-10,-7
-35.25,9,-10,-7
-35.25,9,-10,-7
-35.25,9,-10,-7
-35.25,9,-10,-7
-35.25,9,-10,-7
-35.25,9,-10,-7
-35.25,9,-10,-7
-29.61,7,-18,-5
-26.79,7,-22,-5
-26.79,7,-22,-5
-29.61,7,-18,-5
-29.61,7,-18,-5
-26.79,8,-22,-7
-29.61,7,-18,-5
-29.61,7,-18,-5
-26.79,7,-22,-5
-29.61,7,-18,-5
-31.02,8,-16,-6
-29.61,8,-18,-6
-31.02,8,-16,-6
-29.61,7,-18,-5
-29.61,7,-18,-5
-29.61,8,-18,-6
-31.02,8,-16,-6
-31.02,8,-16,-6
-31.02,8,-16,-6
-29.61,8,-18,-6
-23.97,6,-26,-4
-25.38,7,-24,-5
-23.97,6,-26,-4
-23.97,6,-26,-4
-23.97,6,-26,-4
-23.97,6,-26,-4
-23.97,6,-26,-4
-23.97,6,-26,-4
-23.97,6,-26,-4
-23.97,6,-26,-4
-32.43,9,-14,-7
-32.43,9,-14,-7
-30.315,8,-17,-6
-32.43,9,-14,-7
-32.43,9,-14,-7
-33.135,9,-13,-7
-32.43,9,-14,-7
-32.43,9,-14,-7
-32.43,9,-14,-7
-32.43,9,-14,-7
-21.855,6,-29,-4
-21.855,6,-29,-4
-21.855,6,-29,-4
-21.855,6,-29,-4
-21.855,6,-29,-4
-21.855,6,-29,-4
-21.15,5,-30,-4
-21.15,5,-30,-4
-21.15,5,-30,-4
-23.265,6,-27,-4
-26.79,7,-22,-5
-27.495,8,-21,-6
-27.495,8,-21,-6
-27.495,8,-21,-6
-27.495,8,-21,-6
-26.79,8,-22,-6
-26.79,7,-22,-5
-27.495,8,-21,-6
-27.495,8,-21,-6
-27.495,8,-21,-6
-34.545,10,-11,-8
-33.84,9,-12,-7
-34.545,10,-11,-8
-35.955,11,-9,-9
-35.25,10,-10,-8
-34.545,10,-11,-8
-34.545,10,-11,-8
-37.365,10,-7,-8
-37.365,10,-7,-8
-35.955,11,-9,-9
-25.38,7,-24,-5
-25.38,7,-24,-5
-28.2,7,-20,-5
-28.2,7,-20,-5
-28.2,7,-20,-5
-28.2,7,-20,-5
-26.79,7,-22,-5
-28.2,7,-20,-5
-28.2,7,-20,-5
-28.2,7,-20,-5
-32.43,11,-14,-9
-31.725,10,-15,-8
-30.315,9,-17,-8
-31.02,10,-16,-9
-31.02,10,-16,-9
-31.725,10,-15,-8
-30.315,9,-17,-8
-32.43,10,-14,-9
-31.02,10,-16,-9
-31.725,10,-15,-8
-21.15,5,-30,-3
-21.15,5,-30,-3
-21.15,5,-30,-3
-21.15,5,-30,-3
-22.56,6,-28,-4
-22.56,6,-28,-4
-21.15,5,-30,-3
-22.56,6,-28,-4
-21.15,5,-30,-3
-22.56,6,-28,-4
-33.84,10,-12,-8
-33.84,10,-12,-8
-33.135,11,-13,-9
-32.43,10,-14,-8
-34.545,11,-11,-9
-33.84,10,-12,-8
-34.545,11,-11,-9
-32.43,10,-14,-8
-33.84,10,-12,-8
-33.84,10,-12,-8
-28.2,9,-20,-7
-33.84,13,-12,-11
-31.725,11,-15,-9
-30.315,11,-17,-9
-30.315,11,-17,-9
-28.2,9,-20,-7
-30.315,12,-17,-10
-28.2,9,-20,-7
-28.2,9,-20,-7
-31.02,12,-16,-10
-21.15,6,-30,-4
-19.74,5,-32,-3
-21.15,6,-30,-4
-21.15,6,-30,-4
-21.15,5,-30,-3
-19.74,5,-32,-3
-19.74,6,-32,-4
-21.15,5,-30,-3
-21.15,6,-30,-4
-21.15,6,-30,-4
-25.38,6,-24,-4
-28.2,7,-20,-5
-28.2,7,-20,-5
-26.79,7,-22,-5
-25.38,6,-24,-4
-26.79,7,-22,-5
-28.2,7,-20,-5
-26.79,7,-22,-5
-26.79,7,-22,-5
-26.79,7,-22,-5
-32.43,10,-14,-8
-31.725,11,-15,-9
-32.43,10,-14,-8
-31.725,11,-15,-9
-32.43,10,-14,-8
-32.43,10,-14,-8
-31.02,10,-16,-8
-28.905,9,-19,-7
-31.02,10,-16,-8
-32.43,10,-14,-8
-33.84,9,-12,-7
-33.135,10,-13,-8
-33.84,9,-12,-7
-33.135,10,-13,-8
-33.135,10,-13,-8
-33.135,10,-13,-8
-33.84,9,-12,-7
-33.84,9,-12,-7
-32.43,9,-14,-7
-33.84,9,-12,-7
-30.315,8,-17,-6
-29.61,7,-18,-6
-30.315,8,-17,-6
-30.315,8,-17,-6
-30.315,8,-17,-6
-29.61,7,-18,-6
-30.315,8,-17,-6
-29.61,7,-18,-6
-29.61,7,-18,-6
-29.61,7,-18,-6
-25.38,8,-24,-6
-24.675,7,-25,-5
-25.38,7,-24,-5
-25.38,7,-24,-5
-25.38,8,-24,-6
-25.38,8,-24,-6
-26.79,7,-22,-6
-23.97,6,-26,-5
-27.495,8,-21,-6
-25.38,8,-24,-6
-26.79,7,-22,-5
-26.79,7,-22,-5
-26.79,7,-22,-6
-25.38,6,-24,-4
-26.79,7,-22,-6
-29.61,7,-18,-5
-29.61,7,-18,-5
-28.2,8,-20,-6
-29.61,7,-18,-5
-26.79,7,-22,-5
-25.38,7,-24,-5
-25.38,7,-24,-5
-25.38,7,-24,-5
-25.38,7,-24,-5
-26.79,8,-22,-6
-26.79,8,-22,-6
-25.38,7,-24,-5
-26.79,8,-22,-6
-25.38,7,-24,-5
-26.79,8,-22,-6
-29.61,8,-18,-6
-29.61,8,-18,-6
-28.2,7,-20,-6
-28.2,7,-20,-6
-26.79,7,-22,-5
-26.79,7,-22,-5
-28.2,7,-20,-6
-29.61,8,-18,-6
-28.2,7,-20,-6
-28.2,7,-20,-5
-30.315,8,-17,-6
-30.315,8,-17,-6
-28.2,7,-20,-5
-28.905,8,-19,-6
-29.61,8,-18,-6
-31.725,9,-15,-7
-28.905,8,-19,-6
-29.61,8,-18,-6
-29.61,8,-18,-6
-29.61,9,-18,-7
-28.905,8,-19,-6
-28.2,8,-20,-6
-28.905,8,-19,-6
-28.2,8,-20,-6
-28.905,8,-19,-6
-28.905,8,-19,-6
-28.905,8,-19,-6
-28.905,8,-19,-6
-28.2,8,-20,-6
-28.905,8,-19,-6
-31.725,9,-15,-7
-30.315,9,-17,-7
-30.315,9,-17,-7
-31.725,9,-15,-7
-31.725,9,-15,-7
-28.905,9,-19,-7
-29.61,10,-18,-8
-31.725,9,-15,-7
-28.2,8,-20,-6
-29.61,10,-18,-8
-28.905,8,-19,-6
-28.905,8,-19,-6
-28.905,8,-19,-6
-28.905,9,-19,-7
-28.905,8,-19,-6
-28.905,9,-19,-7
-28.905,9,-19,-7
-28.905,8,-19,-6
-26.79,7,-22,-5
-28.905,8,-19,-6
-34.545,9,-11,-7
-30.315,9,-17,-7
-34.545,9,-11,-7
-32.43,10,-14,-8
-35.955,10,-9,-8
-33.84,10,-12,-8
-31.725,9,-15,-7
-34.545,9,-11,-7
-33.135,9,-13,-7
-34.545,9,-11,-7
-31.02,8,-16,-6
-29.61,8,-18,-6
-31.02,8,-16,-6
-29.61,8,-18,-6
-31.02,8,-16,-6
-31.02,8,-16,-6
-31.02,8,-16,-6
-31.02,8,-16,-6
-31.02,8,-16,-6
-31.02,8,-16,-6
-31.725,9,-15,-7
-30.315,9,-17,-7
-31.725,9,-15,-7
-31.725,9,-15,-7
-31.02,10,-16,-8
-32.43,10,-14,-8
-30.315,9,-17,-7
-31.02,10,-16,-8
-31.725,9,-15,-7
-31.725,9,-15,-7
-26.79,7,-22,-5
-26.79,7,-22,-5
-26.79,7,-22,-5
-28.2,7,-20,-5
-26.79,7,-22,-5
-28.2,7,-20,-5
-26.79,7,-22,-5
-26.79,7,-22,-5
-26.79,7,-22,-5
-28.2,7,-20,-5
-21.15,5,-30,-4
-23.97,6,-26,-4
-23.97,6,-26,-4
-23.97,6,-26,-4
-21.15,5,-30,-4
-22.56,6,-28,-4
-23.97,6,-26,-4
-23.97,6,-26,-4
-22.56,6,-28,-4
-23.97,6,-26,-4
-36.66,13,-8,-11
-36.66,13,-8,-11
-38.07,14,-6,-12
-35.25,13,-10,-11
-38.07,14,-6,-12
-38.07,14,-6,-12
-36.66,13,-8,-11
-39.48,14,-4,-12
-39.48,14,-4,-12
-39.48,14,-4,-12
-26.79,7,-22,-5
-26.79,7,-22,-5
-26.79,7,-22,-5
-25.38,7,-24,-5
-26.79,7,-22,-5
-25.38,7,-24,-5
-26.79,7,-22,-5
-25.38,7,-24,-5
-26.79,7,-22,-5
-25.38,7,-24,-5
-28.905,9,-19,-7
-28.2,8,-20,-6
-28.2,8,-20,-6
-28.905,9,-19,-7
-28.2,8,-20,-6
-28.2,8,-20,-6
-28.905,9,-19,-7
-28.905,9,-19,-7
-28.2,8,-20,-6
-28.2,8,-20,-6
-26.79,7,-22,-5
-25.38,6,-24,-4
-26.79,7,-22,-5
-26.79,7,-22,-5
-26.79,7,-22,-5
-26.79,7,-22,-5
-26.79,7,-22,-5
-26.79,7,-22,-5
-26.79,7,-22,-5
-26.79,7,-22,-5
-22.56,6,-28,-4
-22.56,6,-28,-4
-21.15,6,-30,-4
-22.56,6,-28,-4
-21.15,5,-30,-3
-19.74,5,-32,-3
-22.56,6,-28,-4
-19.74,5,-32,-3
-19.74,5,-32,-3
-22.56,6,-28,-4
-23.97,7,-26,-5
-22.56,6,-28,-5
-23.97,6,-26,-4
-23.97,7,-26,-6
-23.97,6,-26,-4
-23.97,6,-26,-4
-23.97,7,-26,-6
-23.97,7,-26,-6
-23.97,7,-26,-6
-23.97,6,-26,-4
-31.02,9,-16,-7
-26.79,8,-22,-6
-26.79,8,-22,-6
-26.79,8,-22,-6
-26.79,8,-22,-6
-26.79,8,-22,-6
-25.38,7,-24,-6
-26.79,8,-22,-6
-31.02,10,-16,-8
-31.02,9,-16,-7
-22.56,6,-28,-4
-21.15,6,-30,-4
-19.74,5,-32,-3
-21.15,5,-30,-3
-22.56,6,-28,-4
-23.97,7,-26,-6
-23.97,6,-26,-4
-19.74,5,-32,-3
-22.56,6,-28,-4
-22.56,6,-28,-4
-26.085,7,-23,-5
-26.79,8,-22,-6
-30.315,8,-17,-6
-28.2,8,-20,-6
-27.495,7,-21,-5
-29.61,8,-18,-6
-28.2,8,-20,-6
-30.315,8,-17,-6
-28.905,9,-19,-7
-26.79,8,-22,-6
