-29.61,8,-18,-6
-29.61,9,-18,-7
-29.61,9,-18,-7
-29.61,8,-18,-6
-29.61,8,-18,-6
-29.61,9,-18,-7
-29.61,9,-18,-7
-29.61,8,-18,-6
-29.61,8,-18,-6
-29.61,8,-18,-6
-29.61,10,-18,-8
-29.61,10,-18,-8
-29.61,10,-18,-8
-29.61,10,-18,-8
-29.61,10,-18,-8
-29.61,10,-18,-8
-29.61,10,-18,-8
-29.61,10,-18,-8
-29.61,10,-18,-8
-29.61,10,-18,-8
-26.085,8,-23,-6
-28.905,8,-19,-6
-28.905,8,-19,-6
-28.905,8,-19,-6
-28.905,8,-19,-6
-28.2,8,-20,-6
-28.2,8,-20,-6
-28.905,8,-19,-6
-28.905,8,-19,-6
-28.905,8,-19,-6
-33.135,10,-13,-8
-33.135,10,-13,-8
-33.135,10,-13,-8
-33.135,10,-13,-8
-33.135,10,-13,-8
-33.135,10,-13,-8
-33.135,10,-13,-8
-33.135,10,-13,-8
-33.135,10,-13,-8
-33.135,10,-13,-8
-23.265,6,-27,-4
-25.38,6,-24,-5
-24.675,7,-25,-5
-24.675,7,-25,-5
-25.38,6,-24,-5
-24.675,7,-25,-5
-22.56,6,-28,-5
-24.675,7,-25,-5
-24.675,7,-25,-5
-24.675,7,-25,-5
-28.2,9,-20,-7
-28.2,9,-20,-7
-28.2,9,-20,-7
-28.2,9,-20,-7
-28.2,9,-20,-7
-28.2,9,-20,-7
-28.2,9,-20,-7
-28.2,9,-20,-7
-28.2,9,-20,-7
-28.2,9,-20,-7
-26.79,7,-22,-5
-25.38,7,-24,-5
-26.79,7,-22,-5
-25.38,7,-24,-5
-26.79,7,-22,-5
-26.79,7,-22,-5
-26.79,7,-22,-5
-26.79,7,-22,-5
-26.79,7,-22,-5
-23.97,6,-26,-4
-25.38,7,-24,-6
-25.38,7,-24,-6
-25.38,7,-24,-6
-25.38,7,-24,-6
-25.38,7,-24,-6
-25.38,7,-24,-6
-25.38,7,-24,-6
-25.38,7,-24,-6
-25.38,7,-24,-6
-25.38,7,-24,-6
-33.84,8,-12,-6
-33.84,8,-12,-6
-33.84,8,-12,-6
-33.84,8,-12,-6
-33.84,8,-12,-6
-33.84,8,-12,-6
-33.84,8,-12,-6
-33.84,8,-12,-6
-33.84,8,-12,-6
-33.84,8,-12,-6
-25.38,7,-24,-5
-22.56,6,-28,-4
-26.79,7,-22,-5
-26.79,7,-22,-5
-25.38,7,-24,-5
-25.38,6,-24,-4
-26.79,7,-22,-5
-25.38,6,-24,-4
-26.79,7,-22,-5
-26.79,7,-22,-5
-23.97,6,-26,-4
-23.97,7,-26,-5
-23.97,7,-26,-5
-23.97,7,-26,-5
-23.97,7,-26,-5
-23.97,7,-26,-5
-23.97,7,-26,-5
-23.97,6,-26,-4
-25.38,6,-24,-4
-23.97,6,-26,-4
-19.74,6,-32,-4
-21.15,6,-30,-4
-21.15,6,-30,-4
-25.38,6,-24,-4
-21.15,6,-30,-4
-21.15,5,-30,-4
-21.15,6,-30,-4
-25.38,6,-24,-4
-21.15,5,-30,-4
-21.15,6,-30,-4
-31.725,11,-15,-9
-31.725,11,-15,-9
-31.725,11,-15,-9
-33.135,11,-13,-9
-31.725,11,-15,-9
-31.725,11,-15,-9
-33.135,11,-13,-9
-31.725,11,-15,-9
-31.725,11,-15,-9
-31.02,10,-16,-8
-35.955,11,-9,-9
-35.955,11,-9,-9
-35.955,11,-9,-9
-35.955,11,-9,-9
-35.955,11,-9,-9
-35.955,11,-9,-9
-35.955,11,-9,-9
-35.955,11,-9,-9
-35.955,11,-9,-9
-35.955,11,-9,-9
-26.79,8,-22,-6
-25.38,7,-24,-5
-25.38,7,-24,-5
-25.38,7,-24,-5
-25.38,7,-24,-5
-26.79,8,-22,-6
-26.79,8,-22,-6
-25.38,8,-24,-6
-31.02,10,-16,-8
-26.79,7,-22,-5
-34.545,11,-11,-9
-34.545,11,-11,-9
-34.545,11,-11,-9
-34.545,11,-11,-9
-34.545,11,-11,-9
-34.545,11,-11,-9
-34.545,11,-11,-9
-34.545,11,-11,-9
-34.545,11,-11,-9
-34.545,11,-11,-9
-23.97,7,-26,-5
-23.97,7,-26,-5
-23.97,7,-26,-5
-23.97,7,-26,-5
-23.97,6,-26,-4
-23.97,7,-26,-5
-23.97,7,-26,-5
-23.97,7,-26,-5
-23.97,7,-26,-5
-23.97,6,-26,-4
-30.315,8,-17,-6
-30.315,8,-17,-6
-31.725,11,-15,-9
-31.725,11,-15,-9
-31.725,11,-15,-9
-31.725,11,-15,-9
-28.905,9,-19,-7
-28.2,8,-20,-6
-31.725,11,-15,-9
-28.905,9,-19,-7
-23.265,8,-27,-6
-23.265,8,-27,-6
-23.265,8,-27,-6
-23.265,8,-27,-6
-23.265,8,-27,-6
-25.38,8,-24,-6
-23.265,8,-27,-6
-23.97,7,-26,-5
-23.97,7,-26,-5
-23.265,8,-27,-6
-29.61,7,-18,-5
-29.61,7,-18,-5
-29.61,7,-18,-5
-29.61,7,-18,-5
-28.2,8,-20,-6
-29.61,7,-18,-5
-29.61,7,-18,-5
-29.61,7,-18,-5
-29.61,7,-18,-5
-29.61,7,-18,-5
-22.56,6,-28,-4
-22.56,6,-28,-4
-22.56,6,-28,-4
-22.56,6,-28,-4
-22.56,6,-28,-4
-22.56,6,-28,-4
-22.56,6,-28,-4
-22.56,6,-28,-4
-22.56,6,-28,-4
-22.56,6,-28,-4
-31.02,8,-16,-6
-31.02,8,-16,-6
-31.02,8,-16,-6
-31.02,8,-16,-6
-29.61,7,-18,-5
-31.02,8,-16,-6
-31.02,8,-16,-6
-31.02,8,-16,-6
-31.02,8,-16,-6
-31.02,8,-16,-6
-26.79,8,-22,-6
-26.79,8,-22,-6
-26.79,8,-22,-6
-26.79,8,-22,-6
-26.79,8,-22,-6
-26.79,8,-22,-6
-26.79,8,-22,-6
-26.79,8,-22,-6
-26.79,8,-22,-6
-26.79,8,-22,-6
-25.38,6,-24,-4
-25.38,6,-24,-4
-25.38,6,-24,-4
-25.38,6,-24,-4
-25.38,6,-24,-4
-28.2,7,-20,-5
-25.38,6,-24,-4
-25.38,6,-24,-4
-25.38,6,-24,-4
-25.38,6,-24,-4
-26.79,8,-22,-6
-24.675,7,-25,-5
-26.79,8,-22,-6
-24.675,7,-25,-5
-26.085,8,-23,-6
-24.675,7,-25,-5
-26.79,8,-22,-6
-24.675,7,-25,-5
-24.675,7,-25,-5
-24.675,7,-25,-5
-25.38,7,-24,-5
-26.79,7,-22,-5
-25.38,7,-24,-5
-25.38,7,-24,-5
-25.38,7,-24,-5
-25.38,6,-24,-4
-25.38,7,-24,-5
-25.38,7,-24,-5
-25.38,7,-24,-5
-26.79,7,-22,-5
-26.79,8,-22,-6
-26.79,8,-22,-6
-26.79,8,-22,-6
-26.79,8,-22,-6
-26.79,8,-22,-6
-26.79,8,-22,-6
-26.79,8,-22,-6
-26.79,8,-22,-6
-26.79,8,-22,-6
-26.79,8,-22,-6
-26.79,8,-22,-6
-23.265,6,-27,-4
-24.675,7,-25,-5
-26.79,8,-22,-6
-24.675,7,-25,-5
-24.675,7,-25,-5
-26.79,7,-22,-5
-26.79,8,-22,-6
-26.79,7,-22,-5
-26.79,8,-22,-6
-29.61,7,-18,-5
-29.61,7,-18,-5
-29.61,7,-18,-5
-29.61,7,-18,-5
-29.61,7,-18,-5
-29.61,7,-18,-5
-29.61,7,-18,-5
-29.61,7,-18,-5
-29.61,7,-18,-5
-29.61,7,-18,-5
-26.79,7,-22,-5
-26.79,7,-22,-5
-26.79,7,-22,-5
-26.79,7,-22,-5
-26.79,7,-22,-5
-26.79,7,-22,-5
-26.79,7,-22,-5
-26.79,7,-22,-5
-26.79,7,-22,-5
-26.79,7,-22,-5
-21.15,5,-30,-3
-21.15,5,-30,-3
-21.15,5,-30,-3
-21.15,5,-30,-3
-21.15,5,-30,-3
-21.15,5,-30,-3
-21.15,5,-30,-3
-21.15,5,-30,-3
-21.15,5,-30,-3
-21.15,5,-30,-3
-25.38,6,-24,-5
-28.2,7,-20,-6
-28.2,7,-20,-6
-21.15,6,-30,-5
-26.79,7,-22,-6
-28.2,7,-20,-6
-25.38,6,-24,-5
-25.38,6,-24,-5
-25.38,6,-24,-5
-25.38,6,-24,-5
-26.79,7,-22,-5
-26.79,7,-22,-5
-26.79,7,-22,-5
-26.79,7,-22,-5
-23.97,7,-26,-5
-26.79,7,-22,-5
-26.79,7,-22,-5
-23.97,7,-26,-5
-26.79,7,-22,-5
-25.38,6,-24,-4
-25.38,6,-24,-4
-25.38,6,-24,-4
-25.38,7,-24,-5
-25.38,6,-24,-4
-25.38,6,-24,-4
-25.38,6,-24,-4
-25.38,6,-24,-4
-23.97,6,-26,-4
-25.38,6,-24,-4
-25.38,6,-24,-4
-33.84,10,-12,-8
-33.84,10,-12,-8
-32.43,10,-14,-8
-33.84,10,-12,-8
-33.84,10,-12,-8
-33.84,10,-12,-8
-32.43,10,-14,-8
-33.84,10,-12,-8
-33.84,10,-12,-8
-33.84,10,-12,-8
-29.61,8,-18,-6
-31.02,8,-16,-6
-31.02,8,-16,-6
-29.61,8,-18,-6
-31.02,8,-16,-6
-29.61,8,-18,-6
-29.61,8,-18,-6
-31.02,8,-16,-6
-31.02,8,-16,-6
-31.02,8,-16,-6
-29.61,8,-18,-6
-29.61,8,-18,-6
-29.61,8,-18,-6
-29.61,8,-18,-6
-29.61,8,-18,-6
-29.61,8,-18,-6
-29.61,8,-18,-6
-29.61,8,-18,-6
-29.61,8,-18,-6
-29.61,8,-18,-6
-29.61,8,-18,-6
-29.61,8,-18,-6
-29.61,8,-18,-6
-29.61,8,-18,-6
-29.61,8,-18,-6
-29.61,8,-18,-6
-29.61,8,-18,-6
-29.61,8,-18,-6
-29.61,8,-18,-6
-29.61,8,-18,-6
-29.61,7,-18,-5
-32.43,8,-14,-6
-32.43,8,-14,-6
-29.61,7,-18,-5
-32.43,8,-14,-6
-32.43,8,-14,-6
-32.43,8,-14,-6
-32.43,8,-14,-6
-29.61,7,-18,-5
-32.43,8,-14,-6
-31.02,8,-16,-6
-31.02,8,-16,-6
-29.61,7,-18,-5
-31.02,8,-16,-6
-31.02,8,-16,-6
-31.02,8,-16,-6
-31.02,8,-16,-6
-31.02,8,-16,-6
-31.02,8,-16,-6
-26.79,7,-22,-5
-25.38,6,-24,-4
-25.38,6,-24,-4
-25.38,6,-24,-4
-25.38,6,-24,-4
-25.38,6,-24,-4
-25.38,6,-24,-4
-25.38,6,-24,-4
-25.38,6,-24,-4
-25.38,6,-24,-4
-25.38,6,-24,-4
-29.61,8,-18,-6
-28.905,8,-19,-6
-29.61,8,-18,-6
-28.905,8,-19,-6
-29.61,8,-18,-6
-29.61,8,-18,-6
-28.905,8,-19,-6
-28.905,8,-19,-6
-29.61,8,-18,-6
-28.905,8,-19,-6
-23.97,6,-26,-5
-23.97,6,-26,-5
-23.97,6,-26,-5
-25.38,7,-24,-5
-23.97,6,-26,-5
-23.97,6,-26,-5
-26.79,7,-22,-6
-23.97,6,-26,-5
-23.97,6,-26,-5
-23.97,6,-26,-5
-25.38,7,-24,-5
-26.79,7,-22,-5
-25.38,7,-24,-5
-25.38,7,-24,-5
-25.38,7,-24,-5
-26.79,7,-22,-5
-25.38,7,-24,-5
-25.38,7,-24,-5
-25.38,7,-24,-5
-25.38,7,-24,-5
-26.79,7,-22,-5
-26.79,7,-22,-5
-26.79,7,-22,-5
-28.2,7,-20,-5
-26.79,7,-22,-5
-26.79,7,-22,-5
-26.79,7,-22,-5
-26.79,7,-22,-5
-26.79,7,-22,-5
-26.79,7,-22,-5
-25.38,8,-24,-6
-25.38,8,-24,-6
-25.38,8,-24,-6
-24.675,8,-25,-6
-25.38,8,-24,-6
-23.265,7,-27,-5
-24.675,8,-25,-6
-25.38,8,-24,-6
-25.38,8,-24,-6
-25.38,8,-24,-6
-29.61,10,-18,-8
-29.61,10,-18,-8
-29.61,10,-18,-8
-29.61,10,-18,-8
-29.61,10,-18,-8
-29.61,10,-18,-8
-29.61,10,-18,-8
-29.61,10,-18,-8
-29.61,10,-18,-8
-29.61,10,-18,-8
-31.02,8,-16,-6
-31.02,8,-16,-6
-31.02,8,-16,-6
-31.02,8,-16,-6
-31.02,8,-16,-6
-31.02,8,-16,-6
-31.02,8,-16,-6
-31.02,8,-16,-6
-31.02,8,-16,-6
-31.02,8,-16,-6
-33.135,10,-13,-8
-33.135,10,-13,-8
-33.84,9,-12,-7
-33.135,10,-13,-8
-33.135,10,-13,-8
-33.135,10,-13,-8
-33.135,10,-13,-8
-33.135,10,-13,-8
-33.84,9,-12,-7
-33.135,10,-13,-8
-28.2,9,-20,-7
-28.2,9,-20,-7
-28.2,9,-20,-7
-28.2,9,-20,-7
-28.2,9,-20,-7
-31.02,9,-16,-7
-28.2,9,-20,-7
-28.2,9,-20,-7
-31.02,9,-16,-7
-28.2,9,-20,-7
-26.79,7,-22,-5
-28.2,8,-20,-6
-26.79,7,-22,-5
-26.79,7,-22,-5
-26.79,7,-22,-5
-26.79,7,-22,-5
-26.79,7,-22,-5
-26.79,7,-22,-5
-26.79,7,-22,-5
-26.79,7,-22,-5
-26.79,7,-22,-5
-26.79,7,-22,-5
-26.79,7,-22,-5
-26.79,7,-22,-5
-26.79,7,-22,-5
-26.79,7,-22,-5
-26.79,7,-22,-5
-26.79,7,-22,-5
-26.79,7,-22,-5
-26.79,7,-22,-5
-23.97,6,-26,-4
-23.97,6,-26,-4
-23.97,6,-26,-4
-23.97,6,-26,-4
-23.97,6,-26,-4
-23.97,6,-26,-4
-23.97,6,-26,-4
-23.97,6,-26,-4
-23.97,6,-26,-4
-23.97,6,-26,-4
-32.43,12,-14,-10
-31.02,11,-16,-9
-31.02,11,-16,-9
-31.02,11,-16,-9
-31.02,11,-16,-9
-29.61,11,-18,-9
-29.61,11,-18,-9
-29.61,11,-18,-9
-31.02,11,-16,-9
-29.61,11,-18,-9
-28.2,7,-20,-5
-29.61,7,-18,-5
-29.61,7,-18,-5
-29.61,7,-18,-5
-29.61,7,-18,-5
-29.61,7,-18,-5
-29.61,7,-18,-5
-29.61,7,-18,-5
-28.2,7,-20,-5
-29.61,7,-18,-5
-29.61,9,-18,-7
-29.61,9,-18,-7
-29.61,9,-18,-7
-29.61,9,-18,-7
-29.61,9,-18,-7
-29.61,9,-18,-7
-29.61,9,-18,-7
-29.61,9,-18,-7
-29.61,9,-18,-7
-29.61,9,-18,-7
-23.97,6,-26,-4
-23.97,6,-26,-4
-23.97,6,-26,-4
-23.97,6,-26,-4
-23.97,6,-26,-4
-23.97,6,-26,-4
-23.97,6,-26,-4
-23.97,6,-26,-4
-23.97,6,-26,-4
-23.97,6,-26,-4
-31.02,10,-16,-9
-31.02,10,-16,-9
-31.02,10,-16,-9
-31.02,10,-16,-9
-31.02,10,-16,-9
-31.02,10,-16,-9
-31.02,10,-16,-9
-31.02,10,-16,-9
-31.02,10,-16,-9
-31.02,10,-16,-9
-31.02,8,-16,-7
-31.02,8,-16,-7
-31.02,8,-16,-7
-31.02,8,-16,-7
-31.02,8,-16,-7
-31.02,8,-16,-7
-31.02,8,-16,-7
-31.02,8,-16,-7
-31.02,8,-16,-7
-31.02,8,-16,-7
-36.66,11,-8,-9
-36.66,11,-8,-9
-36.66,11,-8,-9
-36.66,11,-8,-9
-36.66,11,-8,-9
-36.66,11,-8,-9
-36.66,11,-8,-9
-36.66,11,-8,-9
-36.66,11,-8,-9
-36.66,11,-8,-9
-35.25,9,-10,-7
-35.25,9,-10,-7
-35.25,9,-10,-7
-35.25,9,-10,-7
-35.25,9,-10,-7
-35.25,9,-10,-7
-35.25,9,-10,-7
-35.25,9,-10,-7
-35.25,9,-10,-7
-35.25,9,-10,-7
-29.61,7,-18,-5
-29.61,7,-18,-5
-25.38,6,-24,-5
-29.61,7,-18,-5
-29.61,7,-18,-5
-29.61,7,-18,-5
-29.61,7,-18,-5
-29.61,7,-18,-5
-29.61,7,-18,-5
-29.61,7,-18,-5
-31.02,8,-16,-6
-29.61,8,-18,-6
-31.02,8,-16,-6
-29.61,8,-18,-6
-31.02,8,-16,-6
-29.61,8,-18,-6
-31.02,8,-16,-6
-29.61,8,-18,-6
-29.61,8,-18,-6
-31.02,8,-16,-6
-23.97,6,-26,-4
-22.56,6,-28,-4
-23.97,6,-26,-4
-23.97,6,-26,-4
-22.56,6,-28,-4
-22.56,6,-28,-4
-23.97,6,-26,-4
-23.97,6,-26,-4
-23.97,6,-26,-4
-23.97,6,-26,-4
-31.02,9,-16,-7
-31.02,9,-16,-7
-31.02,9,-16,-7
-31.02,9,-16,-7
-31.02,9,-16,-7
-30.315,8,-17,-6
-31.02,9,-16,-7
-31.02,9,-16,-7
-31.02,9,-16,-7
-31.02,9,-16,-7
-21.855,6,-29,-4
-21.855,6,-29,-4
-21.855,6,-29,-4
-21.855,6,-29,-4
-21.855,6,-29,-4
-21.855,6,-29,-4
-21.855,6,-29,-4
-21.855,6,-29,-4
-21.855,6,-29,-4
-21.855,6,-29,-4
-27.495,8,-21,-6
-27.495,9,-21,-7
-27.495,8,-21,-6
-27.495,9,-21,-7
-27.495,8,-21,-6
-27.495,8,-21,-6
-27.495,8,-21,-6
-27.495,8,-21,-6
-27.495,8,-21,-6
-27.495,8,-21,-6
-35.25,11,-10,-9
-35.25,11,-10,-9
-35.25,11,-10,-9
-35.25,11,-10,-9
-35.25,11,-10,-9
-35.25,11,-10,-9
-35.25,11,-10,-9
-35.25,11,-10,-9
-35.25,11,-10,-9
-35.25,11,-10,-9
-26.79,7,-22,-5
-26.79,7,-22,-5
-25.38,6,-24,-4
-25.38,6,-24,-4
-25.38,6,-24,-4
-28.2,7,-20,-5
-25.38,6,-24,-4
-25.38,6,-24,-4
-25.38,6,-24,-4
-25.38,6,-24,-4
-31.02,10,-16,-9
-31.02,10,-16,-9
-31.02,10,-16,-9
-31.02,10,-16,-9
-31.02,10,-16,-9
-31.02,10,-16,-9
-31.02,10,-16,-9
-31.02,10,-16,-9
-31.02,10,-16,-9
-31.02,10,-16,-9
-22.56,6,-28,-4
-21.15,5,-30,-3
-22.56,6,-28,-4
-21.15,5,-30,-3
-21.15,5,-30,-3
-22.56,6,-28,-4
-21.15,5,-30,-3
-22.56,6,-28,-4
-21.15,5,-30,-3
-21.15,5,-30,-3
-33.84,10,-12,-8
-33.84,10,-12,-8
-31.725,9,-15,-7
-33.84,10,-12,-8
-33.84,10,-12,-8
-33.84,10,-12,-8
-33.84,10,-12,-8
-33.84,10,-12,-8
-33.84,10,-12,-8
-33.84,10,-12,-8
-32.43,13,-14,-11
-31.02,12,-16,-10
-33.84,12,-12,-10
-32.43,13,-14,-11
-32.43,13,-14,-11
-33.84,12,-12,-10
-32.43,13,-14,-11
-32.43,13,-14,-11
-32.43,13,-14,-11
-32.43,13,-14,-11
-21.15,6,-30,-4
-21.15,6,-30,-4
-21.15,6,-30,-4
-21.15,6,-30,-4
-21.15,6,-30,-4
-21.15,6,-30,-4
-21.15,6,-30,-4
-19.74,5,-32,-3
-21.15,5,-30,-3
-21.15,6,-30,-4
-28.2,7,-20,-5
-28.2,7,-20,-5
-26.79,7,-22,-5
-26.79,7,-22,-5
-28.2,7,-20,-5
-28.2,7,-20,-5
-28.2,7,-20,-5
-26.79,7,-22,-5
-28.2,7,-20,-5
-26.79,7,-22,-5
-32.43,10,-14,-8
-32.43,10,-14,-8
-32.43,10,-14,-8
-32.43,10,-14,-8
-32.43,10,-14,-8
-32.43,10,-14,-8
-32.43,10,-14,-8
-32.43,10,-14,-8
-32.43,10,-14,-8
-32.43,10,-14,-8
-33.135,10,-13,-8
-33.135,10,-13,-8
-33.135,10,-13,-8
-33.135,10,-13,-8
-33.135,10,-13,-8
-33.135,10,-13,-8
-33.135,10,-13,-8
-33.135,10,-13,-8
-33.135,10,-13,-8
-33.135,10,-13,-8
-30.315,8,-17,-6
-30.315,8,-17,-6
-28.905,8,-19,-6
-28.905,8,-19,-6
-30.315,8,-17,-6
-28.905,8,-19,-6
-30.315,8,-17,-6
-28.905,8,-19,-6
-28.905,8,-19,-6
-30.315,8,-17,-6
-25.38,8,-24,-6
-25.38,8,-24,-6
-27.495,8,-21,-6
-25.38,8,-24,-6
-25.38,8,-24,-6
-25.38,8,-24,-6
-25.38,8,-24,-6
-25.38,8,-24,-6
-25.38,8,-24,-6
-25.38,8,-24,-6
-25.38,6,-24,-5
-28.2,8,-20,-6
-28.2,8,-20,-6
-28.2,8,-20,-6
-28.2,8,-20,-6
-25.38,6,-24,-5
-25.38,6,-24,-5
-25.38,6,-24,-5
-28.2,8,-20,-6
-28.2,8,-20,-6
-25.38,7,-24,-5
-25.38,7,-24,-5
-25.38,7,-24,-5
-25.38,7,-24,-5
-25.38,7,-24,-5
-25.38,7,-24,-5
-25.38,7,-24,-5
-25.38,7,-24,-5
-25.38,7,-24,-5
-25.38,7,-24,-5
-28.2,7,-20,-6
-28.2,7,-20,-6
-28.2,7,-20,-6
-28.2,7,-20,-6
-28.2,7,-20,-6
-29.61,7,-18,-6
-28.2,7,-20,-6
-28.2,7,-20,-6
-28.2,7,-20,-6
-28.2,7,-20,-6
-29.61,8,-18,-6
-29.61,8,-18,-6
-29.61,8,-18,-6
-29.61,9,-18,-7
-29.61,8,-18,-6
-29.61,8,-18,-6
-29.61,8,-18,-6
-29.61,8,-18,-6
-29.61,8,-18,-6
-29.61,8,-18,-6
-28.905,8,-19,-6
-28.905,8,-19,-6
-28.905,8,-19,-6
-28.905,8,-19,-6
-28.2,8,-20,-6
-28.905,8,-19,-6
-28.905,8,-19,-6
-28.905,8,-19,-6
-28.2,8,-20,-6
-28.2,8,-20,-6
-31.725,9,-15,-7
-31.725,9,-15,-7
-31.725,9,-15,-7
-31.725,9,-15,-7
-31.725,9,-15,-7
-31.725,9,-15,-7
-31.725,9,-15,-7
-31.725,9,-15,-7
-31.725,9,-15,-7
-31.725,9,-15,-7
-30.315,9,-17,-7
-28.905,9,-19,-7
-28.905,9,-19,-7
-28.905,9,-19,-7
-28.905,9,-19,-7
-28.905,9,-19,-7
-28.905,9,-19,-7
-28.905,9,-19,-7
-28.905,9,-19,-7
-28.905,9,-19,-7
-31.725,9,-15,-7
-31.725,9,-15,-7
-31.725,9,-15,-7
-27.495,8,-21,-6
-27.495,8,-21,-6
-31.725,9,-15,-7
-27.495,8,-21,-6
-31.725,9,-15,-7
-31.725,9,-15,-7
-31.725,9,-15,-7
-29.61,8,-18,-6
-31.02,8,-16,-6
-31.02,8,-16,-6
-29.61,8,-18,-6
-31.02,8,-16,-6
-31.02,8,-16,-6
-31.02,8,-16,-6
-29.61,8,-18,-6
-29.61,8,-18,-6
-31.02,8,-16,-6
-30.315,9,-17,-7
-30.315,9,-17,-7
-30.315,9,-17,-7
-30.315,9,-17,-7
-30.315,9,-17,-7
-30.315,9,-17,-7
-30.315,9,-17,-7
-30.315,9,-17,-7
-30.315,9,-17,-7
-30.315,9,-17,-7
-23.97,7,-26,-5
-26.79,7,-22,-5
-26.79,8,-22,-6
-26.79,7,-22,-5
-26.79,7,-22,-5
-26.79,7,-22,-5
-26.79,7,-22,-5
-26.79,7,-22,-5
-26.79,7,-22,-5
-26.79,7,-22,-5
-21.15,5,-30,-3
-21.15,5,-30,-4
-21.15,5,-30,-4
-21.15,5,-30,-4
-21.15,5,-30,-4
-21.15,5,-30,-4
-21.15,5,-30,-4
-21.15,5,-30,-4
-21.15,5,-30,-4
-21.15,5,-30,-4
-39.48,14,-4,-12
-39.48,14,-4,-12
-39.48,14,-4,-12
-39.48,14,-4,-12
-39.48,14,-4,-12
-39.48,14,-4,-12
-39.48,14,-4,-12
-39.48,14,-4,-12
-39.48,14,-4,-12
-39.48,14,-4,-12
-25.38,7,-24,-5
-25.38,7,-24,-5
-25.38,7,-24,-5
-25.38,7,-24,-5
-25.38,7,-24,-5
-25.38,7,-24,-5
-25.38,7,-24,-5
-25.38,7,-24,-5
-25.38,7,-24,-5
-25.38,7,-24,-5
-28.905,9,-19,-7
-28.905,9,-19,-7
-28.905,9,-19,-7
-28.905,9,-19,-7
-28.905,8,-19,-6
-28.905,9,-19,-7
-28.905,9,-19,-7
-28.905,9,-19,-7
-28.905,9,-19,-7
-28.905,9,-19,-7
-26.79,7,-22,-5
-26.79,7,-22,-5
-26.79,7,-22,-5
-26.79,7,-22,-5
-26.79,7,-22,-5
-26.79,7,-22,-5
-26.79,7,-22,-5
-26.79,7,-22,-5
-26.79,7,-22,-5
-26.79,7,-22,-5
-22.56,6,-28,-4
-22.56,6,-28,-4
-22.56,6,-28,-4
-22.56,6,-28,-4
-22.56,6,-28,-4
-22.56,6,-28,-4
-22.56,6,-28,-4
-22.56,6,-28,-4
-22.56,6,-28,-4
-22.56,6,-28,-4
-23.97,6,-26,-4
-23.97,6,-26,-4
-19.74,5,-32,-3
-19.74,5,-32,-3
-23.97,6,-26,-4
-19.74,5,-32,-3
-23.97,6,-26,-4
-19.74,5,-32,-3
-19.74,5,-32,-3
-19.74,5,-32,-3
-26.79,8,-22,-6
-26.79,8,-22,-6
-26.79,8,-22,-6
-26.79,8,-22,-6
-26.79,8,-22,-6
-26.79,8,-22,-6
-26.79,8,-22,-6
-26.79,8,-22,-6
-26.79,8,-22,-6
-26.79,8,-22,-6
-23.97,6,-26,-4
-22.56,6,-28,-4
-23.97,6,-26,-4
-23.97,6,-26,-4
-22.56,6,-28,-4
-22.56,6,-28,-4
-22.56,6,-28,-4
-22.56,6,-28,-4
-22.56,6,-28,-4
-23.97,6,-26,-4
-26.085,7,-23,-5
-26.79,8,-22,-6
-26.085,7,-23,-5
-26.085,7,-23,-5
-26.79,8,-22,-6
-26.085,7,-23,-5
-26.79,8,-22,-6
-26.085,7,-23,-5
-26.79,8,-22,-6
-26.79,8,-22,-6
