-35.295,9,-21,-5
-31.675,8,-25,-3
-33.485,8,-23,-3
-39.82,10,-16,-6
-33.485,9,-23,-3
-38.915,10,-17,-4
-35.295,9,-21,-4
-33.485,8,-23,-3
-36.2,9,-20,-4
-38.01,10,-18,-4
-34.39,9,-22,-4
-35.295,8,-21,-3
-35.295,8,-21,-3
-39.82,10,-16,-4
-35.295,8,-21,-3
-35.295,8,-21,-3
-35.295,8,-21,-3
-34.39,8,-22,-4
-35.295,8,-21,-3
-36.2,9,-20,-3
-40.725,10,-15,-5
-44.345,11,-11,-8
-45.25,12,-10,-7
-39.82,9,-16,-4
-38.01,9,-18,-4
-38.01,9,-18,-4
-43.44,11,-12,-6
-40.725,10,-15,-5
-42.535,10,-13,-5
-42.535,10,-13,-5
-40.725,8,-15,-2
-38.915,8,-17,-1
-43.44,9,-12,-4
-41.63,8,-14,-3
-43.44,9,-12,-4
-41.63,8,-14,-3
-43.44,9,-12,-4
-41.63,8,-14,-3
-43.44,9,-12,-4
-41.63,8,-14,-3
-35.295,9,-21,-3
-37.105,9,-19,-3
-37.105,10,-19,-5
-36.2,9,-20,-4
-35.295,9,-21,-3
-35.295,9,-21,-3
-35.295,9,-21,-3
-37.105,10,-19,-5
-37.105,10,-19,-5
-35.295,9,-21,-3
-35.295,8,-21,-2
-36.2,8,-20,-3
-34.39,8,-22,-2
-31.675,8,-25,-3
-35.295,8,-21,-2
-33.485,8,-23,-4
-31.675,8,-25,-4
-35.295,8,-21,-3
-35.295,8,-21,-2
-31.675,8,-25,-3
-38.01,8,-18,-3
-39.82,8,-16,-3
-43.44,10,-12,-5
-41.63,9,-14,-4
-45.25,10,-10,-5
-38.01,8,-18,-3
-41.63,9,-14,-4
-43.44,9,-12,-3
-39.82,9,-16,-4
-45.25,10,-10,-4
-45.25,10,-10,-4
-45.25,10,-10,-4
-45.25,10,-10,-4
-45.25,10,-10,-4
-43.44,9,-12,-3
-45.25,10,-10,-4
-47.06,10,-8,-5
-47.06,10,-8,-5
-45.25,10,-10,-4
-45.25,10,-10,-4
-43.44,11,-12,-4
-43.44,11,-12,-3
-44.345,12,-11,-5
-43.44,11,-12,-3
-46.155,12,-9,-6
-43.44,11,-12,-3
-46.155,12,-9,-6
-43.44,11,-12,-4
-46.155,12,-9,-6
-43.44,11,-12,-3
-47.06,12,-8,-6
-48.87,12,-6,-5
-45.25,12,-10,-7
-48.87,12,-6,-5
-43.44,12,-12,-7
-45.25,12,-10,-7
-48.87,12,-6,-5
-48.87,12,-6,-5
-48.87,12,-6,-5
-48.87,12,-6,-5
-39.82,8,-16,-3
-39.82,8,-16,-4
-39.82,8,-16,-3
-39.82,8,-16,-4
-38.01,8,-18,-2
-39.82,8,-16,-2
-39.82,8,-16,-2
-39.82,8,-16,-4
-39.82,8,-16,-3
-38.01,8,-18,-2
-38.915,9,-17,-3
-42.535,11,-13,-6
-42.535,10,-13,-6
-41.63,10,-14,-4
-43.44,11,-12,-7
-42.535,10,-13,-6
-42.535,10,-13,-5
-42.535,10,-13,-5
-42.535,10,-13,-6
-38.915,9,-17,-3
-44.345,12,-11,-5
-45.25,11,-10,-5
-44.345,12,-11,-6
-42.535,10,-13,-5
-44.345,12,-11,-7
-41.63,11,-14,-5
-47.06,12,-8,-6
-46.155,13,-9,-7
-47.06,13,-8,-8
-44.345,12,-11,-7
-43.44,11,-12,-6
-41.63,10,-14,-5
-39.82,10,-16,-7
-39.82,9,-16,-4
-42.535,11,-13,-5
-43.44,11,-12,-6
-43.44,11,-12,-6
-43.44,11,-12,-6
-43.44,11,-12,-6
-43.44,11,-12,-6
-36.2,8,-20,-1
-38.01,8,-18,-3
-38.915,8,-17,-1
-38.915,8,-17,-1
-38.915,8,-17,-1
-37.105,8,-19,-1
-38.915,8,-17,-1
-38.915,8,-17,-1
-38.915,8,-17,-1
-38.915,8,-17,-1
-38.915,8,-17,-3
-38.915,9,-17,-5
-39.82,9,-16,-5
-39.82,9,-16,-5
-39.82,9,-16,-5
-38.915,8,-17,-4
-38.915,8,-17,-4
-41.63,9,-14,-4
-39.82,9,-16,-5
-39.82,9,-16,-6
-44.345,11,-11,-5
-41.63,9,-14,-3
-44.345,10,-11,-4
-44.345,10,-11,-4
-41.63,9,-14,-3
-44.345,11,-11,-5
-44.345,11,-11,-4
-43.44,10,-12,-4
-44.345,11,-11,-4
-41.63,9,-14,-3
-35.295,8,-21,-3
-38.01,8,-18,-5
-37.105,8,-19,-4
-37.105,8,-19,-3
-37.105,8,-19,-4
-37.105,8,-19,-4
-37.105,8,-19,-4
-37.105,8,-19,-4
-37.105,8,-19,-4
-37.105,8,-19,-3
-39.82,10,-16,-4
-38.915,9,-17,-3
-39.82,10,-16,-4
-38.915,10,-17,-4
-39.82,10,-16,-4
-38.01,9,-18,-4
-39.82,11,-16,-5
-39.82,10,-16,-4
-38.915,9,-17,-3
-38.01,9,-18,-4
-36.2,8,-20,-3
-36.2,8,-20,-3
-36.2,8,-20,-3
-36.2,8,-20,-3
-36.2,9,-20,-4
-30.77,6,-26,-3
-36.2,8,-20,-3
-36.2,8,-20,-3
-36.2,8,-20,-3
-38.01,8,-18,-3
-47.965,11,-7,-5
-47.965,11,-7,-5
-47.965,11,-7,-5
-47.06,12,-8,-5
-47.965,11,-7,-5
-43.44,10,-12,-4
-47.965,11,-7,-5
-47.965,11,-7,-5
-47.965,11,-7,-5
-44.345,10,-11,-5
-40.725,10,-15,-4
-40.725,10,-15,-4
-40.725,10,-15,-4
-38.915,9,-17,-3
-45.25,12,-10,-7
-40.725,10,-15,-4
-41.63,12,-14,-8
-40.725,10,-15,-4
-38.01,9,-18,-3
-40.725,10,-15,-4
-51.585,14,-3,-7
-51.585,14,-3,-8
-51.585,14,-3,-7
-51.585,14,-3,-7
-47.965,13,-7,-7
-50.68,15,-4,-8
-47.06,12,-8,-6
-51.585,14,-3,-7
-51.585,14,-3,-8
-49.775,15,-5,-7
-41.63,9,-14,-2
-41.63,9,-14,-2
-39.82,9,-16,-4
-41.63,9,-14,-2
-39.82,8,-16,-3
-41.63,9,-14,-2
-39.82,9,-16,-4
-41.63,9,-14,-4
-41.63,9,-14,-2
-41.63,9,-14,-2
-38.01,9,-18,-4
-38.915,8,-17,-4
-38.01,9,-18,-4
-38.915,8,-17,-4
-38.915,8,-17,-4
-38.01,9,-18,-5
-38.01,9,-18,-5
-36.2,9,-20,-5
-38.915,8,-17,-3
-35.295,8,-21,-4
-45.25,13,-10,-6
-42.535,12,-13,-6
-42.535,13,-13,-7
-40.725,11,-15,-6
-44.345,12,-11,-5
-45.25,12,-10,-5
-46.155,14,-9,-7
-43.44,11,-12,-4
-43.44,13,-12,-7
-46.155,14,-9,-7
-45.25,12,-10,-7
-42.535,11,-13,-5
-45.25,13,-10,-7
-42.535,11,-13,-5
-42.535,11,-13,-5
-45.25,13,-10,-7
-42.535,11,-13,-5
-45.25,13,-10,-7
-46.155,14,-9,-8
-42.535,11,-13,-5
-48.87,12,-6,-5
-45.25,11,-10,-5
-40.725,11,-15,-5
-48.87,12,-6,-5
-46.155,11,-9,-4
-48.87,12,-6,-5
-47.06,11,-8,-4
-47.06,11,-8,-4
-47.06,11,-8,-4
-46.155,11,-9,-4
-44.345,12,-11,-6
-39.82,11,-16,-5
-39.82,9,-16,-3
-45.25,12,-10,-7
-40.725,10,-15,-4
-39.82,9,-16,-3
-44.345,12,-11,-6
-44.345,12,-11,-6
-46.155,12,-9,-6
-44.345,12,-11,-6
-37.105,9,-19,-3
-40.725,10,-15,-4
-37.105,9,-19,-3
-37.105,10,-19,-5
-40.725,10,-15,-5
-40.725,10,-15,-4
-36.2,8,-20,-2
-37.105,9,-19,-3
-37.105,9,-19,-3
-37.105,9,-19,-3
-46.155,11,-9,-5
-46.155,11,-9,-5
-45.25,11,-10,-4
-46.155,11,-9,-5
-46.155,11,-9,-5
-46.155,11,-9,-5
-44.345,10,-11,-4
-44.345,10,-11,-4
-46.155,11,-9,-7
-46.155,11,-9,-5
-41.63,9,-14,-3
-39.82,8,-16,-2
-34.39,7,-22,-3
-41.63,9,-14,-3
-39.82,8,-16,-2
-41.63,9,-14,-3
-41.63,9,-14,-3
-41.63,9,-14,-3
-41.63,9,-14,-3
-41.63,9,-14,-3
-43.44,11,-12,-6
-46.155,12,-9,-6
-43.44,10,-12,-4
-44.345,10,-11,-4
-44.345,10,-11,-4
-43.44,11,-12,-6
-46.155,12,-9,-6
-43.44,10,-12,-4
-47.06,12,-8,-6
-42.535,11,-13,-6
-34.39,9,-22,-4
-33.485,7,-23,-3
-35.295,9,-21,-4
-35.295,8,-21,-5
-33.485,7,-23,-3
-35.295,8,-21,-5
-35.295,8,-21,-5
-33.485,7,-23,-3
-35.295,8,-21,-5
-35.295,8,-21,-5
-50.68,12,-4,-5
-50.68,12,-4,-4
-50.68,12,-4,-5
-50.68,12,-4,-5
-50.68,12,-4,-5
-48.87,11,-6,-4
-48.87,11,-6,-4
-50.68,12,-4,-5
-50.68,12,-4,-4
-50.68,12,-4,-5
-35.295,7,-21,-3
-35.295,8,-21,-2
-36.2,8,-20,-3
-35.295,7,-21,-2
-35.295,8,-21,-2
-35.295,7,-21,-3
-35.295,8,-21,-2
-35.295,7,-21,-2
-36.2,8,-20,-2
-35.295,7,-21,-2
-38.01,8,-18,-3
-38.01,8,-18,-3
-40.725,8,-15,-3
-38.01,8,-18,-3
-38.01,8,-18,-3
-38.01,8,-18,-3
-38.01,8,-18,-3
-40.725,8,-15,-3
-35.295,8,-21,-2
-38.01,8,-18,-3
-38.915,10,-17,-3
-40.725,9,-15,-3
-35.295,9,-21,-3
-38.915,10,-17,-3
-38.915,10,-17,-3
-38.915,10,-17,-3
-38.915,10,-17,-3
-38.915,10,-17,-3
-38.915,10,-17,-3
-38.915,10,-17,-3
-38.915,9,-17,-3
-35.295,8,-21,-2
-36.2,9,-20,-3
-34.39,8,-22,-2
-35.295,9,-21,-3
-33.485,9,-23,-3
-36.2,9,-20,-3
-34.39,8,-22,-2
-35.295,9,-21,-3
-36.2,9,-20,-3
-34.39,7,-22,-3
-35.295,8,-21,-3
-35.295,8,-21,-3
-35.295,7,-21,-2
-34.39,7,-22,-3
-36.2,8,-20,-3
-38.915,9,-17,-3
-35.295,8,-21,-3
-39.82,9,-16,-3
-34.39,7,-22,-3
-38.915,9,-17,-3
-38.01,8,-18,-3
-38.01,9,-18,-3
-38.01,9,-18,-3
-37.105,8,-19,-2
-36.2,9,-20,-4
-37.105,9,-19,-3
-38.01,9,-18,-3
-38.915,9,-17,-3
-38.915,9,-17,-3
-44.345,11,-11,-4
-45.25,11,-10,-6
-42.535,11,-13,-4
-44.345,10,-11,-4
-41.63,10,-14,-5
-39.82,9,-16,-3
-39.82,9,-16,-4
-45.25,11,-10,-5
-39.82,9,-16,-3
-42.535,10,-13,-4
-34.39,7,-22,-3
-36.2,8,-20,-4
-37.105,8,-19,-3
-33.485,8,-23,-2
-36.2,7,-20,-3
-36.2,7,-20,-3
-36.2,8,-20,-4
-36.2,7,-20,-2
-36.2,7,-20,-2
-36.2,8,-20,-4
-44.345,10,-11,-3
-45.25,11,-10,-4
-45.25,10,-10,-2
-45.25,11,-10,-4
-45.25,11,-10,-4
-45.25,10,-10,-2
-44.345,10,-11,-3
-44.345,10,-11,-3
-44.345,10,-11,-3
-44.345,10,-11,-3
-36.2,7,-20,-4
-38.01,8,-18,-3
-36.2,8,-20,-3
-36.2,8,-20,-3
-38.01,8,-18,-4
-34.39,7,-22,-2
-36.2,7,-20,-4
-36.2,7,-20,-4
-36.2,7,-20,-4
-36.2,7,-20,-4
-34.39,8,-22,-4
-36.2,8,-20,-2
-36.2,8,-20,-2
-38.01,8,-18,-4
-36.2,8,-20,-2
-38.01,8,-18,-4
-37.105,8,-19,-3
-36.2,8,-20,-2
-36.2,8,-20,-2
-36.2,8,-20,-2
-38.915,9,-17,-3
-39.82,9,-16,-4
-38.915,9,-17,-3
-41.63,10,-14,-5
-38.915,9,-17,-3
-41.63,10,-14,-5
-38.915,9,-17,-3
-41.63,10,-14,-5
-41.63,10,-14,-5
-39.82,10,-16,-4
-49.775,12,-5,-6
-49.775,12,-5,-6
-48.87,11,-6,-4
-49.775,12,-5,-6
-48.87,11,-6,-5
-49.775,12,-5,-6
-49.775,12,-5,-6
-48.87,11,-6,-4
-49.775,12,-5,-6
-49.775,12,-5,-6
-45.25,12,-10,-6
-43.44,10,-12,-3
-45.25,12,-10,-6
-43.44,11,-12,-5
-43.44,11,-12,-5
-46.155,12,-9,-6
-45.25,12,-10,-6
-45.25,12,-10,-6
-45.25,12,-10,-6
-44.345,11,-11,-5
-36.2,8,-20,-4
-36.2,8,-20,-3
-36.2,8,-20,-3
-36.2,8,-20,-3
-36.2,8,-20,-4
-34.39,7,-22,-2
-36.2,8,-20,-3
-34.39,7,-22,-2
-36.2,8,-20,-3
-31.675,7,-25,0
-36.2,8,-20,-2
-41.63,9,-14,-2
-41.63,9,-14,-2
-36.2,8,-20,-2
-41.63,10,-14,-4
-36.2,8,-20,-2
-39.82,8,-16,-1
-39.82,8,-16,-1
-36.2,8,-20,-4
-39.82,8,-16,-1
-36.2,8,-20,-3
-37.105,8,-19,-3
-38.01,8,-18,-4
-37.105,9,-19,-3
-37.105,9,-19,-3
-37.105,9,-19,-3
-38.01,8,-18,-4
-37.105,8,-19,-3
-38.01,8,-18,-4
-36.2,8,-20,-3
-46.155,10,-9,-4
-46.155,10,-9,-4
-45.25,10,-10,-4
-46.155,10,-9,-4
-46.155,10,-9,-4
-46.155,10,-9,-4
-46.155,10,-9,-3
-46.155,10,-9,-4
-46.155,10,-9,-4
-46.155,10,-9,-4
-34.39,7,-22,-2
-34.39,7,-22,-2
-35.295,8,-21,-3
-34.39,7,-22,-2
-34.39,7,-22,-2
-34.39,8,-22,-3
-34.39,7,-22,-2
-31.675,8,-25,-4
-34.39,7,-22,-2
-34.39,7,-22,-2
-44.345,10,-11,-5
-44.345,10,-11,-5
-44.345,10,-11,-4
-41.63,10,-14,-5
-40.725,9,-15,-4
-41.63,10,-14,-5
-44.345,10,-11,-3
-44.345,10,-11,-4
-44.345,10,-11,-4
-44.345,10,-11,-4
-47.06,11,-8,-5
-47.06,11,-8,-5
-49.775,11,-5,-4
-49.775,11,-5,-4
-49.775,11,-5,-4
-49.775,11,-5,-4
-47.06,11,-8,-5
-49.775,11,-5,-4
-47.06,11,-8,-5
-49.775,11,-5,-4
-45.25,10,-10,-5
-42.535,9,-13,-4
-44.345,10,-11,-5
-42.535,9,-13,-4
-41.63,9,-14,-3
-42.535,9,-13,-4
-44.345,10,-11,-4
-42.535,9,-13,-4
-44.345,10,-11,-4
-45.25,10,-10,-5
-39.82,8,-16,-5
-38.915,9,-17,-5
-40.725,8,-15,-4
-43.44,9,-12,-4
-43.44,10,-12,-6
-40.725,8,-15,-4
-40.725,8,-15,-4
-40.725,8,-15,-4
-40.725,8,-15,-4
-40.725,8,-15,-4
-41.63,10,-14,-6
-43.44,10,-12,-5
-42.535,11,-13,-5
-41.63,10,-14,-4
-38.915,8,-17,-4
-42.535,9,-13,-3
-38.915,8,-17,-4
-39.82,9,-16,-4
-43.44,10,-12,-6
-42.535,10,-13,-5
-50.68,15,-4,-10
-45.25,13,-10,-7
-45.25,13,-10,-7
-47.965,14,-7,-9
-50.68,15,-4,-10
-50.68,15,-4,-10
-45.25,13,-10,-7
-42.535,13,-13,-7
-50.68,15,-4,-10
-50.68,15,-4,-10
-31.675,8,-25,-3
-33.485,10,-23,-5
-32.58,8,-24,-3
-32.58,8,-24,-3
-32.58,9,-24,-4
-33.485,8,-23,-3
-31.675,9,-25,-5
-35.295,9,-21,-5
-33.485,10,-23,-5
-35.295,8,-21,-3
-39.82,9,-16,-4
-38.01,8,-18,-3
-38.01,8,-18,-3
-38.01,8,-18,-3
-41.63,9,-14,-3
-41.63,9,-14,-3
-41.63,9,-14,-3
-41.63,9,-14,-3
-38.01,8,-18,-3
-41.63,9,-14,-3
-33.485,7,-23,-1
-36.2,9,-20,-4
-34.39,9,-22,-5
-37.105,10,-19,-5
-31.675,7,-25,-2
-36.2,9,-20,-4
-34.39,8,-22,-3
-36.2,8,-20,-3
-36.2,9,-20,-4
-33.485,8,-23,-4
-37.105,10,-19,-4
-38.01,9,-18,-4
-36.2,10,-20,-5
-38.01,9,-18,-4
-38.01,9,-18,-4
-36.2,9,-20,-3
-36.2,9,-20,-3
-38.01,9,-18,-4
-36.2,9,-20,-3
-37.105,8,-19,-3
-35.295,8,-21,-3
-37.105,8,-19,-3
-37.105,8,-19,-4
-35.295,8,-21,-4
-37.105,8,-19,-3
-37.105,8,-19,-3
-35.295,8,-21,-4
-35.295,8,-21,-4
-35.295,8,-21,-3
-37.105,8,-19,-3
-27.15,5,-30,-1
-27.15,5,-30,-2
-27.15,6,-30,-2
-27.15,6,-30,-2
-27.15,6,-30,-2
-27.15,6,-30,-2
-27.15,5,-30,-1
-25.34,5,-32,0
-28.96,6,-28,-1
-27.15,6,-30,-2
-40.725,10,-15,-4
-40.725,9,-15,-3
-43.44,10,-12,-5
-40.725,9,-15,-4
-40.725,9,-15,-3
-39.82,9,-16,-4
-40.725,9,-15,-3
-36.2,7,-20,-4
-40.725,9,-15,-3
-37.105,8,-19,-4
-47.06,11,-8,-5
-47.06,11,-8,-5
-49.775,13,-5,-8
-46.155,11,-9,-6
-48.87,12,-6,-7
-47.06,11,-8,-5
-47.965,11,-7,-6
-47.965,11,-7,-6
-46.155,11,-9,-5
-47.965,12,-7,-6
-36.2,9,-20,-4
-38.01,10,-18,-4
-38.01,10,-18,-4
-40.725,10,-15,-3
-36.2,9,-20,-4
-39.82,10,-16,-4
-39.82,10,-16,-5
-36.2,9,-20,-4
-38.01,10,-18,-4
-40.725,10,-15,-3
-30.77,7,-26,-2
-30.77,7,-26,-1
-34.39,8,-22,-3
-30.77,7,-26,-1
-34.39,7,-22,-1
-30.77,7,-26,-1
-34.39,7,-22,0
-34.39,7,-22,-2
-32.58,8,-24,-5
-34.39,7,-22,-1
-39.82,10,-16,-4
-44.345,12,-11,-8
-40.725,11,-15,-5
-33.485,8,-23,-1
-40.725,11,-15,-5
-42.535,12,-13,-7
-40.725,12,-15,-7
-36.2,9,-20,-4
-39.82,11,-16,-6
-39.82,10,-16,-4
-33.485,7,-23,-2
-34.39,7,-22,-1
-33.485,7,-23,-2
-34.39,7,-22,-1
-35.295,7,-21,-2
-34.39,7,-22,-1
-34.39,7,-22,-1
-35.295,7,-21,-1
-33.485,7,-23,-2
-34.39,7,-22,-1
-37.105,8,-19,-3
-37.105,8,-19,-3
-40.725,8,-15,-4
-37.105,8,-19,-3
-37.105,8,-19,-3
-38.01,8,-18,-3
-37.105,8,-19,-3
-37.105,8,-19,-3
-37.105,8,-19,-3
-40.725,8,-15,-4
-46.155,11,-9,-4
-45.25,9,-10,-3
-43.44,10,-12,-4
-40.725,8,-15,-2
-46.155,10,-9,-4
-46.155,11,-9,-4
-46.155,11,-9,-4
-44.345,10,-11,-4
-46.155,11,-9,-5
-46.155,10,-9,-3
-32.58,7,-24,-3
-36.2,8,-20,-3
-36.2,8,-20,-3
-36.2,8,-20,-3
-37.105,8,-19,-4
-35.295,8,-21,-3
-36.2,8,-20,-3
-36.2,8,-20,-2
-36.2,8,-20,-3
-36.2,9,-20,-5
-48.87,11,-6,-3
-48.87,11,-6,-3
-46.155,12,-9,-5
-48.87,11,-6,-3
-48.87,11,-6,-3
-48.87,11,-6,-3
-48.87,11,-6,-3
-48.87,11,-6,-3
-48.87,11,-6,-3
-48.87,11,-6,-3
-36.2,8,-20,-3
-35.295,7,-21,-2
-36.2,7,-20,-4
-36.2,7,-20,-4
-36.2,7,-20,-4
-36.2,8,-20,-3
-37.105,8,-19,-3
-36.2,8,-20,-3
-36.2,7,-20,-4
-37.105,8,-19,-3
-43.44,10,-12,-3
-41.63,9,-14,-2
-43.44,10,-12,-3
-43.44,10,-12,-4
-43.44,10,-12,-3
-43.44,10,-12,-3
-39.82,10,-16,-4
-43.44,10,-12,-3
-43.44,10,-12,-3
-41.63,9,-14,-2
-41.63,9,-14,-4
-41.63,9,-14,-4
-41.63,9,-14,-4
-41.63,9,-14,-4
-39.82,9,-16,-5
-41.63,9,-14,-4
-41.63,9,-14,-4
-41.63,9,-14,-4
-41.63,9,-14,-4
-41.63,9,-14,-4
-40.725,8,-15,-2
-39.82,8,-16,-2
-40.725,8,-15,-2
-39.82,8,-16,-2
-40.725,8,-15,-2
-39.82,8,-16,-2
-39.82,8,-16,-2
-38.915,8,-17,-3
-40.725,8,-15,-2
-40.725,8,-15,-2
-38.01,8,-18,-3
-39.82,9,-16,-3
-39.82,9,-16,-4
-38.915,9,-17,-3
-39.82,10,-16,-4
-39.82,9,-16,-3
-39.82,9,-16,-3
-39.82,9,-16,-4
-39.82,9,-16,-3
-37.105,8,-19,-3
-41.63,11,-14,-5
-42.535,10,-13,-4
-41.63,11,-14,-5
-44.345,11,-11,-5
-40.725,10,-15,-4
-42.535,10,-13,-4
-42.535,10,-13,-4
-39.82,9,-16,-2
-40.725,10,-15,-4
-43.44,11,-12,-5
-41.63,9,-14,-3
-41.63,9,-14,-3
-41.63,9,-14,-3
-41.63,9,-14,-3
-41.63,9,-14,-3
-41.63,9,-14,-3
-41.63,9,-14,-4
-41.63,9,-14,-3
-41.63,9,-14,-3
-41.63,9,-14,-3
-38.01,7,-18,-1
-41.63,8,-14,-3
-34.39,7,-22,-2
-34.39,7,-22,-1
-41.63,8,-14,-3
-41.63,8,-14,-3
-41.63,8,-14,-3
-39.82,8,-16,-3
-36.2,7,-20,-2
-39.82,8,-16,-3
-39.82,9,-16,-5
-39.82,9,-16,-3
-41.63,9,-14,-4
-46.155,10,-9,-6
-39.82,9,-16,-3
-45.25,11,-10,-6
-47.06,11,-8,-7
-44.345,10,-11,-5
-39.82,9,-16,-3
-39.82,9,-16,-4
-36.2,9,-20,-4
-32.58,8,-24,-3
-36.2,9,-20,-5
-31.675,7,-25,-1
-35.295,8,-21,-3
-36.2,9,-20,-6
-35.295,8,-21,-5
-35.295,9,-21,-5
-36.2,9,-20,-5
-33.485,8,-23,-2
-46.155,11,-9,-5
-43.44,10,-12,-4
-43.44,10,-12,-4
-44.345,11,-11,-5
-43.44,10,-12,-4
-46.155,11,-9,-5
-44.345,11,-11,-5
-46.155,11,-9,-5
-43.44,10,-12,-4
-46.155,11,-9,-5
-38.915,9,-17,-2
-38.915,9,-17,-4
-38.01,9,-18,-1
-38.915,9,-17,-2
-38.915,9,-17,-3
-38.01,9,-18,-2
-38.915,9,-17,-4
-41.63,10,-14,-5
-38.915,9,-17,-4
-36.2,8,-20,-3
-47.06,11,-8,-5
-48.87,13,-6,-8
-47.06,11,-8,-5
-47.06,11,-8,-5
-43.44,10,-12,-5
-44.345,10,-11,-4
-47.06,11,-8,-5
-47.06,11,-8,-5
-47.06,11,-8,-5
-44.345,10,-11,-4
-46.155,11,-9,-6
-45.25,11,-10,-7
-45.25,11,-10,-7
-44.345,10,-11,-6
-38.915,11,-17,-4
-45.25,12,-10,-6
-45.25,11,-10,-7
-44.345,10,-11,-6
-46.155,11,-9,-6
-45.25,11,-10,-7
-43.44,10,-12,-5
-42.535,9,-13,-5
-44.345,11,-11,-6
-44.345,11,-11,-6
-47.965,11,-7,-6
-44.345,11,-11,-6
-43.44,10,-12,-5
-44.345,10,-11,-6
-43.44,10,-12,-5
-43.44,10,-12,-6
-43.44,12,-12,-5
-47.965,12,-7,-7
-43.44,10,-12,-3
-47.06,12,-8,-5
-44.345,11,-11,-4
-43.44,10,-12,-3
-41.63,10,-14,-4
-41.63,11,-14,-5
-47.965,12,-7,-7
-47.965,12,-7,-7
-38.915,8,-17,-3
-38.915,9,-17,-3
-38.01,9,-18,-6
-38.01,9,-18,-5
-38.01,8,-18,-4
-38.915,9,-17,-5
-38.915,8,-17,-3
-36.2,8,-20,-4
-38.915,8,-17,-3
-34.39,7,-22,-4
-39.82,8,-16,-2
-39.82,8,-16,-4
-41.63,9,-14,-5
-38.915,8,-17,-2
-39.82,8,-16,-4
-41.63,9,-14,-3
-41.63,9,-14,-3
-39.82,8,-16,-2
-39.82,8,-16,-2
-39.82,8,-16,-2
-36.2,8,-20,-3
-41.63,10,-14,-4
-41.63,10,-14,-4
-36.2,8,-20,-3
-40.725,9,-15,-4
-40.725,9,-15,-4
-40.725,9,-15,-4
-40.725,9,-15,-4
-41.63,9,-14,-3
-36.2,8,-20,-3
-51.585,15,-3,-8
-49.775,14,-5,-7
-46.155,12,-9,-5
-47.965,13,-7,-6
-48.87,13,-6,-6
-50.68,14,-4,-8
-48.87,13,-6,-7
-47.965,13,-7,-7
-45.25,12,-10,-5
-51.585,15,-3,-9
-44.345,12,-9,-6
-40.725,10,-15,-5
-43.44,11,-10,-5
-44.345,12,-9,-6
-41.63,11,-12,-6
-41.63,10,-14,-5
-42.535,10,-13,-4
-43.44,10,-12,-4
-40.725,10,-15,-5
-46.155,11,-9,-4
-40.725,10,-15,-5
-40.725,10,-15,-5
-40.725,9,-15,-5
-38.01,8,-18,-4
-40.725,9,-15,-5
-39.82,9,-16,-4
-40.725,10,-15,-5
-39.82,9,-16,-4
-40.725,10,-15,-5
-38.915,8,-17,-3
-45.25,10,-10,-4
-44.345,10,-11,-5
-36.2,10,-20,-5
-44.345,10,-11,-5
-44.345,10,-11,-5
-44.345,10,-11,-5
-43.44,9,-12,-4
-44.345,10,-11,-5
-44.345,10,-11,-5
-45.25,10,-10,-4
-41.63,9,-14,-3
-46.155,10,-9,-3
-41.63,9,-14,-3
-46.155,10,-9,-4
-38.01,8,-18,-2
-41.63,9,-14,-3
-41.63,9,-14,-3
-41.63,9,-14,-3
-38.01,8,-18,-2
-41.63,9,-14,-3
