-27.15,6,-30,-3
-27.15,6,-30,-3
-27.15,6,-30,-3
-27.15,6,-30,-3
-27.15,6,-30,-3
-23.53,5,-34,-2
-27.15,6,-30,-3
-27.15,6,-30,-3
-27.15,6,-30,-3
-27.15,6,-30,-3
-43.44,14,-12,-9
-43.44,14,-12,-9
-43.44,14,-12,-9
-43.44,14,-12,-9
-43.44,14,-12,-9
-43.44,14,-12,-9
-43.44,14,-12,-9
-43.44,14,-12,-9
-43.44,14,-12,-9
-42.535,15,-13,-10
-42.535,13,-13,-8
-42.535,13,-13,-8
-50.68,15,-4,-11
-45.25,14,-10,-9
-42.535,13,-13,-8
-45.25,13,-10,-8
-42.535,13,-13,-8
-42.535,13,-13,-8
-49.775,15,-5,-11
-44.345,12,-11,-7
-36.2,8,-20,-3
-34.39,9,-22,-7
-36.2,8,-20,-5
-36.2,8,-20,-3
-36.2,8,-20,-3
-36.2,8,-20,-3
-36.2,8,-20,-5
-37.105,8,-19,-3
-36.2,8,-20,-3
-37.105,8,-19,-3
-28.055,7,-29,-2
-28.055,7,-29,-2
-28.055,7,-29,-2
-28.96,7,-28,-4
-29.865,7,-27,-2
-30.77,7,-26,-3
-30.77,7,-26,-3
-31.675,8,-25,-3
-30.77,7,-26,-3
-28.055,7,-29,-3
-38.01,10,-18,-7
-38.01,10,-18,-7
-38.01,10,-18,-7
-38.01,10,-18,-7
-36.2,9,-20,-5
-38.01,10,-18,-7
-38.01,10,-18,-7
-38.01,10,-18,-7
-38.01,10,-18,-7
-38.01,10,-18,-7
-28.055,7,-29,-3
-28.055,7,-29,-3
-28.055,7,-29,-3
-31.675,8,-25,-5
-30.77,8,-26,-5
-30.77,8,-26,-5
-28.055,7,-29,-3
-30.77,8,-26,-5
-28.055,7,-29,-3
-30.77,7,-26,-3
-28.96,6,-28,-3
-28.96,6,-28,-3
-27.15,6,-30,-1
-27.15,6,-30,-1
-28.96,6,-28,-3
-32.58,7,-24,-5
-28.96,6,-28,-3
-28.96,6,-28,-3
-28.96,6,-28,-1
-28.96,6,-28,-3
-32.58,7,-24,-2
-32.58,8,-24,-4
-30.77,7,-26,-2
-36.2,8,-20,-3
-36.2,8,-20,-3
-36.2,8,-20,-3
-35.295,8,-21,-3
-28.96,6,-28,-2
-33.485,8,-23,-4
-32.58,7,-24,-2
-37.105,8,-19,-4
-37.105,8,-19,-4
-34.39,8,-22,-4
-37.105,8,-19,-4
-34.39,8,-22,-4
-37.105,9,-19,-4
-37.105,8,-19,-4
-37.105,8,-19,-4
-37.105,8,-19,-4
-37.105,8,-19,-4
-34.39,10,-22,-6
-34.39,10,-22,-6
-37.105,11,-19,-8
-34.39,10,-22,-6
-37.105,11,-19,-8
-37.105,11,-19,-8
-34.39,10,-22,-6
-37.105,11,-19,-8
-37.105,11,-19,-8
-37.105,11,-19,-8
-28.96,6,-28,-2
-30.77,7,-26,-3
-30.77,7,-26,-3
-30.77,7,-26,-3
-27.15,6,-30,-2
-30.77,7,-26,-3
-27.15,6,-30,-3
-30.77,7,-26,-3
-30.77,7,-26,-3
-28.96,7,-28,-4
-34.39,9,-22,-4
-38.01,10,-18,-7
-38.01,10,-18,-7
-36.2,10,-20,-6
-36.2,10,-20,-6
-36.2,10,-20,-6
-36.2,10,-20,-6
-34.39,9,-22,-4
-40.725,11,-15,-7
-34.39,9,-22,-4
-39.82,11,-16,-7
-45.25,13,-10,-9
-45.25,13,-10,-9
-39.82,11,-16,-6
-39.82,11,-16,-6
-39.82,11,-16,-6
-45.25,13,-10,-9
-40.725,12,-15,-8
-45.25,13,-10,-9
-39.82,11,-16,-6
-28.96,6,-28,-3
-30.77,6,-26,-2
-28.96,6,-28,-3
-30.77,6,-26,-2
-30.77,6,-26,-2
-30.77,6,-26,-2
-30.77,6,-26,-2
-28.96,6,-28,-2
-28.96,6,-28,-2
-28.96,6,-28,-2
-41.63,9,-14,-4
-41.63,9,-14,-4
-41.63,9,-14,-4
-41.63,9,-14,-4
-41.63,9,-14,-4
-41.63,9,-14,-4
-41.63,9,-14,-4
-41.63,9,-14,-4
-41.63,9,-14,-4
-41.63,9,-14,-4
-39.82,12,-16,-8
-44.345,13,-11,-9
-44.345,13,-11,-9
-39.82,12,-16,-8
-44.345,13,-11,-9
-39.82,12,-16,-8
-44.345,13,-11,-9
-46.155,14,-9,-10
-44.345,13,-11,-9
-46.155,14,-9,-10
-37.105,8,-19,-5
-37.105,7,-19,-3
-37.105,8,-19,-5
-37.105,8,-19,-5
-37.105,7,-19,-3
-37.105,8,-19,-5
-37.105,8,-19,-5
-37.105,8,-19,-5
-37.105,8,-19,-5
-37.105,8,-19,-5
-32.58,8,-24,-3
-32.58,8,-24,-3
-38.01,10,-18,-6
-38.01,10,-18,-6
-32.58,8,-24,-3
-33.485,9,-23,-4
-32.58,8,-24,-3
-38.01,10,-18,-6
-38.01,10,-18,-6
-32.58,8,-24,-3
-45.25,13,-10,-9
-45.25,13,-10,-9
-45.25,13,-10,-9
-45.25,13,-10,-9
-45.25,13,-10,-9
-45.25,13,-10,-9
-45.25,13,-10,-9
-45.25,13,-10,-9
-45.25,13,-10,-9
-45.25,13,-10,-9
-36.2,8,-20,-4
-36.2,8,-20,-4
-30.77,6,-26,-3
-36.2,8,-20,-4
-36.2,8,-20,-4
-36.2,8,-20,-4
-36.2,8,-20,-4
-36.2,8,-20,-4
-36.2,8,-20,-4
-36.2,8,-20,-4
-28.055,7,-29,-4
-32.58,8,-24,-5
-32.58,8,-24,-5
-32.58,8,-24,-5
-32.58,8,-24,-5
-32.58,8,-24,-5
-32.58,8,-24,-5
-32.58,8,-24,-5
-32.58,8,-24,-5
-32.58,8,-24,-5
-34.39,8,-22,-4
-30.77,7,-26,-4
-30.77,7,-26,-3
-29.865,7,-27,-4
-36.2,9,-20,-5
-36.2,9,-20,-5
-30.77,7,-26,-3
-30.77,7,-26,-3
-30.77,7,-26,-3
-30.77,7,-26,-3
-46.155,11,-9,-6
-46.155,11,-9,-6
-46.155,11,-9,-6
-46.155,11,-9,-6
-46.155,11,-9,-6
-46.155,11,-9,-6
-46.155,11,-9,-6
-46.155,11,-9,-6
-46.155,11,-9,-6
-46.155,11,-9,-6
-36.2,8,-20,-4
-38.01,9,-18,-5
-36.2,8,-20,-4
-38.01,9,-18,-5
-38.01,8,-18,-5
-36.2,8,-20,-5
-36.2,8,-20,-4
-38.01,9,-18,-5
-36.2,8,-20,-4
-36.2,8,-20,-4
-28.96,6,-28,-2
-28.96,6,-28,-2
-28.96,6,-28,-3
-30.77,6,-26,-1
-28.96,6,-28,-2
-30.77,6,-26,-1
-30.77,6,-26,-1
-30.77,6,-26,-1
-30.77,6,-26,-1
-28.96,6,-28,-2
-38.01,11,-18,-7
-36.2,10,-20,-6
-34.39,9,-22,-4
-36.2,10,-20,-7
-38.01,11,-18,-7
-36.2,10,-20,-7
-34.39,9,-22,-4
-38.01,11,-18,-7
-36.2,10,-20,-6
-34.39,8,-22,-3
-32.58,7,-24,-3
-32.58,7,-24,-3
-32.58,7,-24,-3
-32.58,7,-24,-3
-32.58,7,-24,-3
-32.58,7,-24,-3
-32.58,7,-24,-3
-32.58,7,-24,-3
-32.58,7,-24,-3
-27.15,6,-30,-3
-50.68,14,-4,-10
-50.68,14,-4,-10
-50.68,14,-4,-10
-50.68,14,-4,-10
-49.775,13,-5,-9
-48.87,13,-6,-8
-50.68,14,-4,-10
-48.87,13,-6,-8
-50.68,14,-4,-10
-50.68,14,-4,-10
-31.675,7,-25,-4
-31.675,7,-25,-4
-31.675,7,-25,-4
-31.675,7,-25,-4
-31.675,7,-25,-4
-31.675,7,-25,-4
-31.675,7,-25,-4
-31.675,7,-25,-4
-31.675,7,-25,-4
-31.675,7,-25,-4
-42.535,11,-13,-7
-42.535,11,-13,-7
-42.535,11,-13,-7
-42.535,11,-13,-7
-42.535,11,-13,-7
-42.535,11,-13,-7
-42.535,11,-13,-7
-42.535,11,-13,-7
-40.725,10,-15,-5
-42.535,11,-13,-7
-35.295,8,-21,-4
-35.295,8,-21,-4
-31.675,7,-25,-2
-31.675,7,-25,-3
-31.675,7,-25,-2
-31.675,7,-25,-2
-31.675,7,-25,-3
-31.675,7,-25,-2
-35.295,8,-21,-4
-31.675,7,-25,-2
-37.105,11,-19,-8
-35.295,12,-21,-9
-38.915,11,-17,-7
-42.535,13,-13,-9
-38.915,11,-17,-7
-42.535,13,-13,-9
-44.345,13,-11,-9
-42.535,13,-13,-9
-44.345,13,-11,-9
-44.345,13,-11,-9
-30.77,6,-26,-4
-30.77,6,-26,-4
-30.77,6,-26,-4
-30.77,6,-26,-4
-30.77,6,-26,-4
-32.58,7,-24,-5
-30.77,6,-26,-4
-30.77,6,-26,-4
-32.58,7,-24,-5
-30.77,6,-26,-4
-31.675,8,-25,-4
-31.675,8,-25,-4
-31.675,8,-25,-4
-31.675,8,-25,-4
-31.675,8,-25,-4
-31.675,8,-25,-4
-31.675,8,-25,-4
-31.675,8,-25,-4
-31.675,8,-25,-4
-31.675,8,-25,-4
-32.58,9,-24,-7
-32.58,9,-24,-7
-41.63,12,-14,-9
-32.58,9,-24,-7
-41.63,12,-14,-8
-40.725,11,-15,-7
-40.725,11,-15,-7
-32.58,9,-24,-7
-38.915,11,-17,-8
-38.915,11,-17,-7
-38.01,10,-18,-6
-38.01,10,-18,-6
-38.01,10,-18,-6
-38.01,10,-18,-6
-32.58,8,-24,-4
-38.01,10,-18,-6
-32.58,8,-24,-4
-32.58,8,-24,-4
-32.58,8,-24,-4
-32.58,8,-24,-4
-24.435,6,-33,-2
-26.245,6,-31,-4
-26.245,6,-31,-4
-21.72,5,-36,-2
-26.245,6,-31,-4
-21.72,5,-36,-2
-21.72,5,-36,-2
-26.245,6,-31,-4
-26.245,6,-31,-4
-26.245,6,-31,-4
-34.39,9,-22,-5
-32.58,9,-24,-5
-34.39,9,-22,-5
-35.295,10,-21,-6
-32.58,9,-24,-5
-34.39,9,-22,-5
-34.39,9,-22,-5
-34.39,9,-22,-5
-34.39,9,-22,-5
-34.39,9,-22,-5
-37.105,9,-19,-5
-37.105,9,-19,-5
-35.295,9,-21,-5
-37.105,9,-19,-5
-37.105,9,-19,-5
-37.105,9,-19,-5
-37.105,10,-19,-6
-35.295,9,-21,-5
-37.105,9,-19,-5
-36.2,9,-20,-5
-38.01,8,-18,-4
-38.01,8,-18,-4
-30.77,7,-26,-3
-38.01,8,-18,-4
-38.01,8,-18,-4
-38.01,8,-18,-4
-38.01,8,-18,-4
-38.01,8,-18,-4
-38.01,8,-18,-4
-38.01,8,-18,-4
-32.58,6,-24,-4
-32.58,6,-24,-3
-32.58,6,-24,-4
-32.58,6,-24,-4
-32.58,6,-24,-4
-32.58,6,-24,-3
-32.58,6,-24,-3
-32.58,6,-24,-4
-32.58,6,-24,-3
-32.58,6,-24,-4
-38.01,8,-18,-4
-38.01,8,-18,-4
-38.01,8,-18,-4
-38.01,8,-18,-4
-38.01,8,-18,-4
-38.01,8,-18,-4
-38.01,8,-18,-4
-38.01,8,-18,-4
-38.01,8,-18,-4
-38.01,8,-18,-4
-27.15,6,-30,-3
-28.96,6,-28,-3
-26.245,6,-31,-2
-28.96,6,-28,-3
-28.96,6,-28,-3
-28.96,6,-28,-3
-24.435,6,-33,-3
-28.96,6,-28,-3
-28.96,6,-28,-3
-28.96,6,-28,-3
-36.2,9,-20,-5
-36.2,9,-20,-5
-36.2,9,-20,-5
-36.2,9,-20,-5
-36.2,9,-20,-5
-36.2,9,-20,-5
-36.2,9,-20,-5
-36.2,9,-20,-5
-36.2,9,-20,-5
-36.2,9,-20,-5
-32.58,7,-24,-3
-34.39,7,-22,-3
-32.58,7,-24,-4
-32.58,7,-24,-3
-34.39,7,-22,-2
-32.58,7,-24,-3
-34.39,7,-22,-2
-32.58,7,-24,-4
-34.39,7,-22,-3
-32.58,7,-24,-4
-29.865,7,-27,-3
-29.865,7,-27,-3
-29.865,7,-27,-3
-29.865,7,-27,-3
-29.865,7,-27,-3
-29.865,7,-27,-3
-29.865,7,-27,-3
-29.865,7,-27,-3
-28.96,6,-28,-2
-29.865,7,-27,-3
-38.01,9,-18,-4
-38.01,10,-18,-6
-36.2,9,-20,-4
-38.01,9,-18,-4
-38.01,9,-18,-4
-36.2,9,-20,-4
-38.01,10,-18,-6
-39.82,10,-16,-6
-36.2,9,-20,-4
-36.2,9,-20,-4
-30.77,6,-26,-4
-30.77,6,-26,-4
-27.15,6,-30,-3
-30.77,6,-26,-4
-30.77,6,-26,-4
-30.77,6,-26,-4
-30.77,6,-26,-4
-27.15,6,-30,-3
-30.77,6,-26,-4
-30.77,6,-26,-4
-37.105,8,-19,-4
-31.675,7,-25,-2
-32.58,7,-24,-3
-37.105,8,-19,-4
-28.96,7,-28,-3
-37.105,8,-19,-4
-37.105,8,-19,-4
-37.105,8,-19,-4
-28.96,7,-28,-3
-37.105,8,-19,-4
-30.77,8,-26,-4
-30.77,8,-26,-4
-32.58,9,-24,-6
-32.58,10,-24,-6
-30.77,8,-26,-4
-30.77,8,-26,-4
-30.77,8,-26,-4
-30.77,8,-26,-4
-30.77,8,-26,-4
-30.77,8,-26,-4
-30.77,7,-26,-4
-26.245,6,-31,-4
-30.77,7,-26,-4
-30.77,7,-26,-4
-29.865,7,-27,-3
-30.77,7,-26,-4
-30.77,7,-26,-4
-30.77,7,-26,-4
-29.865,7,-27,-3
-30.77,7,-26,-4
-39.82,12,-16,-8
-39.82,12,-16,-8
-39.82,12,-16,-8
-39.82,12,-16,-8
-39.82,12,-16,-8
-40.725,12,-15,-8
-38.01,11,-18,-7
-39.82,12,-16,-8
-40.725,12,-15,-8
-38.915,11,-17,-7
-38.01,9,-18,-4
-38.01,9,-18,-4
-38.01,9,-18,-4
-35.295,8,-21,-4
-38.01,9,-18,-4
-35.295,8,-21,-4
-35.295,8,-21,-4
-38.01,9,-18,-4
-35.295,8,-21,-4
-38.01,9,-18,-4
-30.77,7,-26,-4
-32.58,8,-24,-5
-32.58,8,-24,-5
-30.77,7,-26,-4
-30.77,7,-26,-4
-30.77,7,-26,-4
-32.58,8,-24,-5
-31.675,7,-25,-4
-31.675,7,-25,-4
-35.295,8,-21,-4
-44.345,12,-11,-8
-44.345,12,-11,-8
-47.06,13,-8,-9
-44.345,12,-11,-8
-47.06,13,-8,-9
-42.535,12,-13,-9
-47.06,13,-8,-9
-42.535,12,-13,-9
-44.345,12,-11,-8
-47.06,13,-8,-9
-32.58,7,-24,-3
-32.58,7,-24,-3
-34.39,8,-22,-3
-36.2,7,-20,-4
-34.39,8,-22,-3
-32.58,7,-24,-3
-34.39,8,-22,-3
-32.58,7,-24,-3
-32.58,7,-24,-3
-34.39,8,-22,-3
-35.295,8,-21,-3
-35.295,8,-21,-3
-35.295,8,-21,-3
-35.295,8,-21,-3
-35.295,8,-21,-3
-34.39,7,-22,-4
-35.295,8,-21,-3
-35.295,8,-21,-3
-34.39,7,-22,-4
-34.39,7,-22,-4
-30.77,6,-26,-2
-30.77,6,-26,-2
-30.77,6,-26,-2
-30.77,6,-26,-2
-30.77,6,-26,-2
-27.15,5,-30,-2
-30.77,6,-26,-2
-30.77,6,-26,-2
-30.77,6,-26,-2
-30.77,6,-26,-2
-30.77,6,-26,-3
-25.34,5,-32,-2
-30.77,6,-26,-3
-30.77,6,-26,-3
-25.34,5,-32,-2
-28.96,6,-28,-2
-30.77,6,-26,-3
-30.77,6,-26,-3
-30.77,6,-26,-3
-30.77,6,-26,-3
-28.055,7,-29,-4
-28.96,7,-28,-5
-28.055,7,-29,-4
-27.15,7,-30,-5
-28.96,6,-28,-5
-25.34,6,-32,-4
-25.34,6,-32,-5
-27.15,7,-30,-5
-28.055,7,-29,-4
-28.055,7,-29,-4
-34.39,8,-22,-5
-34.39,8,-22,-5
-34.39,8,-22,-5
-34.39,8,-22,-5
-34.39,8,-22,-5
-34.39,8,-22,-5
-34.39,8,-22,-5
-34.39,8,-22,-5
-34.39,8,-22,-5
-34.39,8,-22,-5
-39.82,9,-16,-5
-39.82,9,-16,-5
-39.82,9,-16,-5
-39.82,9,-16,-5
-39.82,9,-16,-5
-39.82,9,-16,-5
-39.82,9,-16,-5
-39.82,9,-16,-5
-37.105,9,-19,-5
-39.82,9,-16,-5
-35.295,9,-21,-5
-35.295,9,-21,-5
-35.295,9,-21,-5
-35.295,9,-21,-5
-35.295,9,-21,-5
-35.295,9,-21,-5
-35.295,9,-21,-5
-35.295,9,-21,-5
-35.295,9,-21,-5
-35.295,9,-21,-5
-25.34,6,-32,-3
-30.77,6,-26,-2
-28.96,7,-28,-3
-28.96,7,-28,-3
-28.96,7,-28,-4
-28.96,7,-28,-3
-30.77,6,-26,-2
-27.15,6,-30,-2
-27.15,6,-30,-2
-27.15,6,-30,-2
-31.675,8,-25,-4
-31.675,8,-25,-4
-31.675,8,-25,-4
-31.675,8,-25,-4
-31.675,8,-25,-4
-31.675,8,-25,-4
-31.675,8,-25,-4
-31.675,8,-25,-4
-31.675,8,-25,-4
-31.675,8,-25,-4
-41.63,13,-14,-8
-37.105,12,-19,-7
-38.915,12,-17,-7
-40.725,12,-15,-7
-40.725,12,-15,-8
-37.105,12,-19,-7
-38.01,11,-18,-6
-41.63,13,-14,-8
-41.63,13,-14,-8
-41.63,13,-14,-8
-33.485,7,-23,-3
-32.58,7,-24,-4
-33.485,7,-23,-3
-33.485,7,-23,-3
-33.485,7,-23,-3
-33.485,7,-23,-3
-33.485,7,-23,-3
-32.58,7,-24,-4
-33.485,7,-23,-3
-32.58,7,-24,-4
-31.675,8,-25,-4
-31.675,9,-25,-4
-31.675,8,-25,-4
-29.865,7,-27,-4
-30.77,9,-26,-5
-37.105,10,-19,-7
-28.055,7,-29,-3
-31.675,8,-25,-4
-31.675,8,-25,-4
-31.675,8,-25,-4
-30.77,7,-26,-3
-30.77,7,-26,-3
-30.77,7,-26,-3
-30.77,7,-26,-3
-30.77,7,-26,-3
-30.77,7,-26,-3
-30.77,7,-26,-3
-30.77,7,-26,-3
-30.77,7,-26,-3
-30.77,7,-26,-3
-37.105,9,-19,-4
-34.39,9,-22,-4
-37.105,9,-19,-4
-39.82,10,-16,-5
-37.105,9,-19,-4
-37.105,9,-19,-4
-37.105,9,-19,-4
-34.39,9,-22,-4
-37.105,9,-19,-4
-37.105,9,-19,-4
-41.63,11,-14,-7
-41.63,11,-14,-7
-41.63,11,-14,-7
-41.63,11,-14,-7
-41.63,11,-14,-7
-41.63,11,-14,-7
-37.105,10,-19,-6
-41.63,11,-14,-7
-41.63,11,-14,-7
-41.63,11,-14,-7
-32.58,8,-24,-3
-32.58,8,-24,-3
-30.77,8,-26,-3
-29.865,7,-27,-3
-32.58,8,-24,-3
-29.865,7,-27,-3
-32.58,8,-24,-3
-32.58,8,-24,-3
-28.96,7,-28,-3
-28.96,7,-28,-3
-34.39,7,-22,-3
-34.39,7,-22,-3
-34.39,7,-22,-3
-34.39,7,-22,-3
-34.39,7,-22,-3
-34.39,7,-22,-3
-34.39,7,-22,-3
-34.39,7,-22,-3
-34.39,8,-22,-4
-34.39,7,-22,-3
-27.15,6,-30,-4
-19.91,4,-38,0
-25.34,6,-32,-3
-27.15,6,-30,-4
-27.15,6,-30,-4
-27.15,6,-30,-4
-23.53,5,-34,-2
-25.34,6,-32,-3
-27.15,6,-30,-4
-27.15,6,-30,-4
-32.58,6,-24,-4
-32.58,6,-24,-4
-32.58,6,-24,-4
-33.485,7,-23,-4
-32.58,6,-24,-4
-33.485,7,-23,-4
-27.15,5,-30,-2
-27.15,5,-30,-2
-27.15,5,-30,-2
-27.15,5,-30,-2
-29.865,7,-27,-3
-31.675,7,-25,-3
-31.675,7,-25,-3
-31.675,7,-25,-3
-31.675,7,-25,-3
-27.15,6,-30,-3
-31.675,7,-25,-3
-31.675,7,-25,-3
-31.675,7,-25,-3
-29.865,7,-27,-3
-40.725,10,-15,-7
-40.725,10,-15,-7
-40.725,10,-15,-6
-40.725,10,-15,-7
-35.295,8,-21,-4
-38.915,9,-17,-6
-35.295,8,-21,-4
-40.725,10,-15,-6
-40.725,10,-15,-6
-40.725,10,-15,-6
-34.39,8,-22,-4
-42.535,9,-13,-5
-42.535,9,-13,-5
-42.535,9,-13,-5
-42.535,9,-13,-5
-42.535,9,-13,-5
-34.39,8,-22,-4
-42.535,9,-13,-5
-42.535,9,-13,-5
-42.535,9,-13,-5
-31.675,7,-25,-4
-29.865,7,-27,-4
-31.675,7,-25,-4
-31.675,7,-25,-4
-31.675,7,-25,-4
-31.675,7,-25,-4
-31.675,7,-25,-4
-31.675,7,-25,-4
-29.865,7,-27,-4
-31.675,7,-25,-4
-38.01,9,-18,-5
-37.105,8,-19,-4
-38.915,9,-17,-5
-38.01,9,-18,-5
-38.01,9,-18,-5
-38.915,9,-17,-5
-38.915,9,-17,-5
-37.105,9,-19,-4
-39.82,9,-16,-5
-37.105,9,-19,-4
-25.34,6,-32,-2
-25.34,6,-32,-2
-25.34,6,-32,-2
-25.34,6,-32,-3
-25.34,6,-32,-2
-25.34,6,-32,-2
-25.34,6,-32,-4
-25.34,6,-32,-2
-25.34,6,-32,-2
-25.34,6,-32,-2
-30.77,6,-26,-3
-30.77,6,-26,-2
-28.96,7,-28,-3
-30.77,6,-26,-3
-30.77,6,-26,-3
-28.96,7,-28,-3
-27.15,6,-30,-2
-30.77,6,-26,-3
-30.77,7,-26,-3
-30.77,6,-26,-2
-21.72,5,-36,-2
-21.72,5,-36,-2
-21.72,5,-36,-2
-21.72,5,-36,-2
-21.72,5,-36,-2
-21.72,4,-36,-1
-21.72,4,-36,-1
-21.72,4,-36,-1
-21.72,5,-36,-2
-21.72,5,-36,-2
-47.965,13,-7,-9
-47.965,13,-7,-9
-47.965,13,-7,-9
-47.965,13,-7,-9
-47.965,13,-7,-9
-47.965,14,-7,-10
-47.965,13,-7,-9
-47.965,14,-7,-10
-47.965,13,-7,-9
-47.965,14,-7,-10
-33.485,7,-23,-3
-33.485,7,-23,-3
-33.485,7,-23,-3
-33.485,7,-23,-3
-33.485,7,-23,-3
-33.485,7,-23,-3
-33.485,7,-23,-3
-33.485,7,-23,-3
-33.485,7,-23,-3
-33.485,7,-23,-3
-41.63,12,-14,-9
-44.345,13,-11,-10
-44.345,13,-11,-10
-44.345,13,-11,-10
-44.345,13,-11,-10
-41.63,12,-14,-9
-41.63,12,-14,-9
-41.63,12,-14,-9
-41.63,12,-14,-9
-40.725,11,-15,-7
-37.105,10,-19,-6
-35.295,9,-21,-4
-37.105,10,-19,-6
-31.675,9,-25,-4
-37.105,10,-19,-6
-37.105,10,-19,-6
-35.295,9,-21,-4
-37.105,10,-19,-6
-37.105,10,-19,-6
-37.105,10,-19,-6
-43.44,9,-12,-4
-43.44,9,-12,-4
-43.44,9,-12,-4
-43.44,9,-12,-4
-43.44,9,-12,-4
-43.44,9,-12,-4
-43.44,9,-12,-4
-43.44,9,-12,-4
-43.44,9,-12,-4
-43.44,9,-12,-4
-40.725,9,-15,-4
-40.725,9,-15,-4
-34.39,7,-22,-4
-40.725,9,-15,-4
-40.725,9,-15,-4
-40.725,9,-15,-4
-40.725,9,-15,-4
-40.725,9,-15,-4
-40.725,9,-15,-4
-40.725,9,-15,-4
-28.96,6,-28,-2
-28.96,6,-28,-2
-28.96,6,-28,-2
-28.96,6,-28,-2
-28.96,6,-28,-2
-28.96,6,-28,-2
-28.96,6,-28,-2
-27.15,6,-30,-2
-28.96,6,-28,-2
-28.96,6,-28,-2
-35.295,9,-21,-4
-35.295,9,-21,-4
-35.295,9,-21,-4
-35.295,9,-21,-4
-35.295,9,-21,-4
-33.485,8,-23,-5
-35.295,9,-21,-4
-35.295,9,-21,-4
-35.295,9,-21,-4
-35.295,9,-21,-4
-34.39,8,-22,-4
-34.39,8,-22,-4
-34.39,8,-22,-4
-34.39,8,-22,-4
-32.58,8,-24,-5
-34.39,8,-22,-4
-32.58,8,-24,-5
-34.39,8,-22,-4
-32.58,8,-24,-5
-34.39,8,-22,-4
-41.63,11,-14,-6
-41.63,11,-14,-6
-41.63,11,-14,-6
-41.63,11,-14,-6
-41.63,11,-14,-6
-41.63,11,-14,-6
-41.63,11,-14,-6
-41.63,11,-14,-6
-41.63,11,-14,-6
-41.63,11,-14,-6
-32.58,7,-24,-2
-39.82,10,-16,-6
-32.58,7,-24,-2
-36.2,8,-20,-4
-30.77,6,-26,-3
-39.82,10,-16,-6
-39.82,10,-16,-6
-39.82,10,-16,-6
-30.77,6,-26,-3
-36.2,8,-20,-4
-20.815,4,-37,-1
-20.815,4,-37,0
-18.1,4,-40,-1
-20.815,4,-37,-1
-19.91,4,-38,-1
-20.815,4,-37,0
-19.91,4,-38,-1
-19.91,4,-38,-1
-20.815,4,-37,-1
-19.91,4,-38,-1
-38.915,9,-17,-5
-38.915,9,-17,-5
-38.915,9,-17,-5
-38.915,9,-17,-5
-38.915,9,-17,-5
-38.915,9,-17,-5
-38.915,9,-17,-5
-38.915,9,-17,-5
-38.915,9,-17,-5
-38.915,9,-17,-5
-29.865,6,-27,-3
-23.53,6,-34,-2
-29.865,6,-27,-3
-29.865,6,-27,-3
-29.865,6,-27,-3
-29.865,6,-27,-3
-29.865,6,-27,-3
-29.865,6,-27,-3
-29.865,6,-27,-3
-29.865,6,-27,-3
-25.34,5,-32,-3
-25.34,5,-32,-3
-25.34,5,-32,-3
-25.34,5,-32,-3
-25.34,5,-32,-3
-27.15,6,-30,-3
-25.34,5,-32,-3
-25.34,5,-32,-3
-25.34,5,-32,-3
-25.34,5,-32,-3
-41.63,10,-14,-5
-41.63,10,-14,-5
-41.63,10,-14,-5
-41.63,10,-14,-5
-41.63,10,-14,-5
-41.63,10,-14,-5
-41.63,10,-14,-5
-41.63,10,-14,-5
-41.63,10,-14,-5
-41.63,10,-14,-5
