-27.15,6,-30,-3
-27.15,6,-30,-3
-27.15,6,-30,-3
-27.15,6,-30,-3
-27.15,6,-30,-3
-27.15,6,-30,-3
-25.34,6,-32,-3
-27.15,6,-30,-3
-27.15,6,-30,-3
-27.15,6,-30,-3
-45.25,14,-10,-9
-43.44,13,-12,-8
-44.345,13,-11,-8
-44.345,13,-11,-8
-47.06,14,-8,-9
-41.63,12,-14,-7
-41.63,12,-14,-7
-44.345,13,-11,-8
-46.155,13,-9,-8
-43.44,14,-12,-10
-44.345,12,-11,-7
-40.725,11,-15,-6
-47.06,14,-8,-10
-51.585,15,-3,-11
-45.25,14,-10,-9
-44.345,14,-11,-9
-48.87,14,-6,-10
-44.345,13,-11,-8
-44.345,13,-11,-8
-51.585,15,-3,-11
-36.2,8,-20,-3
-36.2,8,-20,-5
-38.915,9,-17,-6
-37.105,8,-19,-3
-36.2,8,-20,-3
-37.105,8,-19,-3
-37.105,8,-19,-3
-37.105,8,-19,-3
-37.105,8,-19,-3
-38.01,8,-18,-5
-29.865,7,-27,-2
-30.77,7,-26,-3
-28.96,8,-28,-4
-28.055,7,-29,-3
-30.77,7,-26,-3
-30.77,7,-26,-3
-30.77,8,-26,-4
-30.77,7,-26,-3
-28.96,8,-28,-4
-29.865,7,-27,-2
-38.01,10,-18,-7
-37.105,9,-19,-6
-36.2,9,-20,-5
-37.105,9,-19,-6
-37.105,9,-19,-6
-38.01,10,-18,-7
-38.915,9,-17,-7
-38.01,10,-18,-7
-38.01,10,-18,-7
-36.2,9,-20,-5
-28.96,7,-28,-4
-30.77,8,-26,-4
-30.77,8,-26,-5
-30.77,8,-26,-5
-30.77,8,-26,-5
-30.77,8,-26,-5
-31.675,8,-25,-5
-28.96,7,-28,-4
-30.77,8,-26,-5
-28.055,7,-29,-3
-30.77,7,-26,-4
-28.96,6,-28,-3
-32.58,7,-24,-5
-28.96,6,-28,-1
-28.96,6,-28,-3
-28.96,6,-28,-1
-27.15,6,-30,-2
-28.96,6,-28,-3
-28.96,6,-28,-1
-28.96,6,-28,-3
-36.2,8,-20,-3
-32.58,7,-24,-2
-32.58,7,-24,-2
-35.295,8,-21,-3
-30.77,7,-26,-4
-33.485,8,-23,-4
-32.58,7,-24,-3
-32.58,8,-24,-4
-33.485,8,-23,-4
-35.295,8,-21,-3
-37.105,9,-19,-4
-37.105,9,-19,-4
-33.485,7,-23,-2
-37.105,9,-19,-4
-34.39,8,-22,-4
-37.105,9,-19,-4
-37.105,9,-19,-4
-37.105,8,-19,-4
-37.105,9,-19,-4
-37.105,8,-19,-4
-32.58,9,-24,-5
-36.2,10,-20,-7
-36.2,9,-20,-6
-33.485,10,-23,-6
-36.2,10,-20,-7
-34.39,10,-22,-6
-38.01,11,-18,-7
-37.105,10,-19,-6
-34.39,9,-22,-6
-37.105,11,-19,-8
-27.15,5,-30,-1
-30.77,7,-26,-3
-28.96,7,-28,-3
-30.77,7,-26,-3
-27.15,6,-30,-2
-28.96,6,-28,-2
-25.34,5,-32,-2
-30.77,7,-26,-3
-30.77,7,-26,-3
-28.96,6,-28,-2
-33.485,8,-23,-4
-38.915,10,-17,-5
-31.675,8,-25,-4
-34.39,9,-22,-5
-36.2,9,-20,-4
-36.2,10,-20,-6
-36.2,10,-20,-6
-36.2,10,-20,-6
-38.01,10,-18,-7
-35.295,9,-21,-5
-39.82,11,-16,-6
-39.82,11,-16,-6
-40.725,12,-15,-8
-45.25,13,-10,-9
-39.82,11,-16,-6
-45.25,13,-10,-9
-45.25,13,-10,-9
-45.25,13,-10,-9
-38.01,11,-18,-6
-40.725,12,-15,-8
-28.96,6,-28,-3
-30.77,6,-26,-2
-28.96,6,-28,-3
-30.77,6,-26,-2
-28.96,6,-28,-2
-28.96,6,-28,-2
-28.96,6,-28,-3
-28.96,6,-28,-3
-28.96,6,-28,-2
-30.77,6,-26,-2
-41.63,9,-14,-4
-41.63,9,-14,-4
-40.725,8,-15,-3
-40.725,8,-15,-3
-41.63,9,-14,-4
-40.725,8,-15,-3
-41.63,9,-14,-4
-41.63,9,-14,-4
-41.63,9,-14,-4
-40.725,8,-15,-3
-39.82,12,-16,-8
-45.25,13,-10,-9
-46.155,14,-9,-10
-41.63,13,-14,-9
-47.06,15,-8,-11
-42.535,14,-13,-10
-43.44,12,-12,-8
-44.345,14,-11,-10
-41.63,13,-14,-9
-44.345,13,-11,-9
-41.63,9,-14,-5
-37.105,7,-19,-3
-38.915,9,-17,-5
-37.105,7,-19,-3
-40.725,8,-15,-4
-40.725,8,-15,-4
-41.63,9,-14,-5
-37.105,7,-19,-3
-41.63,9,-14,-5
-37.105,8,-19,-5
-36.2,9,-20,-4
-33.485,9,-23,-4
-33.485,9,-23,-4
-32.58,8,-24,-3
-36.2,9,-20,-4
-38.01,10,-18,-6
-32.58,8,-24,-3
-36.2,9,-20,-4
-32.58,8,-24,-3
-37.105,10,-19,-5
-46.155,13,-9,-9
-45.25,13,-10,-9
-45.25,13,-10,-9
-45.25,13,-10,-9
-45.25,13,-10,-9
-45.25,13,-10,-9
-45.25,13,-10,-9
-45.25,13,-10,-9
-45.25,13,-10,-9
-45.25,13,-10,-9
-30.77,6,-26,-3
-36.2,8,-20,-4
-36.2,8,-20,-4
-36.2,8,-20,-4
-30.77,6,-26,-3
-30.77,6,-26,-3
-34.39,7,-22,-3
-36.2,8,-20,-4
-30.77,6,-26,-3
-36.2,8,-20,-4
-32.58,8,-24,-5
-32.58,8,-24,-5
-31.675,7,-25,-4
-32.58,8,-24,-5
-32.58,8,-24,-5
-32.58,8,-24,-5
-31.675,7,-25,-4
-32.58,8,-24,-5
-32.58,8,-24,-5
-32.58,8,-24,-5
-34.39,8,-22,-5
-34.39,8,-22,-4
-30.77,7,-26,-3
-30.77,7,-26,-3
-34.39,8,-22,-4
-36.2,9,-20,-5
-34.39,8,-22,-4
-34.39,8,-22,-4
-30.77,7,-26,-4
-33.485,8,-23,-4
-46.155,11,-9,-6
-46.155,11,-9,-6
-46.155,11,-9,-6
-46.155,11,-9,-6
-46.155,11,-9,-6
-46.155,11,-9,-6
-46.155,11,-9,-6
-46.155,11,-9,-6
-46.155,11,-9,-6
-44.345,11,-11,-6
-36.2,8,-20,-4
-38.01,9,-18,-5
-38.01,9,-18,-5
-38.01,9,-18,-5
-39.82,9,-16,-6
-38.01,9,-18,-5
-38.01,9,-18,-5
-38.01,9,-18,-5
-36.2,9,-20,-5
-36.2,9,-20,-6
-30.77,6,-26,-1
-30.77,6,-26,-1
-30.77,6,-26,-1
-28.96,6,-28,-1
-30.77,6,-26,-2
-30.77,6,-26,-2
-28.96,6,-28,-2
-28.96,6,-28,-2
-28.96,6,-28,-3
-28.96,6,-28,-2
-35.295,9,-21,-5
-32.58,8,-24,-4
-35.295,9,-21,-5
-36.2,10,-20,-7
-35.295,9,-21,-6
-34.39,9,-22,-4
-37.105,10,-19,-6
-34.39,9,-22,-4
-34.39,8,-22,-3
-32.58,8,-24,-3
-32.58,7,-24,-3
-32.58,7,-24,-3
-32.58,7,-24,-3
-27.15,6,-30,-3
-32.58,7,-24,-3
-32.58,7,-24,-3
-32.58,7,-24,-3
-28.96,6,-28,-2
-32.58,7,-24,-3
-32.58,7,-24,-3
-51.585,13,-3,-9
-49.775,13,-5,-9
-49.775,13,-5,-9
-50.68,14,-4,-10
-51.585,13,-3,-9
-49.775,13,-5,-9
-51.585,13,-3,-9
-52.49,14,-2,-10
-47.06,11,-8,-6
-50.68,14,-4,-10
-31.675,7,-25,-3
-33.485,7,-23,-3
-31.675,7,-25,-4
-31.675,7,-25,-3
-30.77,8,-26,-4
-31.675,7,-25,-3
-33.485,7,-23,-3
-26.245,7,-31,-3
-29.865,7,-27,-4
-28.055,7,-29,-4
-40.725,9,-15,-5
-39.82,9,-16,-5
-43.44,10,-12,-6
-40.725,10,-15,-5
-43.44,10,-12,-6
-40.725,10,-15,-5
-40.725,10,-15,-5
-42.535,9,-13,-5
-40.725,10,-15,-5
-40.725,10,-15,-5
-31.675,7,-25,-3
-33.485,7,-23,-4
-37.105,8,-19,-5
-35.295,8,-21,-4
-33.485,7,-23,-2
-31.675,7,-25,-2
-31.675,7,-25,-2
-31.675,7,-25,-2
-35.295,8,-21,-4
-33.485,7,-23,-2
-39.82,12,-16,-8
-38.915,12,-17,-9
-38.915,11,-17,-7
-44.345,13,-11,-9
-44.345,13,-11,-9
-44.345,13,-11,-9
-43.44,13,-12,-9
-44.345,13,-11,-9
-44.345,13,-11,-9
-44.345,13,-11,-9
-30.77,6,-26,-4
-30.77,7,-26,-4
-30.77,6,-26,-4
-34.39,7,-22,-5
-30.77,6,-26,-4
-34.39,7,-22,-5
-34.39,8,-22,-5
-36.2,8,-20,-6
-34.39,7,-22,-5
-34.39,7,-22,-5
-31.675,8,-25,-4
-31.675,8,-25,-4
-30.77,8,-26,-4
-30.77,7,-26,-3
-31.675,8,-25,-4
-31.675,8,-25,-4
-31.675,8,-25,-4
-31.675,8,-25,-4
-31.675,8,-25,-4
-33.485,8,-23,-4
-30.77,8,-26,-6
-38.915,11,-17,-8
-38.915,11,-17,-8
-32.58,9,-24,-7
-39.82,11,-16,-7
-38.915,11,-17,-8
-32.58,9,-24,-7
-41.63,12,-14,-9
-39.82,10,-16,-7
-32.58,9,-24,-7
-32.58,8,-24,-4
-38.01,10,-18,-6
-38.01,10,-18,-6
-32.58,8,-24,-4
-32.58,8,-24,-4
-32.58,8,-24,-4
-38.01,10,-18,-6
-32.58,8,-24,-4
-38.01,10,-18,-6
-38.01,10,-18,-6
-26.245,6,-31,-4
-24.435,6,-33,-2
-24.435,6,-33,-2
-26.245,6,-31,-4
-26.245,6,-31,-4
-26.245,6,-31,-4
-26.245,6,-31,-3
-24.435,6,-33,-2
-26.245,6,-31,-3
-26.245,6,-31,-4
-33.485,8,-23,-4
-34.39,9,-22,-5
-34.39,9,-22,-5
-36.2,8,-20,-3
-36.2,8,-20,-3
-36.2,8,-20,-3
-31.675,9,-25,-6
-32.58,9,-24,-5
-32.58,9,-24,-5
-34.39,9,-22,-5
-37.105,9,-19,-5
-37.105,9,-19,-5
-35.295,9,-21,-5
-37.105,9,-19,-5
-37.105,10,-19,-6
-37.105,9,-19,-6
-35.295,9,-21,-5
-37.105,10,-19,-6
-36.2,8,-20,-5
-34.39,8,-22,-4
-38.01,8,-18,-4
-38.01,8,-18,-4
-38.01,8,-18,-4
-38.01,8,-18,-4
-38.01,8,-18,-4
-38.01,8,-18,-3
-36.2,8,-20,-3
-36.2,7,-20,-2
-38.01,8,-18,-3
-38.01,8,-18,-4
-32.58,6,-24,-4
-32.58,6,-24,-4
-32.58,6,-24,-4
-32.58,6,-24,-4
-32.58,6,-24,-3
-32.58,6,-24,-4
-32.58,7,-24,-3
-32.58,6,-24,-4
-32.58,7,-24,-3
-32.58,6,-24,-3
-38.01,8,-18,-4
-30.77,7,-26,-4
-38.01,8,-18,-4
-38.01,8,-18,-4
-38.01,8,-18,-4
-38.01,8,-18,-4
-38.01,8,-18,-4
-38.01,8,-18,-4
-38.01,8,-18,-4
-38.01,8,-18,-4
-28.96,6,-28,-3
-28.96,6,-28,-3
-31.675,7,-25,-2
-24.435,6,-33,-3
-27.15,6,-30,-2
-27.15,6,-30,-4
-27.15,6,-30,-4
-28.96,6,-28,-3
-27.15,6,-30,-4
-31.675,7,-25,-2
-31.675,8,-25,-5
-35.295,9,-21,-6
-32.58,9,-24,-5
-35.295,9,-21,-5
-35.295,8,-21,-4
-32.58,8,-24,-3
-35.295,8,-21,-5
-35.295,8,-21,-4
-36.2,9,-20,-5
-35.295,8,-21,-4
-30.77,6,-26,-2
-34.39,7,-22,-3
-34.39,7,-22,-3
-34.39,7,-22,-2
-34.39,7,-22,-3
-32.58,7,-24,-2
-34.39,7,-22,-2
-27.15,6,-30,-3
-27.15,6,-30,-2
-34.39,7,-22,-2
-28.96,6,-28,-2
-30.77,7,-26,-4
-29.865,7,-27,-4
-28.96,6,-28,-2
-29.865,7,-27,-3
-29.865,7,-27,-3
-29.865,7,-27,-3
-29.865,7,-27,-3
-30.77,7,-26,-3
-28.96,6,-28,-2
-36.2,8,-20,-3
-38.01,9,-18,-4
-36.2,9,-20,-5
-36.2,9,-20,-4
-34.39,8,-22,-4
-36.2,9,-20,-5
-36.2,10,-20,-6
-32.58,8,-24,-4
-36.2,9,-20,-5
-36.2,8,-20,-3
-30.77,6,-26,-4
-30.77,6,-26,-4
-30.77,6,-26,-4
-25.34,5,-32,-3
-30.77,6,-26,-4
-30.77,6,-26,-4
-30.77,6,-26,-4
-30.77,6,-26,-4
-27.15,5,-30,-3
-30.77,6,-26,-4
-30.77,7,-26,-3
-37.105,8,-19,-4
-28.96,7,-28,-3
-28.96,7,-26,-3
-30.77,7,-26,-3
-31.675,7,-25,-2
-30.77,7,-26,-3
-28.96,7,-28,-4
-31.675,7,-25,-3
-28.96,7,-28,-3
-31.675,8,-25,-5
-30.77,8,-26,-4
-31.675,8,-25,-5
-30.77,8,-26,-4
-30.77,8,-26,-4
-32.58,9,-24,-6
-32.58,9,-24,-5
-30.77,8,-26,-4
-32.58,9,-24,-6
-31.675,8,-25,-5
-29.865,7,-27,-3
-26.245,6,-31,-4
-30.77,7,-26,-4
-26.245,6,-31,-4
-30.77,7,-26,-4
-30.77,7,-26,-4
-30.77,7,-26,-4
-30.77,7,-26,-4
-26.245,6,-31,-4
-30.77,7,-26,-4
-38.01,10,-18,-6
-38.915,11,-17,-7
-39.82,12,-16,-8
-40.725,12,-15,-8
-39.82,12,-16,-8
-38.01,10,-18,-6
-37.105,10,-19,-6
-37.105,10,-19,-6
-39.82,12,-16,-8
-38.01,11,-18,-7
-37.105,8,-19,-3
-34.39,7,-22,-3
-35.295,8,-21,-4
-35.295,8,-21,-4
-38.01,9,-18,-4
-35.295,8,-21,-4
-38.01,9,-18,-4
-35.295,8,-21,-4
-38.01,9,-18,-4
-37.105,9,-19,-5
-32.58,8,-24,-5
-35.295,8,-21,-4
-32.58,8,-24,-5
-31.675,8,-25,-4
-30.77,7,-26,-4
-30.77,6,-26,-3
-35.295,8,-21,-4
-31.675,8,-25,-4
-30.77,6,-26,-3
-33.485,8,-23,-4
-44.345,12,-11,-8
-47.06,13,-8,-9
-47.06,13,-8,-9
-44.345,12,-11,-8
-44.345,12,-11,-8
-47.06,13,-8,-9
-44.345,12,-11,-8
-41.63,11,-14,-7
-44.345,12,-11,-8
-44.345,12,-11,-8
-32.58,7,-24,-3
-34.39,8,-22,-3
-32.58,7,-24,-3
-34.39,7,-22,-3
-32.58,7,-24,-3
-32.58,8,-24,-3
-32.58,7,-24,-3
-34.39,8,-22,-3
-36.2,7,-20,-4
-34.39,7,-22,-3
-35.295,8,-21,-3
-39.82,10,-16,-5
-34.39,7,-22,-4
-39.82,9,-16,-4
-34.39,7,-22,-4
-34.39,7,-22,-4
-37.105,8,-19,-3
-34.39,7,-22,-4
-35.295,8,-21,-3
-37.105,8,-19,-3
-30.77,6,-26,-2
-27.15,5,-30,-2
-30.77,6,-26,-2
-28.96,6,-28,-3
-30.77,6,-26,-2
-28.96,6,-28,-3
-28.96,6,-28,-3
-30.77,6,-26,-2
-30.77,6,-26,-2
-30.77,6,-26,-2
-30.77,6,-26,-2
-30.77,6,-26,-2
-30.77,6,-26,-3
-25.34,5,-32,-2
-30.77,6,-26,-3
-30.77,6,-26,-3
-30.77,6,-26,-3
-23.53,5,-34,-2
-25.34,5,-32,-2
-30.77,6,-26,-3
-27.15,7,-30,-5
-25.34,5,-32,-4
-27.15,7,-30,-5
-27.15,7,-30,-5
-30.77,7,-26,-5
-23.53,6,-34,-2
-28.055,7,-29,-4
-25.34,5,-32,-3
-25.34,6,-32,-5
-27.15,6,-30,-5
-34.39,8,-22,-5
-34.39,8,-22,-5
-34.39,8,-22,-5
-34.39,8,-22,-5
-34.39,8,-22,-5
-34.39,8,-22,-5
-34.39,8,-22,-5
-34.39,8,-22,-5
-34.39,8,-22,-5
-34.39,8,-22,-5
-40.725,9,-15,-6
-39.82,9,-16,-5
-36.2,8,-20,-4
-40.725,9,-15,-6
-40.725,9,-15,-6
-39.82,9,-16,-5
-40.725,9,-15,-6
-39.82,9,-16,-5
-37.105,9,-19,-5
-40.725,9,-15,-6
-34.39,8,-22,-4
-35.295,9,-21,-5
-35.295,9,-21,-5
-35.295,9,-21,-5
-35.295,9,-21,-5
-35.295,9,-21,-5
-35.295,9,-21,-5
-35.295,9,-21,-5
-35.295,9,-21,-5
-34.39,8,-22,-4
-27.15,6,-30,-3
-27.15,6,-30,-2
-27.15,6,-30,-2
-28.96,7,-28,-3
-27.15,6,-30,-2
-28.96,7,-28,-4
-25.34,6,-32,-3
-28.96,7,-28,-4
-28.96,7,-28,-3
-28.96,7,-28,-3
-31.675,8,-25,-4
-31.675,8,-25,-4
-31.675,8,-25,-4
-31.675,8,-25,-4
-31.675,8,-25,-4
-31.675,8,-25,-4
-31.675,8,-25,-4
-31.675,8,-25,-4
-31.675,8,-25,-4
-31.675,8,-25,-4
-35.295,10,-21,-5
-38.01,11,-18,-6
-40.725,12,-15,-7
-37.105,12,-19,-7
-41.63,11,-14,-7
-39.82,11,-16,-6
-42.535,12,-13,-8
-41.63,11,-14,-7
-34.39,9,-22,-4
-40.725,12,-15,-7
-33.485,7,-23,-3
-33.485,7,-23,-3
-33.485,7,-23,-3
-33.485,7,-23,-3
-33.485,7,-23,-3
-33.485,7,-23,-3
-32.58,7,-24,-4
-33.485,7,-23,-3
-33.485,7,-23,-3
-33.485,8,-23,-3
-33.485,8,-23,-5
-29.865,7,-27,-2
-37.105,10,-19,-7
-29.865,7,-27,-4
-30.77,7,-26,-3
-31.675,8,-25,-4
-30.77,8,-26,-3
-36.2,9,-20,-6
-29.865,7,-27,-2
-31.675,8,-25,-4
-30.77,7,-26,-3
-30.77,7,-26,-3
-30.77,7,-26,-3
-30.77,7,-26,-3
-30.77,7,-26,-3
-30.77,7,-26,-3
-30.77,7,-26,-3
-30.77,7,-26,-3
-30.77,7,-26,-3
-30.77,7,-26,-3
-30.77,8,-26,-4
-37.105,9,-19,-4
-36.2,9,-20,-4
-37.105,9,-19,-4
-37.105,9,-19,-4
-37.105,9,-19,-4
-37.105,9,-19,-4
-34.39,9,-22,-4
-37.105,9,-19,-4
-37.105,9,-19,-4
-41.63,11,-14,-7
-41.63,11,-14,-7
-39.82,10,-16,-6
-41.63,11,-14,-7
-41.63,11,-14,-7
-41.63,11,-14,-6
-41.63,11,-14,-7
-37.105,10,-19,-6
-37.105,10,-19,-5
-41.63,11,-14,-7
-32.58,8,-24,-3
-25.34,6,-32,-1
-29.865,7,-27,-3
-29.865,7,-27,-3
-29.865,7,-27,-3
-29.865,7,-27,-3
-30.77,8,-26,-3
-31.675,8,-25,-3
-29.865,7,-27,-3
-28.96,7,-28,-3
-34.39,7,-22,-3
-34.39,8,-22,-4
-36.2,8,-20,-4
-36.2,8,-20,-4
-34.39,7,-22,-3
-36.2,8,-20,-4
-34.39,7,-22,-3
-34.39,8,-22,-4
-34.39,7,-22,-3
-34.39,7,-22,-3
-25.34,6,-32,-3
-25.34,6,-32,-3
-25.34,6,-32,-3
-25.34,6,-32,-3
-27.15,6,-30,-3
-21.72,5,-36,-1
-25.34,6,-32,-3
-23.53,5,-34,-2
-25.34,6,-32,-3
-27.15,6,-30,-3
-32.58,6,-24,-4
-33.485,7,-23,-4
-33.485,7,-23,-4
-29.865,7,-27,-3
-27.15,5,-30,-2
-27.15,5,-30,-2
-33.485,7,-23,-4
-27.15,5,-30,-2
-27.15,5,-30,-2
-32.58,6,-24,-4
-31.675,7,-25,-3
-31.675,7,-25,-3
-29.865,8,-27,-4
-31.675,7,-25,-3
-31.675,7,-25,-3
-31.675,7,-25,-3
-29.865,7,-27,-3
-31.675,7,-25,-3
-29.865,7,-27,-3
-30.77,7,-26,-3
-37.105,8,-19,-5
-35.295,9,-21,-5
-40.725,10,-15,-7
-35.295,8,-21,-4
-40.725,10,-15,-7
-35.295,8,-21,-4
-40.725,10,-15,-7
-35.295,8,-21,-4
-35.295,8,-21,-4
-40.725,10,-15,-7
-42.535,9,-13,-5
-42.535,9,-13,-5
-42.535,9,-13,-5
-42.535,9,-13,-5
-39.82,9,-16,-5
-35.295,7,-21,-3
-42.535,9,-13,-5
-35.295,8,-21,-5
-36.2,7,-20,-3
-42.535,9,-13,-5
-31.675,7,-25,-4
-31.675,7,-25,-4
-31.675,7,-25,-4
-29.865,7,-27,-4
-31.675,7,-25,-4
-31.675,7,-25,-4
-29.865,7,-27,-4
-32.58,7,-24,-5
-31.675,7,-25,-4
-29.865,7,-27,-4
-38.01,9,-18,-4
-45.25,10,-10,-5
-40.725,9,-15,-5
-39.82,9,-16,-5
-45.25,10,-10,-5
-41.63,10,-14,-6
-41.63,10,-14,-6
-40.725,9,-15,-5
-39.82,9,-16,-5
-41.63,10,-14,-6
-25.34,6,-32,-2
-25.34,6,-32,-2
-23.53,5,-34,-1
-25.34,6,-32,-2
-25.34,6,-32,-2
-23.53,5,-34,-2
-25.34,6,-32,-2
-27.15,6,-30,-2
-25.34,6,-32,-2
-27.15,6,-30,-2
-30.77,7,-26,-4
-30.77,6,-26,-3
-30.77,7,-26,-3
-28.96,7,-28,-3
-30.77,6,-26,-2
-30.77,7,-26,-3
-28.96,7,-28,-3
-28.96,7,-28,-4
-30.77,7,-26,-4
-30.77,6,-26,-2
-21.72,5,-36,-3
-21.72,4,-36,-1
-21.72,5,-36,-2
-21.72,5,-36,-2
-21.72,5,-36,-3
-21.72,4,-36,-1
-21.72,5,-36,-2
-16.29,3,-42,-1
-21.72,5,-36,-2
-21.72,5,-36,-3
-47.965,14,-7,-10
-47.965,13,-7,-9
-47.06,12,-8,-8
-47.06,13,-8,-9
-47.965,14,-7,-10
-47.06,12,-8,-8
-47.06,13,-8,-9
-47.06,12,-8,-8
-47.965,13,-7,-9
-47.965,13,-7,-9
-34.39,7,-22,-4
-32.58,8,-24,-5
-33.485,7,-23,-3
-33.485,7,-23,-3
-33.485,7,-23,-3
-33.485,7,-23,-3
-33.485,7,-23,-3
-33.485,7,-23,-3
-33.485,7,-23,-3
-33.485,7,-23,-3
-43.44,12,-12,-9
-43.44,12,-12,-9
-43.44,12,-12,-9
-40.725,11,-15,-8
-43.44,12,-12,-9
-41.63,12,-14,-9
-41.63,12,-14,-9
-44.345,13,-11,-10
-44.345,13,-11,-10
-44.345,13,-11,-10
-35.295,9,-21,-4
-37.105,10,-19,-6
-36.2,9,-20,-5
-35.295,9,-21,-4
-37.105,10,-19,-6
-37.105,10,-19,-6
-30.77,8,-26,-4
-31.675,7,-25,-3
-28.055,7,-29,-4
-37.105,10,-19,-6
-43.44,9,-12,-4
-43.44,9,-12,-4
-43.44,9,-12,-4
-36.2,7,-20,-3
-43.44,9,-12,-4
-43.44,9,-12,-4
-43.44,9,-12,-4
-43.44,9,-12,-4
-43.44,9,-12,-4
-43.44,9,-12,-4
-40.725,9,-15,-4
-33.485,8,-23,-4
-40.725,9,-15,-4
-34.39,9,-22,-5
-40.725,9,-15,-4
-32.58,7,-24,-4
-40.725,9,-15,-4
-40.725,9,-15,-4
-33.485,8,-23,-4
-33.485,8,-23,-4
-25.34,5,-32,-2
-28.96,6,-28,-3
-21.72,5,-36,-1
-28.96,6,-28,-2
-28.96,6,-28,-3
-23.53,5,-34,-1
-28.96,6,-28,-3
-27.15,6,-30,-2
-28.96,6,-28,-3
-28.96,6,-28,-2
-33.485,8,-23,-5
-33.485,9,-23,-4
-34.39,9,-22,-4
-34.39,9,-22,-4
-34.39,8,-22,-3
-35.295,9,-21,-4
-33.485,9,-23,-4
-33.485,9,-23,-4
-34.39,9,-22,-4
-33.485,9,-23,-4
-34.39,8,-22,-4
-34.39,8,-22,-4
-34.39,8,-22,-4
-34.39,8,-22,-4
-33.485,7,-23,-4
-34.39,8,-22,-4
-34.39,8,-22,-4
-34.39,8,-22,-4
-34.39,8,-22,-4
-34.39,8,-22,-4
-41.63,11,-14,-6
-41.63,11,-14,-6
-40.725,11,-15,-7
-41.63,11,-14,-6
-41.63,11,-14,-6
-41.63,11,-14,-6
-41.63,11,-14,-6
-41.63,11,-14,-6
-40.725,11,-15,-7
-41.63,11,-14,-6
-30.77,6,-26,-3
-36.2,8,-20,-4
-39.82,10,-16,-6
-32.58,7,-24,-3
-30.77,6,-26,-3
-39.82,10,-16,-6
-39.82,10,-16,-6
-32.58,7,-24,-3
-39.82,10,-16,-6
-38.01,9,-18,-5
-20.815,4,-37,-1
-20.815,4,-37,0
-20.815,4,-37,0
-20.815,4,-37,0
-20.815,4,-37,0
-20.815,4,-37,-1
-19.91,4,-38,-1
-20.815,4,-37,-1
-20.815,4,-37,0
-20.815,4,-37,-1
-38.915,9,-17,-5
-35.295,8,-21,-4
-38.915,9,-17,-5
-39.82,9,-16,-5
-38.915,9,-17,-5
-38.915,9,-17,-5
-38.915,9,-17,-5
-38.915,9,-17,-5
-38.915,9,-17,-5
-38.915,9,-17,-5
-29.865,6,-27,-3
-29.865,6,-27,-3
-29.865,6,-27,-3
-29.865,6,-27,-3
-29.865,6,-27,-3
-29.865,6,-27,-3
-28.96,6,-28,-3
-29.865,6,-27,-3
-29.865,6,-27,-3
-29.865,6,-27,-3
-27.15,6,-30,-3
-27.15,6,-30,-3
-25.34,5,-32,-3
-23.53,5,-34,-3
-25.34,5,-32,-3
-27.15,6,-30,-3
-27.15,6,-30,-3
-27.15,6,-30,-3
-27.15,6,-30,-3
-25.34,5,-32,-3
-41.63,10,-14,-5
-41.63,10,-14,-5
-41.63,10,-14,-5
-41.63,10,-14,-5
-41.63,10,-14,-5
-41.63,10,-14,-5
-41.63,10,-14,-5
-41.63,10,-14,-5
-41.63,10,-14,-5
-38.915,9,-17,-5
