-48.87,12,-6,-5
-48.87,12,-6,-6
-48.87,12,-6,-6
-48.87,12,-6,-6
-48.87,12,-6,-5
-45.25,11,-10,-3
-48.87,12,-6,-5
-48.87,12,-6,-5
-48.87,12,-6,-5
-48.87,12,-6,-5
-45.25,11,-10,-3
-46.155,12,-9,-5
-46.155,12,-9,-4
-45.25,11,-10,-4
-45.25,11,-10,-4
-45.25,11,-10,-3
-46.155,12,-9,-4
-46.155,12,-9,-4
-46.155,12,-9,-5
-45.25,11,-10,-4
-50.68,13,-4,-6
-49.775,13,-5,-7
-50.68,12,-4,-6
-50.68,13,-4,-6
-50.68,13,-4,-6
-45.25,11,-10,-3
-50.68,12,-4,-6
-48.87,12,-6,-6
-50.68,12,-4,-6
-50.68,13,-4,-6
-45.25,11,-10,-3
-47.06,11,-8,-3
-46.155,11,-9,-4
-47.06,11,-8,-3
-45.25,11,-10,-3
-46.155,11,-9,-4
-46.155,11,-9,-4
-44.345,11,-11,-4
-46.155,10,-9,-2
-44.345,11,-11,-4
-50.68,12,-4,-4
-50.68,12,-4,-4
-50.68,12,-4,-4
-50.68,12,-4,-4
-51.585,12,-3,-5
-51.585,13,-3,-6
-51.585,12,-3,-5
-50.68,12,-4,-4
-51.585,12,-3,-4
-50.68,12,-4,-4
-40.725,8,-15,-2
-44.345,10,-11,-3
-40.725,8,-15,-2
-41.63,9,-14,-1
-40.725,8,-15,-2
-42.535,10,-13,-2
-41.63,9,-14,-1
-41.63,9,-14,-2
-40.725,8,-15,-2
-41.63,9,-14,-2
-47.06,11,-8,-3
-49.775,11,-5,-4
-51.585,12,-3,-5
-51.585,12,-3,-5
-50.68,12,-4,-4
-51.585,12,-3,-5
-50.68,11,-4,-4
-46.155,11,-9,-2
-51.585,12,-3,-5
-51.585,12,-3,-4
-47.06,11,-8,-4
-48.87,11,-6,-4
-48.87,11,-6,-4
-47.06,11,-8,-4
-48.87,11,-6,-4
-47.06,12,-8,-5
-48.87,11,-6,-4
-48.87,11,-6,-4
-48.87,11,-6,-4
-47.06,11,-8,-4
-45.25,10,-10,-2
-47.965,12,-7,-5
-47.965,11,-7,-4
-47.965,11,-7,-4
-45.25,10,-10,-2
-47.965,11,-7,-4
-47.965,11,-7,-4
-47.965,11,-7,-4
-47.965,11,-7,-4
-45.25,10,-10,-2
-48.87,12,-6,-4
-47.965,11,-7,-3
-48.87,12,-6,-3
-48.87,12,-6,-4
-47.06,10,-8,-1
-47.965,11,-7,-3
-43.44,11,-12,-2
-48.87,12,-6,-3
-48.87,12,-6,-4
-48.87,12,-6,-4
-44.345,11,-11,-4
-44.345,11,-11,-4
-44.345,11,-11,-4
-44.345,10,-11,-4
-48.87,11,-6,-5
-48.87,11,-6,-5
-44.345,11,-11,-4
-48.87,11,-6,-5
-44.345,11,-11,-4
-43.44,10,-12,-2
-44.345,9,-11,-1
-44.345,9,-11,-1
-44.345,9,-11,-1
-44.345,9,-11,-4
-44.345,9,-11,-1
-43.44,11,-12,-4
-43.44,10,-12,-4
-44.345,9,-11,-1
-44.345,9,-11,-1
-43.44,10,-12,-4
-43.44,10,-12,-1
-45.25,12,-10,-2
-46.155,11,-9,-3
-45.25,12,-10,-2
-44.345,10,-11,-3
-46.155,11,-9,-2
-51.585,14,-3,-5
-41.63,11,-14,-2
-42.535,11,-13,-3
-46.155,11,-9,-2
-44.345,10,-11,-1
-43.44,9,-12,-1
-44.345,10,-11,-2
-44.345,10,-11,-2
-41.63,10,-14,-3
-44.345,10,-11,-1
-44.345,10,-11,-2
-44.345,10,-11,-2
-44.345,10,-11,-1
-43.44,9,-12,-1
-47.965,11,-7,-5
-45.25,11,-10,-2
-46.155,11,-9,-4
-47.06,11,-8,-6
-46.155,11,-9,-4
-45.25,11,-10,-4
-47.06,10,-8,-4
-46.155,10,-9,-4
-47.06,11,-8,-4
-44.345,10,-11,-3
-42.535,10,-13,-3
-42.535,10,-13,-3
-40.725,10,-15,-3
-40.725,10,-15,-3
-36.2,9,-20,-2
-42.535,10,-13,-4
-42.535,10,-13,-4
-40.725,10,-15,-3
-42.535,10,-13,-3
-42.535,10,-13,-4
-49.775,11,-5,-4
-48.87,11,-6,-6
-50.68,11,-4,-5
-50.68,11,-4,-5
-49.775,11,-5,-4
-49.775,11,-5,-4
-50.68,11,-4,-5
-49.775,11,-5,-4
-50.68,11,-4,-5
-50.68,11,-4,-5
-48.87,10,-6,-3
-48.87,10,-6,-3
-48.87,10,-6,-3
-48.87,10,-6,-3
-48.87,10,-6,-3
-48.87,10,-6,-3
-47.965,11,-7,-4
-48.87,10,-6,-3
-48.87,10,-6,-3
-48.87,10,-6,-3
-41.63,11,-14,-4
-42.535,10,-13,-4
-41.63,11,-14,-4
-47.06,11,-8,-4
-41.63,11,-14,-4
-42.535,10,-13,-4
-41.63,11,-14,-3
-40.725,10,-15,-2
-47.06,11,-8,-3
-42.535,9,-13,-1
-53.395,12,-1,-3
-50.68,12,-4,-4
-53.395,12,-1,-3
-53.395,12,-1,-3
-53.395,12,-1,-3
-53.395,12,-1,-3
-53.395,12,-1,-3
-50.68,12,-4,-4
-53.395,12,-1,-3
-53.395,12,-1,-3
-49.775,11,-5,-4
-45.25,10,-10,-2
-47.06,10,-8,-3
-49.775,11,-5,-4
-49.775,11,-5,-4
-49.775,11,-5,-4
-49.775,11,-5,-4
-45.25,10,-10,-2
-48.87,12,-6,-3
-45.25,10,-10,-2
-46.155,11,-9,-3
-42.535,10,-13,-1
-45.25,10,-10,-2
-51.585,13,-3,-6
-48.87,12,-6,-6
-47.965,11,-7,-5
-47.965,12,-7,-4
-45.25,10,-10,-3
-43.44,10,-12,-4
-45.25,10,-10,-3
-50.68,12,-4,-5
-47.06,12,-8,-6
-47.06,11,-8,-4
-50.68,12,-4,-5
-51.585,13,-3,-6
-51.585,13,-3,-6
-44.345,11,-11,-3
-47.06,11,-8,-4
-47.06,11,-8,-4
-51.585,13,-3,-7
-43.44,9,-12,-2
-38.915,9,-17,-2
-43.44,9,-12,-2
-43.44,9,-12,-2
-43.44,9,-12,-2
-43.44,9,-12,-2
-42.535,10,-13,-3
-43.44,9,-12,-2
-43.44,9,-12,-2
-43.44,9,-12,-2
-44.345,10,-11,-3
-42.535,9,-13,-2
-42.535,9,-13,-2
-43.44,9,-12,-2
-41.63,9,-14,-3
-41.63,10,-14,-4
-42.535,9,-13,-2
-42.535,9,-13,-2
-42.535,9,-13,-2
-42.535,9,-13,-2
-42.535,9,-13,-2
-39.82,10,-16,-4
-40.725,8,-15,-2
-42.535,9,-13,-2
-42.535,9,-13,-4
-42.535,9,-13,-3
-43.44,11,-12,-4
-43.44,11,-12,-3
-40.725,8,-15,-4
-48.87,11,-6,-5
-41.63,9,-14,-2
-43.44,10,-12,-2
-41.63,9,-14,-3
-43.44,10,-12,-3
-36.2,8,-20,-2
-43.44,10,-12,-2
-43.44,10,-12,-3
-43.44,10,-12,-3
-43.44,10,-12,-3
-43.44,10,-12,-2
-46.155,10,-9,-2
-47.965,11,-7,-6
-46.155,10,-9,-2
-45.25,10,-10,-2
-46.155,10,-9,-2
-46.155,10,-9,-2
-46.155,10,-9,-2
-44.345,11,-11,-3
-47.965,11,-7,-6
-44.345,11,-11,-3
-45.25,10,-10,-4
-46.155,10,-9,-3
-46.155,10,-9,-3
-46.155,10,-9,-2
-47.06,11,-8,-2
-50.68,11,-4,-4
-47.06,11,-8,-3
-46.155,10,-9,-2
-47.06,11,-8,-3
-50.68,11,-4,-4
-49.775,11,-5,-1
-50.68,12,-4,-3
-49.775,11,-5,-1
-47.06,11,-8,-3
-50.68,12,-4,-3
-52.49,12,-2,-3
-47.06,11,-8,-3
-50.68,12,-4,-2
-49.775,11,-5,-1
-50.68,12,-4,-2
-54.3,12,0,-4
-54.3,12,0,-4
-54.3,12,0,-4
-54.3,12,0,-4
-54.3,12,0,-4
-54.3,12,0,-4
-54.3,12,0,-4
-54.3,12,0,-4
-54.3,12,0,-4
-54.3,12,0,-4
-47.06,10,-8,-3
-48.87,10,-6,-1
-47.06,10,-8,-3
-47.06,10,-8,-3
-47.06,10,-8,-3
-48.87,10,-6,-1
-47.06,10,-8,-3
-47.06,10,-8,-3
-51.585,13,-3,-5
-46.155,10,-9,-2
-40.725,8,-15,0
-40.725,8,-15,0
-40.725,8,-15,0
-40.725,8,-15,0
-40.725,8,-15,0
-43.44,10,-12,-5
-40.725,8,-15,0
-40.725,8,-15,0
-37.105,7,-19,0
-40.725,8,-15,0
-46.155,11,-9,-4
-47.06,11,-8,-5
-47.06,11,-8,-5
-45.25,11,-10,-6
-45.25,11,-10,-6
-46.155,11,-9,-4
-42.535,10,-13,-4
-46.155,11,-9,-4
-46.155,11,-9,-4
-47.06,11,-8,-5
-40.725,9,-15,-1
-46.155,10,-9,-3
-46.155,10,-9,-3
-46.155,10,-9,-3
-46.155,10,-9,-3
-46.155,10,-9,-3
-46.155,10,-9,-3
-46.155,10,-9,-3
-46.155,10,-9,-3
-46.155,10,-9,-3
-47.06,11,-8,-3
-45.25,10,-10,-2
-45.25,10,-10,-2
-47.06,11,-8,-3
-45.25,10,-10,-2
-45.25,10,-10,-2
-45.25,10,-10,-2
-45.25,10,-10,-2
-47.06,11,-8,-3
-47.06,11,-8,-3
-45.25,11,-10,-5
-46.155,12,-9,-6
-45.25,11,-10,-5
-46.155,12,-9,-6
-44.345,11,-11,-5
-45.25,11,-10,-5
-45.25,11,-10,-5
-45.25,11,-10,-5
-46.155,12,-9,-6
-41.63,10,-14,-4
-47.965,11,-7,-3
-47.06,11,-8,-3
-47.06,11,-8,-3
-47.06,11,-8,-3
-47.965,11,-7,-2
-47.06,11,-8,-3
-47.06,11,-8,-3
-47.965,11,-7,-3
-47.06,11,-8,-3
-47.06,11,-8,-3
-41.63,9,-14,-3
-41.63,9,-14,-3
-41.63,9,-14,-3
-40.725,8,-15,-2
-40.725,8,-15,-2
-41.63,9,-14,-2
-41.63,9,-14,-3
-40.725,8,-15,-1
-41.63,9,-14,-2
-42.535,9,-13,-1
-44.345,10,-11,-3
-47.06,11,-8,-3
-44.345,10,-11,-3
-42.535,9,-13,-1
-44.345,10,-11,-3
-44.345,10,-11,-3
-47.965,11,-7,-5
-44.345,10,-11,-3
-40.725,10,-15,-4
-48.87,12,-6,-2
-47.06,11,-8,-3
-47.06,11,-8,-3
-47.06,11,-8,-3
-47.06,11,-8,-3
-43.44,9,-12,-3
-47.06,11,-8,-3
-47.06,11,-8,-3
-47.06,11,-8,-4
-47.06,11,-8,-4
-43.44,9,-12,-3
-40.725,10,-15,-2
-42.535,10,-13,-3
-44.345,11,-11,-3
-48.87,12,-6,-6
-44.345,11,-11,-3
-45.25,11,-10,-5
-44.345,11,-11,-3
-40.725,9,-15,-2
-42.535,10,-13,-4
-47.965,14,-7,-8
-43.44,10,-12,-4
-43.44,10,-12,-4
-43.44,10,-12,-4
-43.44,10,-12,-4
-43.44,10,-12,-4
-43.44,10,-12,-4
-43.44,10,-12,-4
-43.44,10,-12,-4
-43.44,10,-12,-4
-43.44,10,-12,-4
-47.06,11,-8,-3
-46.155,11,-9,-5
-46.155,11,-9,-5
-46.155,11,-9,-5
-46.155,11,-9,-5
-41.63,10,-14,-3
-46.155,11,-9,-5
-46.155,11,-9,-5
-45.25,10,-10,-5
-46.155,11,-9,-5
-38.915,8,-17,-1
-40.725,9,-15,-2
-40.725,9,-15,-2
-38.01,8,-18,-2
-40.725,9,-15,-4
-40.725,9,-15,-4
-40.725,9,-15,-2
-40.725,9,-15,-2
-41.63,9,-14,-2
-37.105,8,-19,-3
-45.25,10,-10,-3
-47.965,11,-7,-4
-47.965,11,-7,-4
-48.87,11,-6,-3
-46.155,12,-9,-4
-45.25,10,-10,-3
-49.775,11,-5,-5
-47.965,11,-7,-4
-47.965,11,-7,-4
-50.68,13,-4,-4
-48.87,12,-6,-5
-47.965,11,-7,-3
-48.87,10,-6,-2
-44.345,10,-11,-3
-44.345,10,-11,-3
-47.965,11,-7,-3
-47.965,11,-7,-3
-48.87,12,-6,-5
-48.87,12,-6,-5
-46.155,10,-9,-3
-41.63,9,-14,-3
-40.725,10,-15,-1
-44.345,11,-11,-3
-41.63,9,-14,-3
-38.01,8,-18,-2
-41.63,9,-14,-3
-41.63,9,-14,-3
-40.725,10,-15,-1
-41.63,9,-14,-3
-39.82,9,-16,-1
-43.44,10,-12,-2
-42.535,11,-13,-2
-46.155,11,-9,-5
-42.535,11,-13,-5
-43.44,10,-12,-2
-42.535,10,-13,-1
-47.06,11,-8,-2
-48.87,11,-6,-2
-47.06,11,-8,-3
-47.06,11,-8,-1
-42.535,10,-13,-4
-42.535,10,-13,-4
-42.535,10,-13,-4
-42.535,10,-13,-4
-54.3,12,0,-2
-42.535,10,-13,-4
-47.06,11,-8,-3
-42.535,10,-13,-4
-42.535,10,-13,-4
-42.535,10,-13,-4
-38.915,9,-17,-1
-37.105,8,-19,-1
-38.01,9,-18,-2
-38.915,8,-17,-2
-38.01,8,-18,-2
-38.01,8,-18,-2
-39.82,10,-16,-3
-39.82,9,-16,-3
-39.82,10,-16,-3
-37.105,7,-19,-2
-46.155,11,-9,-3
-46.155,11,-9,-6
-45.25,10,-10,-5
-46.155,11,-9,-5
-46.155,11,-9,-4
-45.25,10,-10,-5
-46.155,11,-9,-6
-46.155,11,-9,-5
-46.155,11,-9,-3
-46.155,11,-9,-5
-45.25,10,-10,-2
-45.25,10,-10,-2
-45.25,10,-10,-3
-45.25,10,-10,-2
-45.25,10,-10,-2
-45.25,10,-10,-4
-45.25,10,-10,-2
-45.25,10,-10,-3
-45.25,10,-10,-4
-45.25,10,-10,-2
-49.775,12,-5,-5
-49.775,12,-5,-5
-47.06,11,-8,-5
-47.06,11,-8,-5
-49.775,12,-5,-5
-49.775,12,-5,-5
-47.06,11,-8,-5
-47.06,11,-8,-5
-47.06,11,-8,-5
-45.25,11,-10,-6
-38.915,9,-17,-2
-37.105,8,-19,-2
-42.535,9,-13,-4
-45.25,11,-10,-3
-42.535,9,-13,-4
-41.63,10,-14,-3
-38.915,9,-17,-1
-37.105,9,-19,-2
-42.535,9,-13,-4
-42.535,9,-13,-4
-45.25,10,-10,-3
-44.345,10,-11,-4
-45.25,10,-10,-3
-45.25,10,-10,-3
-45.25,10,-10,-4
-45.25,10,-10,-3
-45.25,10,-10,-3
-43.44,9,-12,-3
-45.25,10,-10,-2
-45.25,10,-10,-4
-45.25,11,-10,-1
-46.155,10,-9,-2
-45.25,11,-10,-2
-46.155,10,-9,-2
-45.25,10,-10,0
-47.06,10,-8,-1
-46.155,10,-9,-2
-46.155,10,-9,-2
-44.345,10,-11,-2
-45.25,10,-10,0
-48.87,12,-6,-5
-49.775,12,-5,-6
-47.06,11,-8,-4
-46.155,11,-9,-4
-47.965,13,-7,-7
-47.06,12,-8,-4
-45.25,12,-10,-4
-49.775,12,-5,-5
-47.06,11,-8,-4
-47.06,11,-8,-4
-48.87,11,-6,-5
-43.44,10,-12,-5
-45.25,10,-10,-4
-47.06,11,-8,-6
-45.25,10,-10,-3
-43.44,9,-12,-4
-45.25,10,-10,-4
-47.06,11,-8,-6
-45.25,10,-10,-4
-43.44,10,-12,-5
-47.965,10,-7,-2
-47.965,10,-7,-2
-47.965,10,-7,-2
-47.965,10,-7,-2
-47.965,10,-7,-2
-44.345,9,-11,-1
-47.965,10,-7,-2
-47.965,10,-7,-2
-47.965,10,-7,-3
-47.965,10,-7,-2
-48.87,13,-6,-5
-47.965,12,-7,-3
-47.965,12,-7,-3
-47.965,12,-7,-4
-48.87,13,-6,-5
-47.965,12,-7,-3
-48.87,13,-6,-4
-47.965,12,-7,-4
-47.965,12,-7,-3
-48.87,13,-6,-5
-52.49,12,-2,-4
-52.49,12,-2,-4
-52.49,12,-2,-4
-52.49,12,-2,-4
-52.49,12,-2,-5
-49.775,12,-5,-2
-49.775,12,-5,-2
-52.49,12,-2,-4
-48.87,12,-6,-2
-52.49,12,-2,-4
-46.155,10,-9,-4
-47.06,11,-8,-4
-48.87,11,-6,-3
-47.965,10,-7,-4
-45.25,10,-10,-4
-47.06,11,-8,-4
-45.25,10,-10,-5
-45.25,10,-10,-4
-46.155,11,-9,-5
-48.87,11,-6,-3
-44.345,12,-11,-6
-42.535,12,-13,-6
-44.345,12,-11,-6
-43.44,11,-12,-5
-41.63,11,-14,-5
-47.06,11,-8,-4
-42.535,10,-13,-4
-42.535,10,-13,-4
-43.44,11,-12,-5
-42.535,10,-13,-4
-46.155,9,-9,-1
-43.44,8,-12,-2
-43.44,8,-12,-2
-43.44,8,-12,-2
-46.155,9,-9,-1
-46.155,9,-9,-1
-43.44,8,-12,-2
-43.44,8,-12,-2
-43.44,8,-12,-2
-43.44,8,-12,-2
-43.44,9,-12,-1
-43.44,9,-12,-1
-44.345,10,-11,-2
-43.44,9,-12,-1
-46.155,10,-9,-2
-46.155,10,-9,-2
-46.155,10,-9,-2
-46.155,10,-9,-2
-45.25,10,-10,-2
-45.25,10,-10,-2
-47.965,12,-7,-4
-48.87,11,-6,-3
-48.87,11,-6,-3
-48.87,11,-6,-3
-48.87,11,-6,-3
-47.965,11,-7,-3
-48.87,11,-6,-3
-48.87,11,-6,-2
-48.87,11,-6,-3
-47.965,12,-7,-3
-41.63,9,-14,-1
-40.725,9,-15,-1
-39.82,10,-16,-3
-41.63,9,-14,-1
-41.63,9,-14,-1
-41.63,9,-14,-1
-39.82,10,-16,-3
-41.63,9,-14,-1
-41.63,9,-14,-1
-39.82,9,-16,-2
-44.345,10,-11,-4
-46.155,11,-9,-3
-47.965,12,-7,-5
-47.965,12,-7,-5
-48.87,13,-6,-5
-50.68,13,-4,-4
-48.87,13,-6,-5
-47.965,12,-7,-5
-45.25,12,-10,-3
-48.87,13,-6,-5
-43.44,9,-12,-2
-43.44,9,-12,-2
-44.345,10,-11,-3
-44.345,10,-11,-3
-38.01,8,-18,-2
-43.44,9,-12,-2
-43.44,9,-12,-2
-47.06,11,-8,-4
-44.345,10,-11,-2
-44.345,10,-11,-3
-44.345,11,-11,-5
-44.345,11,-11,-5
-43.44,11,-12,-4
-44.345,11,-11,-5
-43.44,11,-12,-4
-43.44,11,-12,-4
-44.345,11,-11,-4
-42.535,12,-13,-5
-45.25,11,-10,-6
-44.345,11,-11,-5
-40.725,9,-15,-3
-40.725,9,-15,-3
-40.725,9,-15,-3
-46.155,11,-9,-3
-40.725,9,-15,-3
-47.965,11,-7,-4
-47.965,11,-7,-4
-40.725,9,-15,-3
-40.725,9,-15,-3
-47.965,11,-7,-5
-50.68,12,-4,-3
-51.585,12,-3,-3
-50.68,12,-4,-3
-50.68,12,-4,-3
-50.68,12,-4,-3
-50.68,12,-4,-3
-50.68,12,-4,-3
-50.68,12,-4,-3
-51.585,12,-3,-2
-50.68,12,-4,-3
-46.155,11,-9,-3
-50.68,12,-4,-4
-50.68,12,-4,-4
-47.06,11,-8,-2
-47.06,11,-8,-2
-49.775,12,-5,-3
-46.155,11,-9,-3
-47.06,11,-8,-2
-47.06,11,-8,-2
-50.68,12,-4,-4
-47.965,11,-7,-4
-52.49,12,-2,-3
-52.49,12,-2,-3
-47.965,11,-7,-4
-52.49,12,-2,-3
-47.965,11,-7,-4
-52.49,12,-2,-3
-52.49,12,-2,-3
-52.49,12,-2,-3
-47.965,11,-7,-4
-47.06,11,-8,-4
-41.63,9,-14,-2
-41.63,9,-14,-2
-41.63,9,-14,-2
-41.63,9,-14,-2
-47.06,11,-8,-4
-41.63,9,-14,-2
-41.63,9,-14,-2
-41.63,9,-14,-2
-48.87,12,-6,-5
-51.585,13,-3,-5
-49.775,12,-5,-4
-48.87,12,-6,-3
-45.25,11,-10,-3
-48.87,12,-6,-3
-52.49,14,-2,-6
-45.25,11,-10,-4
-52.49,14,-2,-6
-41.63,10,-14,-2
-42.535,11,-13,-4
-44.345,12,-11,-4
-47.965,12,-7,-5
-47.965,12,-7,-5
-47.965,12,-7,-6
-47.965,12,-7,-5
-47.965,12,-7,-5
-47.965,12,-7,-5
-42.535,10,-13,-3
-42.535,10,-13,-3
-47.965,12,-7,-5
-46.155,11,-9,-4
-46.155,11,-9,-4
-48.87,11,-6,-5
-48.87,11,-6,-5
-46.155,11,-9,-4
-46.155,11,-9,-4
-46.155,11,-9,-4
-48.87,13,-6,-5
-48.87,13,-6,-6
-46.155,11,-9,-4
-47.965,11,-7,-4
-47.965,11,-7,-4
-47.06,11,-8,-3
-47.06,11,-8,-3
-44.345,10,-11,-2
-47.965,11,-7,-4
-47.06,11,-8,-3
-47.965,11,-7,-4
-47.965,11,-7,-4
-47.965,11,-7,-4
-45.25,10,-10,-2
-42.535,9,-13,-1
-42.535,9,-13,-1
-45.25,10,-10,-2
-45.25,10,-10,-2
-45.25,10,-10,-2
-45.25,10,-10,-2
-39.82,9,-16,0
-45.25,10,-10,-2
-45.25,10,-10,-2
-46.155,10,-9,-3
-45.25,10,-10,-2
-51.585,12,-3,-4
-51.585,12,-3,-4
-45.25,10,-10,-2
-45.25,10,-10,-1
-46.155,10,-9,-3
-46.155,10,-9,-3
-46.155,10,-9,-3
-46.155,10,-9,-3
-37.105,10,-19,-2
-36.2,9,-20,-2
-38.915,10,-17,-3
-38.915,10,-17,-3
-32.58,9,-24,-3
-39.82,10,-16,-4
-35.295,8,-21,-2
-34.39,7,-22,-1
-36.2,8,-20,-3
-34.39,8,-22,-1
-42.535,9,-13,-3
-42.535,9,-13,-2
-42.535,10,-13,-2
-44.345,9,-11,-2
-42.535,9,-13,-2
-44.345,9,-11,-2
-44.345,10,-11,-3
-42.535,10,-13,-2
-44.345,10,-11,-2
-44.345,10,-11,-3
-37.105,9,-19,-3
-35.295,8,-21,-1
-36.2,8,-20,-3
-37.105,9,-19,-3
-34.39,8,-22,-2
-34.39,8,-22,-1
-38.01,9,-18,-3
-37.105,9,-19,-3
-36.2,8,-20,-3
-36.2,8,-20,-2
-52.49,12,-2,-5
-46.155,11,-9,-4
-51.585,13,-3,-5
-52.49,12,-2,-5
-52.49,12,-2,-5
-52.49,12,-2,-5
-46.155,11,-9,-4
-47.965,11,-7,-4
-53.395,13,-1,-5
-46.155,11,-9,-4
-49.775,13,-5,-6
-49.775,12,-5,-4
-49.775,13,-5,-6
-49.775,12,-5,-4
-49.775,12,-5,-4
-48.87,12,-6,-5
-49.775,12,-5,-4
-49.775,12,-5,-4
-49.775,13,-5,-6
-49.775,13,-5,-6
-54.3,12,0,-3
-54.3,12,0,-3
-54.3,12,0,-3
-54.3,12,0,-3
-49.775,13,-5,-4
-54.3,12,0,-3
-54.3,12,0,-3
-54.3,12,0,-3
-54.3,12,0,-3
-54.3,12,0,-3
-40.725,10,-15,-5
-35.295,7,-21,-2
-40.725,9,-15,-5
-38.01,9,-18,-3
-38.915,9,-17,-4
-38.01,10,-18,-3
-38.915,9,-17,-3
-40.725,10,-15,-5
-38.915,9,-17,-4
-35.295,7,-21,-2
-38.01,9,-18,-2
-36.2,8,-20,-2
-36.2,8,-20,-1
-36.2,8,-20,-3
-36.2,8,-20,-2
-36.2,8,-20,-2
-42.535,11,-13,-3
-38.01,9,-18,-2
-38.01,9,-18,-2
-36.2,8,-20,-2
-44.345,10,-11,-4
-43.44,11,-12,-4
-43.44,11,-12,-4
-43.44,11,-12,-3
-43.44,9,-12,-3
-44.345,10,-11,-4
-44.345,10,-11,-3
-44.345,10,-11,-2
-43.44,9,-12,-3
-43.44,9,-12,-3
-49.775,12,-5,-5
-48.87,12,-6,-4
-48.87,11,-6,-4
-53.395,12,-1,-4
-49.775,12,-5,-5
-49.775,12,-5,-5
-48.87,11,-6,-4
-48.87,12,-6,-4
-49.775,12,-5,-5
-48.87,11,-6,-4
-51.585,12,-3,-4
-48.87,10,-6,-3
-48.87,10,-6,-3
-48.87,10,-6,-3
-48.87,10,-6,-3
-48.87,10,-6,-3
-48.87,10,-6,-3
-51.585,12,-3,-4
-48.87,10,-6,-3
-48.87,10,-6,-3
-48.87,11,-6,-4
-45.25,10,-10,-4
-46.155,10,-9,-1
-43.44,9,-12,-3
-47.965,11,-7,-4
-47.06,10,-8,-2
-47.06,10,-8,-2
-47.06,10,-8,-2
-47.06,10,-8,-2
-43.44,9,-12,-3
-46.155,10,-9,-1
-46.155,10,-9,-1
-46.155,10,-9,-1
-46.155,10,-9,-1
-46.155,10,-9,-2
-46.155,10,-9,-1
-42.535,11,-13,-4
-46.155,10,-9,-1
-46.155,10,-9,-1
-46.155,10,-9,-1
-41.63,9,-14,-3
-43.44,10,-12,-4
-41.63,9,-14,-3
-41.63,9,-14,-3
-43.44,10,-12,-4
-41.63,9,-14,-3
-43.44,10,-12,-4
-44.345,11,-11,-3
-41.63,9,-14,-3
-41.63,9,-14,-3
-46.155,11,-9,-3
-44.345,11,-11,-3
-46.155,11,-9,-2
-44.345,11,-11,-3
-44.345,11,-11,-4
-42.535,10,-13,-3
-46.155,10,-9,-3
-44.345,11,-11,-3
-45.25,11,-10,-3
-44.345,11,-11,-3
-49.775,11,-5,-4
-49.775,11,-5,-4
-49.775,12,-5,-6
-42.535,10,-13,-2
-49.775,12,-5,-5
-49.775,12,-5,-5
-47.965,11,-7,-4
-49.775,12,-5,-5
-49.775,11,-5,-4
-50.68,11,-4,-3
-47.06,10,-8,-3
-45.25,11,-10,-3
-47.06,10,-8,-3
-44.345,10,-11,-3
-46.155,10,-9,-4
-45.25,10,-10,-2
-47.06,10,-8,-3
-47.06,10,-8,-3
-47.06,10,-8,-3
-47.06,10,-8,-3
-42.535,10,-13,-1
-42.535,9,-13,-2
-39.82,8,-16,-2
-41.63,9,-14,-1
-38.915,8,-17,0
-39.82,8,-16,-2
-38.915,8,-17,0
-40.725,9,-15,-1
-42.535,10,-13,-1
-40.725,9,-15,-1
